12.8973
12.8973
15.0718
14.5281
10.0745
20.8729
17.8998
9.54912
11.1266
10.917
16.2801
10.0471
21.0427
10.8573
15.6352
23.1845
13.7292
10.573
9.64068
13.7219
20.6933
10.4834
9.5679
10.5338
13.7368
17.5884
17.6553
20.8589
20.809
15.1221
15.1857
29.96
20.655
17.457
9.41219
20.6593
29.7229
20.5074
20.4793
17.2769
26.908
29.373
14.577
33.9032
16.9777
15.2333
8.91337
20.2474
17.0396
20.2794
17.0692
8.96797
15.4369
17.1357
17.1771
15.509
17.2424
17.28
17.3163
15.5888
17.3728
17.406
17.4383
20.6759
20.657
14.8432
20.6476
17.4205
9.25438
17.4382
20.6777
14.8928
29.8212
20.608
17.3785
9.2258
20.6109
20.5958
17.365
29.7302
20.5528
20.5393
17.308
27.0146
29.5585
14.618
33.9444
20.3741
17.143
8.94256
15.3327
17.1784
17.2027
17.2266
17.25
15.4036
17.287
17.3091
17.3308
20.5768
22.6202
20.523
22.5368
22.4728
17.2045
17.2259
17.2469
17.2676
20.5153
20.5059
14.5598
20.5026
17.265
8.98504
15.3292
17.2888
15.3578
9.05444
20.5418
17.3026
14.6769
29.6527
20.5208
17.2812
9.04822
20.5241
20.5157
17.2756
9.05353
17.2868
20.5358
9.07212
17.2897
17.3058
20.5548
20.5467
10.2634
20.5545
10.2709
20.5621
18.4657
9.07092
12.958
17.2829
17.2978
20.5476
19.5845
17.2861
17.3007
20.5506
20.5433
20.5362
17.2931
17.3071
17.321
9.0941
20.5663
17.3226
20.5728
20.5659
18.4759
19.5708
17.2936
17.3068
17.3198
20.5704
17.3259
17.3386
17.3512
17.3636
17.3759
17.3881
17.4001
17.412
19.6425
18.5173
17.3964
17.408
20.6586
29.7974
20.6275
29.7487
29.7114
20.5733
17.3277
17.3393
9.39629
17.9507
20.584
20.5781
20.5724
17.3263
13.9256
17.3367
9.05688
17.9448
13.9522
20.5778
17.3312
17.3419
29.7123
9.05443
20.5679
17.3211
9.06637
17.3276
17.9404
13.9696
20.5738
17.3267
17.3369
17.3469
17.3568
13.9993
17.9693
20.603
20.5977
17.9535
13.9766
20.587
17.3394
17.3489
29.7316
9.07801
20.5779
17.3301
20.5825
17.3345
13.9784
17.3434
9.10348
20.5923
20.5875
27.0729
17.3206
20.5731
9.07616
17.3216
17.9352
13.9788
20.5694
17.3209
17.3297
29.7124
17.3205
20.5733
27.0509
29.6619
29.6348
20.5164
13.9019
29.6043
26.9396
17.2338
17.2425
20.4959
17.2472
29.5815
20.4839
17.2352
20.4887
26.9163
20.4685
29.5228
29.4979
29.4732
13.7751
20.4172
20.4137
17.1649
17.1735
14.3229
17.1879
14.5548
17.2045
29.5091
20.443
26.8411
17.1788
20.4327
29.4617
29.4386
17.1538
17.162
14.5287
17.1782
14.2726
14.5504
17.1998
17.2077
17.2156
20.4696
20.4662
20.4629
9.22626
20.4594
20.4562
17.8135
8.87281
20.447
13.6097
20.4438
20.4406
20.4375
20.4344
17.7918
20.4282
13.5867
17.1783
20.4326
20.4296
17.7871
8.85291
13.4044
20.418
34.0162
29.4027
34.019
29.3469
17.0952
20.3499
12.4656
20.338
20.3353
8.76092
14.4418
20.338
20.3354
20.3328
13.4946
20.3306
20.328
20.3255
20.323
34.0193
29.2623
34.022
29.2105
14.3637
20.2604
13.4983
20.2496
20.2474
8.66856
34.0172
34.0185
20.2015
29.1136
33.976
29.0644
20.1563
13.3959
20.1465
20.1446
20.1427
20.1409
33.9009
33.8703
28.9595
13.3238
20.0809
20.0792
20.0776
20.076
20.0744
8.48576
20.0716
13.2239
20.0709
20.0694
20.0678
20.0662
20.0647
20.0632
13.3007
20.0544
28.8929
10.3811
33.7671
33.7386
16.7626
20.0187
28.8368
20.0075
33.7001
33.6723
19.9698
28.7608
16.7099
19.9662
16.7158
19.9721
16.7217
16.7288
19.985
17.3487
16.7333
19.9895
13.1963
16.7323
19.9885
19.9873
16.7367
19.993
19.9918
19.1359
8.37374
19.9875
19.9863
19.1262
19.9832
19.982
16.7312
19.9875
19.9864
8.36889
16.7345
19.1319
16.7392
16.7457
16.7523
20.0086
16.7576
8.39758
20.0128
20.0116
16.7605
16.7669
16.7733
16.7797
20.0359
8.41736
20.0336
16.7824
20.0386
20.0374
16.7861
20.0424
20.0411
19.1877
20.038
8.41669
16.7855
28.8661
28.8528
20.0248
33.7203
28.8133
34.0532
28.7655
33.6357
26.0907
19.9448
33.5975
28.6909
28.6783
33.549
28.6427
19.8894
19.8886
19.8878
19.887
19.8862
28.622
33.4932
34.0691
33.4376
28.5318
33.4033
19.8044
33.3798
25.836
28.4626
28.451
19.767
19.7665
19.766
19.7655
19.765
16.5137
16.5199
16.5262
13.8908
19.7893
8.12262
19.7881
25.8304
33.3412
28.4362
34.0834
19.7389
28.3929
33.2658
33.245
28.3403
28.3294
14.8148
28.3254
19.6876
19.6872
28.3129
13.6751
28.3077
28.2971
19.6692
18.8634
16.4168
16.423
16.429
19.6863
13.7933
8.01241
19.6915
8.01832
28.3217
28.3114
28.301
34.087
33.146
28.2421
33.1164
25.5742
33.0869
19.6007
28.1826
28.1727
19.5879
19.5878
19.5877
19.5876
19.5875
19.5873
13.7159
28.1666
13.5682
19.5881
33.0463
19.5757
28.1424
19.5695
33.0171
28.1138
34.1015
32.9617
25.4203
32.9341
32.9159
28.013
19.4858
19.4859
28.0033
27.9942
19.4744
19.4745
13.439
14.5675
27.9968
32.8728
34.1081
32.8287
32.8112
27.9087
25.2616
32.7762
19.4013
27.8739
27.8652
19.3905
19.3908
19.391
19.3913
19.3915
32.742
25.2016
32.7166
19.3643
27.8146
27.8063
34.1223
32.6581
27.7562
27.748
14.3759
19.3201
32.6321
27.7303
25.1183
27.7142
27.7062
19.2892
27.6985
32.5759
19.274
27.6747
25.0286
27.659
32.5367
19.2491
27.6357
14.2879
27.6346
25.0231
27.6192
34.1351
32.4733
32.4577
19.1979
27.5571
27.5496
27.5421
15.9318
32.4289
32.4135
34.1416
27.4893
32.3677
27.4668
27.4596
19.131
27.4531
27.4459
19.1226
19.1233
15.8715
17.6167
19.1302
17.3947
19.127
27.4468
27.4397
15.8661
19.1245
19.1252
17.613
19.1262
17.3898
19.123
13.586
27.4474
27.4404
15.8664
19.1248
19.1254
17.613
19.1264
17.3906
19.1233
13.5868
27.448
27.4411
27.4343
19.115
19.1157
13.5756
17.6066
19.1207
15.8686
19.127
19.1277
15.8755
19.1339
19.1345
16.4937
16.4943
15.8836
15.8891
19.1474
15.8952
15.9006
7.39461
19.159
19.1596
7.40077
15.9073
27.5034
27.4968
19.1571
32.3771
19.1487
15.8963
15.9017
15.9071
15.9124
19.1707
7.40985
7.41622
19.1713
19.1719
19.1724
16.5315
19.1735
15.921
19.1793
7.61918
15.9276
19.1859
19.1864
15.9338
19.1921
19.1926
19.1931
19.1936
15.941
15.9462
15.9513
15.9564
19.2146
7.45645
19.215
7.46228
15.9624
27.5886
27.5822
19.2123
32.463
7.45332
19.2042
19.2047
19.2051
19.2056
19.2061
15.9534
19.2116
7.65558
19.2128
15.96
15.9649
19.2231
15.9703
15.9752
7.48398
19.2333
19.2338
27.6105
27.6042
27.598
15.9689
27.5988
32.4796
27.5797
32.4606
19.2025
24.923
34.1461
19.1864
32.4234
32.4108
13.2872
27.5182
27.5122
15.9142
27.5132
19.1686
19.1691
27.5083
34.1522
27.4834
32.3647
19.1416
24.8275
32.3471
32.3348
27.4354
27.4296
27.4238
19.1114
25.8039
19.1068
19.1073
19.1079
15.855
27.4203
27.4146
19.106
19.1066
19.1072
7.52808
15.855
19.1133
27.4212
21.4433
32.2939
19.0956
32.2827
24.7453
27.378
19.0814
24.8688
15.8236
26.8216
27.3671
27.3616
27.3561
19.0673
19.068
12.0284
19.0692
19.0698
19.0704
19.071
27.3555
27.3501
34.1644
27.3271
32.2092
32.1978
24.6607
32.1811
27.2823
27.277
27.2718
18.7445
19.0062
25.6305
19.0021
27.2516
32.134
32.1228
34.1658
32.0946
27.196
27.1909
32.0734
27.1749
27.1698
18.9464
27.1657
25.5254
15.6855
21.1741
32.0405
27.142
27.137
15.6704
18.9289
18.9297
18.9305
27.1416
32.0244
34.1707
27.1095
27.1046
31.9874
31.9768
24.4402
31.9614
27.0631
18.5287
27.0492
25.4079
18.8623
27.0393
18.8602
27.0356
15.604
27.0377
31.9207
34.1728
31.8943
26.9962
26.9916
31.8747
24.3384
31.8599
26.9619
18.425
25.3091
26.9425
18.7962
26.9391
18.7942
20.9435
26.9282
18.7864
31.8127
26.9148
31.7982
34.1726
24.2466
31.7683
18.7519
31.7595
18.7464
26.8629
26.8586
26.8543
18.739
18.74
12.857
15.4913
26.8657
26.8614
18.7446
18.7455
15.4922
18.751
18.7519
7.14478
16.1499
18.7524
24.2333
31.7553
26.8576
34.1777
25.1894
31.7207
26.8231
31.7069
26.8093
20.8049
15.4501
31.6927
18.7027
25.1485
15.4454
15.4499
16.0672
18.7096
15.4562
34.1786
31.6863
34.1794
34.1798
31.6423
34.1806
34.181
34.1814
28.9458
15.3777
18.6366
15.3832
26.7011
18.6396
26.6985
15.3837
6.83665
16.0016
6.84238
34.178
34.1784
31.5669
34.1792
34.1796
18.5976
15.3442
18.6031
15.3497
28.9017
15.3482
18.6071
6.805
15.9671
15.3552
18.614
15.9736
15.3616
6.81945
15.3664
15.3708
34.1783
34.1787
34.1791
31.5264
28.8793
18.5872
26.6218
15.3314
15.3358
18.5947
26.6322
15.3388
6.79417
15.9579
34.1798
34.1802
34.1805
15.3142
34.1813
28.8352
15.304
26.5828
18.5606
15.307
26.5869
18.5637
6.75924
18.5652
15.3116
6.76864
15.3164
15.3207
