10
8.77443
10
10
9.85943
9.85943
4.92228
10
9.44495
0
9.927
10
3.89952
3.89952
7.5445
7.5445
10
0
10
3.79119
4.00336
10
10
10
6.82447
3.79119
3.79119
3.79119
10
10
10
10
10
7.5445
8.76728
7.5445
3.79119
9.42447
4.77483e-14
0
10
0
10
2.06078
9.42447
9.42447
10
9.42447
4.68248
4.68248
10
0.960279
7.5466
10
10
5.68031
5.68031
10
10
10
10
4.24836
4.24836
10
10
10
10
10
0
10
0
10
4.72014
10
10
10
10
10
5.85161
10
10
10
5.85161
10
10
10
0
10
0
10
2.17333
10
10
10
10
10
10
10
10
10
0.506248
0.506248
0.506248
0.506248
10
10
10
10
9.41896
10
10
10
10
10
10
10
10
10
10
10
10
10
10
3.12
10
10
10
5.59279
4.99124
10
10
10
4.42903
10
10
10
10
6.45018
5.59279
10
10
10
10
6.33554
6.33554
6.33554
6.33554
10
10
10
10
10
6.99915
10
10
6.33554
10
6.33554
10
10
10
10
6.99915
10
6.99915
6.99915
3.59322
10
10
3.59322
3.59322
10
10
6.99915
6.99915
10
10
3.59322
3.59322
6.33554
10
10
10
2.60067
2.60067
10
10
6.33554
6.33554
3.34918
10
10
10
10
10
10
10
10
4.51366
4.51366
9.53333
10
0
10
10
10
3.10579
3.10579
10
10
4.99166
10
0
10
10
4.99166
10
8.29264
10
10
0.584732
5.7226
10
10
8.4811
10
5.63487
10
10
10
10
10
10
10
10
10
10
10
5.63487
5.63487
5.63487
5.63487
5.63487
5.63487
5.63487
5.63487
5.63487
5.63487
5.63487
7.28301
10
10
10
10
9.95833
10
0.455682
0
0.455682
10
10
10
10
10
10
0
10
10
10
5.63487
10
10
10
5.63487
10
5.63487
10
0
0
0
10
10
10
10
10
10
10
10
10
4.02562
10
7.61757
10
10
5.63487
10
0
10
10
10
10
10
10
10
4.02562
10
4.02562
4.02562
10
10
10
3.30056
3.30056
3.30056
3.30056
3.30056
3.30056
3.30056
10
10
0.45
3.30056
3.30056
3.30056
3.30056
8.10505
3.30056
10
10
10
10
10
10
10
10
10
2.38994
2.38994
0.26
2.38994
2.38994
7.77116
7.77116
10
3.30056
10
10
8.65757
8.65757
3.30056
7.77116
7.77116
10
10
3.30056
10
0.26
7.77116
0
3.30056
10
10
0.26
0.26
0
7.77116
3.30056
3.30056
7.77116
10
3.30056
10
10
10
3.30056
0
3.30056
0
3.30056
3.30056
10
10
0
0
3.30056
10
0
3.30056
10
3.30056
0
10
0
3.30056
3.30056
10
10
0
0
3.30056
3.30056
10
10
0
0
3.30056
3.30056
10
10
0
3.30056
0
3.30056
10
0
10
3.30056
0
3.30056
10
0
10
3.30056
0
10
3.30056
0
10
3.30056
0
3.30056
10
10
0
3.30056
0
3.30056
10
10
0
0
3.30056
3.30056
10
0
10
3.30056
0
3.30056
10
10
0
0
3.30056
3.30056
10
0
3.30056
10
10
0
0
3.30056
3.30056
10
10
0
0
3.30056
10
3.30056
0
10
3.30056
0
10
3.30056
10
0
0
3.30056
10
3.30056
0
3.30056
10
10
0
0
3.30056
10
3.30056
0
10
0
3.30056
3.30056
10
0
10
3.30056
0
10
3.30056
0
10
0
3.30056
10
0
3.30056
10
3.30056
10
0
0
3.30056
3.30056
10
10
0
3.30056
0
3.30056
10
10
0
0
3.30056
3.30056
10
10
0
3.30056
0
3.30056
10
10
0
0
3.30056
10
3.30056
0
10
3.30056
10
0
0
3.30056
10
3.30056
0
3.30056
10
10
0
0
3.30056
10
0
3.30056
3.30056
10
0
3.30056
10
10
0
0
3.30056
3.30056
10
0
10
3.30056
0
10
3.30056
10
0
0
3.30056
3.30056
10
0
10
3.30056
10
0
0
3.30056
3.30056
10
0
10
3.30056
10
0
3.30056
0
3.30056
10
0
0
0
0
0
0
3.30056
10
0
10
0
1.63696
10
1.63696
0
10
0
1.63696
1.63696
10
0
10
1.63696
10
10
10
0
0
1.63696
1.63696
1.63696
10
10
0
0
1.63696
1.63696
10
10
0
0
1.63696
1.63696
10
0
10
0
1.63696
1.63696
10
0
10
1.63696
0
10
1.63696
10
0
0
1.63696
1.63696
10
10
0
1.63696
10
0
0
1.63696
10
1.63696
0
10
1.63696
10
0
0
1.63696
1.63696
10
10
0
0
1.63696
1.63696
10
10
0
0
1.63696
1.63696
10
10
0
1.63696
0
10
1.63696
0
10
1.63696
10
0
1.63696
0
1.63696
10
10
0
0
1.63696
10
1.63696
10
0
0
1.63696
1.63696
10
10
0
0
1.63696
10
1.63696
0
1.63696
10
10
0
1.63696
0
10
1.63696
0
10
1.63696
0
10
1.63696
0
10
1.63696
0
1.63696
10
0
10
0
1.63696
1.63696
10
0
10
1.63696
10
1.63696
0
0
1.63696
1.63696
10
0
10
1.63696
0
10
0
1.63696
10
0
1.63696
10
1.63696
10
0
0
1.63696
10
1.63696
0
10
1.63696
0
1.63696
10
0
10
1.63696
0
10
1.63696
0
10
1.63696
0
1.63696
10
10
0
0
1.63696
10
1.63696
10
0
0
1.63696
1.63696
10
10
0
1.63696
0
1.63696
10
10
0
0
1.63696
1.63696
10
10
0
1.63696
0
10
0
1.63696
10
0
1.63696
1.63696
10
10
0
1.63696
0
1.63696
10
0
1.63696
10
0
10
0
1.63696
1.63696
10
10
0
0
1.63696
1.63696
10
10
0
1.63696
10
0
1.63696
10
0
0
1.63696
1.63696
10
10
0
0
1.63696
1.63696
10
10
0
0
1.63696
1.63696
10
10
0
0
1.63696
10
1.63696
0
10
0
1.63696
1.63696
10
10
0
0
1.63696
1.63696
10
10
0
0
1.63696
1.63696
10
0
10
1.63696
0
10
0
1.63696
1.63696
10
10
0
1.63696
0
10
1.63696
0
10
0
1.63696
1.63696
10
10
0
0
1.63696
1.63696
10
0
10
1.63696
0
10
1.63696
10
0
0
1.63696
1.63696
10
10
0
1.63696
0
1.63696
10
10
0
0
1.63696
1.63696
10
0
1.63696
10
10
0
0
1.63696
1.63696
10
0
10
1.63696
0
1.63696
10
0
1.63696
10
10
0
0
1.63696
1.63696
10
10
0
1.63696
0
10
1.63696
0
10
1.63696
0
10
0
1.63696
10
1.63696
0
10
0
1.63696
1.63696
10
10
0
1.63696
0
1.63696
10
10
0
0
1.63696
10
1.63696
10
0
1.63696
0
10
0
1.63696
1.63696
10
10
0
1.63696
0
10
0
1.63696
10
1.63696
0
1.63696
10
10
0
1.63696
0
10
1.63696
10
0
0
1.63696
1.63696
10
10
0
1.63696
0
1.63696
10
10
0
1.63696
0
1.63696
10
0
1.63696
10
10
0
0
1.63696
1.63696
10
10
0
0
1.63696
10
0
1.63696
10
1.63696
10
0
0
1.63696
1.63696
10
10
0
1.63696
10
0
1.63696
10
0
1.63696
0
10
0
1.63696
1.63696
10
0
10
0
1.63696
10
0
1.63696
10
1.63696
0
10
0
1.63696
10
1.63696
0
1.63696
10
0
1.63696
10
10
0
0
1.63696
1.63696
10
0
10
1.63696
10
0
1.63696
0
10
1.63696
0
1.63696
10
10
0
0
1.63696
1.63696
10
10
0
1.63696
0
10
0
1.63696
1.63696
10
10
0
0
1.63696
1.63696
10
10
0
0
1.63696
1.63696
10
10
0
0
1.63696
10
0
1.63696
10
1.63696
10
0
0
1.63696
1.63696
10
10
0
1.63696
10
0
0
1.63696
1.63696
10
10
0
0
1.63696
1.63696
10
10
0
0
1.63696
10
1.63696
10
0
1.63696
0
10
0
1.63696
1.63696
10
0
10
0
1.63696
1.63696
10
0
10
0
1.63696
1.63696
10
0
1.63696
10
10
0
0
1.63696
1.63696
10
0
10
0
1.63696
1.63696
10
0
10
1.63696
0
1.63696
10
10
0
0
1.63696
1.63696
10
10
0
0
1.63696
1.63696
10
0
10
1.63696
10
0
1.63696
0
10
0
1.63696
1.63696
10
10
0
0
1.63696
10
1.63696
0
10
1.63696
0
10
1.63696
0
10
1.63696
10
0
0
1.63696
1.63696
10
0
10
0
1.63696
1.63696
10
0
10
0
1.63696
1.63696
10
10
0
0
1.63696
1.63696
10
10
0
0
1.63696
1.63696
10
10
0
1.63696
0
1.63696
10
10
0
0
1.63696
1.63696
10
10
0
0
0
1.63696
1.63696
10
10
0
0
0.680641
0.680641
10
10
0
0.680641
10
0
0
0.680641
10
0
0.680641
10
0.680641
0
0.680641
10
10
0
0
0.680641
0.680641
10
10
10
0
5.46
0.680641
10
0
0
0.680641
0.680641
10
10
0
0
0.680641
10
0
0.680641
0.680641
10
10
0
0.680641
0
10
0.680641
0
10
0.680641
0
10
0.680641
0
10
0.680641
0
10
0.680641
0
0.680641
10
10
0
0
0.680641
0.680641
10
10
0
0
0.680641
0.680641
10
10
0
0.680641
0
0.680641
10
10
0
0
0.680641
10
0.680641
0
10
0.680641
10
0
0
0.680641
0.680641
10
10
0
0.680641
0
0.680641
10
10
0
0
0.680641
10
0.680641
0
0.680641
10
0
10
0.680641
0
0.680641
10
0
10
0
0.680641
0.680641
10
10
0
0
0.680641
0.680641
10
10
0
0
0.680641
0.680641
10
10
0
0
0.680641
0.680641
10
0
10
0.680641
0
0.680641
10
0
10
0
0.680641
0.680641
10
0
10
0.680641
0
10
0
0.680641
10
0
0.680641
10
0.680641
0
10
0
0.680641
10
0
0.680641
10
0.680641
10
0
0
0.680641
10
0.680641
0
10
0.680641
10
0
0
0.680641
0.680641
10
10
0
0
0.680641
10
0.680641
0
10
0.680641
10
0
0
0.680641
0.680641
10
10
0
0.680641
0
10
0.680641
0
0.680641
10
10
0
0.680641
0
10
0
0.680641
10
0.680641
0
0.680641
10
0
10
0.680641
0
10
0.680641
0
0.680641
10
0
10
0.680641
10
0
0
0.680641
0.680641
10
0
10
0.680641
0
10
0.680641
0
10
0.680641
0
10
0.680641
0
0.680641
10
0
10
0
0.680641
0.680641
10
0
10
0.680641
0
10
0.680641
0
10
0
0.680641
10
0.680641
0
10
0
0.680641
10
0.680641
10
0
0
0.680641
10
0
0.680641
10
0.680641
0
10
0.680641
0
10
0
0.680641
0.680641
10
10
0
0.680641
0
10
0.680641
0
0.680641
10
10
0
0
0.680641
0.680641
10
10
0
0
0.680641
0.680641
10
10
0
0
0.680641
0.680641
10
10
0
0.680641
0
0.680641
10
10
0
0.680641
0
10
0.680641
0
10
0.680641
10
0
0
0.680641
0.680641
10
10
0
0
0.680641
0.680641
10
10
0
0
0.680641
10
0.680641
10
0
0
0.680641
0.680641
10
10
0
0
0.680641
10
0
0.680641
10
0.680641
10
0
0
0.680641
0.680641
10
10
0
0.680641
0
0.680641
10
10
0
0
0.680641
10
0.680641
10
0
0
0.680641
0.680641
10
10
0
0.680641
0
10
0
0.680641
10
0.680641
0
10
0.680641
0
10
0.680641
10
0
0.680641
0
0.680641
10
0
10
0
0.680641
0.680641
10
0
10
0
0.680641
0.680641
10
10
0
0
0.680641
0.680641
10
10
0
0.680641
0
10
0.680641
10
0
0
0.680641
0.680641
10
10
0
0
0.680641
10
0.680641
10
0
0
0.680641
0.680641
10
10
0
0.680641
0
10
0
0.680641
0.680641
10
10
0
0
0.680641
0.680641
10
10
0
0.680641
0
10
0.680641
10
0
0
0.680641
0.680641
10
0
10
0
0.680641
0.680641
10
10
0
0
0.680641
10
0.680641
0
0.680641
10
0
10
0.680641
0
0.680641
10
0
10
0
0.680641
10
0
0.680641
0.680641
10
0
10
0
0.680641
10
0.680641
0
10
0.680641
0
10
0.680641
10
0
0.680641
10
0
0
0.680641
0.680641
10
10
0
0
0.680641
0.680641
10
0
10
0
0.680641
0.680641
10
10
0
0.680641
0
10
0.680641
0
0.680641
10
10
0
0.680641
10
0
0
0.680641
0.680641
10
0
10
0.680641
10
0
0
0.680641
10
0.680641
0
10
0.680641
10
0
0
0.680641
10
0.680641
0
10
0
0.680641
0.680641
10
0
10
0.680641
10
0
0
0.680641
10
0.680641
10
0
0
0.680641
0.680641
10
10
0
0.680641
10
0
0
0.680641
0.680641
10
10
0
0.680641
10
0
0.680641
10
0
0.680641
0
10
0.680641
0
10
0
0.680641
0.680641
10
10
0
0
0.680641
0.680641
10
0
10
0.680641
0
0.680641
10
10
0
0.680641
10
0
0.680641
0
0.680641
10
10
0
0
0.680641
0.680641
10
10
0
0
0.680641
0.680641
10
0
10
0.680641
0
10
0
0.680641
0.680641
10
10
0
0
0.680641
0.680641
10
0
10
0
0.680641
0.680641
10
0
10
0.680641
10
0
0
0.680641
0.680641
10
10
0
0.680641
0
10
0
0.680641
0.680641
10
10
0
0
0.45
0.45
10
10
0
0.45
0
10
0
0.45
0.45
10
10
0
0.45
0
0.45
10
10
0
0.45
0
10
0.45
0
10
0
0.45
10
0.45
10
0
0.45
10
0
0.45
0
10
0.45
0
10
0
0.45
0.45
10
0
10
0.45
10
0
0
0.45
0.45
10
0
10
0.45
0
10
0.45
0
10
0.45
0
10
0.45
0
0.45
10
10
0
0
0.45
10
0.45
0
0.45
10
10
0
0
0.45
0.45
10
0
10
0.45
0
10
0.45
10
0
0.45
0
10
0
0.45
0.45
10
10
0
0
0.45
0.45
10
10
0
0.45
0
10
0
0.45
10
0.45
0
10
0
0.45
0.45
10
0
10
0.45
0
10
0.45
0
10
0
0.45
0.45
10
0
10
0.45
10
0
0
0.45
10
0
0.45
0.45
10
10
0
0
0.45
0.45
10
10
0
0.45
0
0.45
10
0
10
0.45
0
10
0.45
0
10
0.45
0
10
0.45
10
0
0
0.45
0.45
10
0
0.45
10
0
10
0.45
0
0.45
10
10
0
0
0.45
0.45
10
10
0
0
0.45
0.45
10
0
10
0
0.45
0.45
10
10
0
0.45
0
10
0.45
0
10
0.45
0
0.45
10
10
0
0.45
0
10
0.45
0
10
0.45
0
10
0.45
0
10
0
0.45
0.45
10
10
0
0
0.45
0.45
10
0
0.45
10
0
10
0.45
0
10
0.45
0
10
0.45
0
10
0.45
10
0
0
0.45
10
0.45
10
0
0
0.45
0.45
10
10
0
0.45
0
10
0.45
0
10
0.45
10
0
0
0.45
0.45
10
10
0
0
0.45
0.45
10
10
0
0
0.45
0.45
10
10
0
0
0.45
10
0.45
0
0.45
10
10
0
0
0.45
0.45
10
10
0
0.45
0
10
0
0.45
10
0.45
10
0
0
0.45
0.45
10
10
0
0
0.45
0.45
10
10
0
0
0.45
0.45
10
0
0.45
10
10
0
0.45
0
10
0.45
10
0
0.45
0
10
0
0.45
0.45
10
0
10
0.45
0
10
0.45
0
10
0.45
0
10
0.45
0
0.45
10
10
0
0.45
0
0.45
10
0
10
0
0.45
0.45
10
10
0
0.45
0
10
0.45
0
10
0.45
0
10
0
0.45
10
0
0.45
0.45
10
10
0
0
0.45
0.45
10
10
0
0.45
0
10
0.45
0
10
0
0.45
0.45
10
0
10
0.45
0
10
0
0.45
0.45
10
10
0
0
0.45
0.45
10
10
0
0.45
0
10
0.45
0
0.45
10
10
0
0
0.45
0.45
10
10
0
0
0.45
0.45
10
0
0.45
10
0
10
0
0.45
10
0.45
10
0
0.45
0
0.45
10
10
0
0.45
0
10
0.45
0
10
0
0.45
0.45
10
0
10
0
0.45
0.45
10
10
0
0
0.45
0.45
10
10
0
0
0.45
0.45
10
0
0.45
10
0
10
0.45
10
0
0.45
0
10
0.45
0
0.45
10
10
0
0
0.45
10
0.45
10
0
0
0.45
0.45
10
10
0
0.45
0
10
0
0.45
0.45
10
10
0
0.45
10
0
0
0.45
10
0.45
0
0.45
10
10
0
0
0.45
0.45
10
10
0
0
0.45
0.45
10
0
10
0.45
0
0.45
10
10
0
0
0.45
0.45
10
0
10
0
0.45
0.45
10
10
0
0
0.45
0.45
10
10
0
0.45
0
10
0.45
10
0
0.45
0
0.45
10
0
0.45
10
0
10
0.45
10
0
0
0.45
0.45
10
0
10
0.45
10
0
0.45
0
0.45
10
10
0
0.45
0
0.45
10
10
0
0.45
0
10
0.45
0
10
0.45
0
10
0.45
0
10
0.45
0
10
0.45
0
0.45
10
10
0
0
8.47547
0.45
10
0
0
0.45
10
0
0.45
10
0
0.45
10
0
0.45
10
0
0.45
10
0
0.45
10
0
0.45
10
0
0.45
10
0
0.45
10
0
0.45
10
0
0.45
10
0
4.77483e-14
10
0
4.77483e-14
10
0
4.77483e-14
10
0
4.77483e-14
10
0
4.77483e-14
10
10
10
0
10
4.77483e-14
10
0
4.77483e-14
10
0
4.77483e-14
10
0
4.77483e-14
10
0
4.77483e-14
10
0
4.77483e-14
10
0
4.77483e-14
10
0
4.77483e-14
10
0
4.77483e-14
10
0
4.77483e-14
10
0
4.77483e-14
10
0
4.77483e-14
10
0
4.77483e-14
10
0
4.77483e-14
10
0
4.77483e-14
10
0
4.77483e-14
10
0
4.77483e-14
10
0
4.77483e-14
10
0
4.77483e-14
10
0
4.77483e-14
10
0
4.77483e-14
10
0
4.77483e-14
10
0
4.77483e-14
10
0
4.77483e-14
10
0
4.77483e-14
10
0
4.77483e-14
10
0
4.77483e-14
10
0
4.77483e-14
10
0
4.77483e-14
10
0
4.77483e-14
10
0
4.77483e-14
10
0
4.77483e-14
10
0
4.77483e-14
10
0
4.77483e-14
10
0
4.77483e-14
10
0
4.77483e-14
10
0
4.77483e-14
10
0
4.77483e-14
10
0
4.77483e-14
10
0
4.77483e-14
10
0
4.77483e-14
10
0
4.77483e-14
10
0
4.77483e-14
10
0
4.77483e-14
10
0
4.77483e-14
10
0
4.77483e-14
10
0
4.77483e-14
10
0
4.77483e-14
10
0
4.77483e-14
10
0
4.77483e-14
10
0
4.77483e-14
10
0
4.77483e-14
10
0
4.77483e-14
10
0
4.77483e-14
10
0
4.77483e-14
10
0
4.77483e-14
10
0
4.77483e-14
10
0
4.77483e-14
10
0
4.77483e-14
10
0
4.77483e-14
10
0
4.77483e-14
10
0
4.77483e-14
10
0
4.77483e-14
10
0
4.77483e-14
10
0
4.77483e-14
10
0
4.77483e-14
10
0
4.77483e-14
10
0
4.77483e-14
10
0
4.77483e-14
10
0
4.77483e-14
10
0
4.77483e-14
10
0
4.77483e-14
10
0
4.77483e-14
10
0
4.77483e-14
10
0
4.77483e-14
10
0
4.77483e-14
10
0
4.77483e-14
10
0
4.77483e-14
10
0
4.77483e-14
10
0
4.77483e-14
10
0
4.77483e-14
10
0
4.77483e-14
10
0
4.77483e-14
10
0
4.77483e-14
10
0
4.77483e-14
10
0
4.77483e-14
10
0
4.77483e-14
10
0
4.77483e-14
10
0
4.77483e-14
10
0
4.77483e-14
10
0
4.77483e-14
10
0
4.77483e-14
10
0
4.77483e-14
10
0
4.77483e-14
10
0
4.77483e-14
10
0
4.77483e-14
10
0
4.77483e-14
10
0
4.77483e-14
10
0
4.77483e-14
10
0
4.77483e-14
10
0
4.77483e-14
10
0
4.77483e-14
10
0
4.77483e-14
10
0
4.77483e-14
10
0
4.77483e-14
10
0
4.77483e-14
10
0
4.77483e-14
10
0
4.77483e-14
10
0
4.77483e-14
10
0
4.77483e-14
10
0
4.77483e-14
0
10
10
10
10
0
4.77483e-14
10
10
0
0
10
4.77483e-14
10
10
10
10
0
6.19369
10
4.77483e-14
10
10
0
0
4.77483e-14
10
10
0
0
10
10
0
0
0
4.77483e-14
10
0
4.77483e-14
10
0
4.77483e-14
10
0
4.77483e-14
10
0
4.77483e-14
10
0
4.77483e-14
10
0
4.77483e-14
10
0
4.77483e-14
10
0
4.77483e-14
10
0
4.77483e-14
10
0
4.77483e-14
10
0
4.77483e-14
10
0
4.77483e-14
10
0
4.77483e-14
10
0
4.77483e-14
10
0
4.77483e-14
10
0
4.77483e-14
10
0
4.77483e-14
10
0
4.77483e-14
10
0
4.77483e-14
10
0
4.77483e-14
10
0
4.77483e-14
10
0
4.77483e-14
10
0
4.77483e-14
10
0
4.77483e-14
10
0
4.77483e-14
10
0
4.77483e-14
10
0
4.77483e-14
10
0
4.77483e-14
10
0
4.77483e-14
10
0
4.77483e-14
10
0
4.77483e-14
10
0
4.77483e-14
10
0
4.77483e-14
10
0
4.77483e-14
10
0
4.77483e-14
10
0
4.77483e-14
10
0
4.77483e-14
10
0
4.77483e-14
10
0
4.77483e-14
10
0
4.77483e-14
10
0
4.77483e-14
10
0
4.77483e-14
10
0
4.77483e-14
10
0
4.77483e-14
10
0
4.77483e-14
10
0
4.77483e-14
10
0
4.77483e-14
10
0
4.77483e-14
10
0
4.77483e-14
10
0
4.77483e-14
10
0
4.77483e-14
10
0
4.77483e-14
10
0
4.77483e-14
10
0
4.77483e-14
10
0
4.77483e-14
10
0
4.77483e-14
10
0
4.77483e-14
10
0
4.77483e-14
10
0
4.77483e-14
10
0
4.77483e-14
10
0
4.77483e-14
10
0
4.77483e-14
10
0
4.77483e-14
10
0
4.77483e-14
10
0
4.77483e-14
10
0
4.77483e-14
10
0
4.77483e-14
10
0
4.77483e-14
10
0
4.77483e-14
10
0
4.77483e-14
10
0
4.77483e-14
10
0
4.77483e-14
10
0
4.77483e-14
10
0
4.77483e-14
10
0
4.77483e-14
10
0
4.77483e-14
10
0
4.77483e-14
10
0
4.77483e-14
10
0
4.77483e-14
10
0
4.77483e-14
10
0
4.77483e-14
10
0
4.77483e-14
10
0
4.77483e-14
10
0
4.77483e-14
10
0
4.77483e-14
10
0
4.77483e-14
10
0
4.77483e-14
10
0
4.77483e-14
10
0
4.77483e-14
10
0
4.77483e-14
10
0
4.77483e-14
10
0
4.77483e-14
10
0
4.77483e-14
10
0
4.77483e-14
10
0
4.77483e-14
10
0
4.77483e-14
10
0
4.77483e-14
10
0
4.77483e-14
10
0
4.77483e-14
10
0
4.77483e-14
10
0
4.77483e-14
10
0
4.77483e-14
10
0
4.77483e-14
10
0
4.77483e-14
10
0
4.77483e-14
10
0
4.77483e-14
10
0
4.77483e-14
10
0
4.77483e-14
10
0
4.77483e-14
10
0
4.77483e-14
10
0
4.77483e-14
10
0
4.77483e-14
10
0
4.77483e-14
10
0
4.77483e-14
10
0
4.77483e-14
10
0
4.77483e-14
10
0
4.77483e-14
10
0
4.77483e-14
10
0
4.77483e-14
10
0
4.77483e-14
10
0
4.77483e-14
10
0
4.77483e-14
10
0
4.77483e-14
10
0
4.77483e-14
10
0
4.77483e-14
10
7.34921
0
10
10
10
4.77483e-14
4.77483e-14
10
0
0
0
0
0
0
0
4.77483e-14
0
0
0
0
0
10
0
4.77483e-14
10
0
4.77483e-14
4.77483e-14
10
10
0.97
10
4.77483e-14
4.67775
10
10
10
10
0
4.77483e-14
1.69449
0.97
4.38776
10
4.38776
10
0.97
10
0.97
10
10
10
4.45802
0.97
4.45802
4.67775
10
4.45802
4.67775
4.67775
10
10
10
10
10
10
10
0.97
0.97
10
10
4.67775
0
0
4.38776
4.38776
4.77483e-14
4.38776
4.77483e-14
4.38776
4.67775
4.77483e-14
4.77483e-14
4.67775
10
10
10
10
3.16167
10
10
10
4.67775
0.45
4.67775
4.67775
4.67775
4.67775
10
4.67775
4.67775
4.67775
10
10
10
10
10
10
10
10
1.54659
10
10
10
10
10
0
10
10
10
3.57
3.57
3.57
3.57
3.57
3.57
3.57
3.57
3.57
3.57
3.57
2.19513
10
2.19513
10
10
2.19513
2.19513
10
10
2.19513
10
2.19513
4.77483e-14
10
10
10
10
10
10
3.57
10
3.57
10
10
3.57
3.57
3.57
3.57
3.57
10
3.57
3.57
10
0.737137
10
6.83002
0.737137
10
5.48691
5.48691
10
3.57
10
10
3.57
10
10
10
10
0
0
0
0
10
0
10
10
0
0
10
0.737137
5.48691
10
0
10
10
4.77483e-14
2.58287
2.58287
10
10
2.19513
10
2.19513
10
10
10
10
10
3.93776
10
10
10
10
10
10
10
10
10
10
10
10
10
10
10
1.54659
1.54659
1.54659
10
1.54659
1.54659
1.54659
1.54659
1.54659
1.54659
10
10
10
10
10
10
10
0.636172
10
10
10
0.636172
10
10
10
10
10
10
0.636172
10
0.636172
10
10
0
10
10
10
10
10
10
10
10
10
10
10
10
10
10
2.83221
10
10
6.35818
7.3792
0.45
10
10
4.77483e-14
4.77483e-14
0.636172
5.75776
0
5.75776
10
5.75776
4.77483e-14
4.77483e-14
10
0.636172
0.636172
4.77483e-14
0.636172
4.77483e-14
0.636172
10
4.77483e-14
0.636172
4.77483e-14
0.636172
10
10
9.43002
10
10
7.0037
10
9.43002
7.0037
7.0037
10
7.0037
10
7.0037
10
10
10
10
10
7.26349
7.26349
10
10
7.26349
7.26349
10
7.26349
0
0
0
0
0
10
7.7401
10
10
10
10
10
10
10
10
7.7401
7.7401
7.7401
7.7401
7.7401
7.7401
2.83221
10
2.83221
10
2.83221
1.19577
7.12477
7.12477
10
10
10
2.83221
2.83221
10
7.12477
2.83221
10
2.83221
2.83221
2.83221
2.83221
2.83221
10
10
10
10
4.77483e-14
4.77483e-14
0.963798
0.45
4.60656
4.60656
4.60656
0.45
4.60656
4.60656
6.5
5.00591
9.4565
10
10
2.49507
10
10
10
9.4565
9.4565
9.4565
2.49507
0
2.49507
8.35776
0
4.60656
4.77483e-14
0.45
10
10
10
10
10
10
9.28581
10
10
0.45
10
5.57428
10
10
5.81799
10
5.81799
10
10
10
10
2.49507
10
10
10
10
10
10
6.5
4.60656
0
10
9.72477
10
2.49507
10
10
10
10
9.12406
9.12406
10
4.78548
4.78548
0
6.48265
0
10
10
10
10
10
10
10
10
10
10
10
10
10
10
10
10
10
10
10
10
10
10
10
10
10
10
10
10
10
10
10
10
10
10
9.1
4.18847
4.18847
10
10
10
10
10
10
10
10
1.22211e-14
10
10
10
10
10
10
10
1.22211e-14
10
6.33592
10
10
10
4.77483e-14
0
0
0
0
7.1419
0
0
0
10
10
10
10
10
10
10
10
10
10
9.4624
0.45
10
3.84972
4.77483e-14
10
10
10
10
10
10
10
6.4879
10
10
0
0
0
10
0
0
0
0
4.77483e-14
4.77483e-14
4.77483e-14
7.70384
0
0
4.77483e-14
10
10
10
10
10
10
10
0
0
10
0
0
10
0
10
10
10
10
10
10
10
10
10
10
10
10
10
10
4.77483e-14
4.77483e-14
4.77483e-14
4.77483e-14
4.77483e-14
9.87404
9.87404
9.87404
9.87404
4.77483e-14
4.77483e-14
4.77483e-14
4.77483e-14
9.87404
4.77483e-14
10
10
0
0
10
0
0
0
0
0
10
10
0
10
10
10
10
10
10
0
0
10
0
10
10
8.57834
10
10
1.22211e-14
10
1.22211e-14
0
1.22211e-14
1.22211e-14
1.22211e-14
1.22211e-14
1.22211e-14
1.22211e-14
1.22211e-14
10
4.77483e-14
10
4.77483e-14
1.22211e-14
4.62395
4.62395
10
10
10
10
10
1.22211e-14
1.22211e-14
10
10
0
0
0
0
0
0
0
0
5.71155
4.77483e-14
0
0
0
0
0
5.71155
0
5.71155
5.71155
5.71155
0
5.71155
0
5.71155
5.71155
5.71155
5.71155
3.35908
1.22211e-14
0
4.2129
4.77483e-14
4.77483e-14
0
10
10
10
10
10
10
10
10
10
10
10
10
10
1.22211e-14
10
10
10
0
0
10
0
0
10
10
10
10
10
10
10
10
10
10
10
10
10
10
10
10
10
10
10
10
10
10
9.94587
10
10
10
10
10
10
9.82299
9.82299
9.82299
10
9.82299
10
9.82299
9.82299
10
9.82299
9.94587
9.82299
10
9.82299
10
10
10
10
10
10
10
10
10
10
10
0
4.77483e-14
0
4.77483e-14
4.77483e-14
4.77483e-14
4.77483e-14
4.77483e-14
4.77483e-14
4.77483e-14
4.77483e-14
4.77483e-14
4.77483e-14
4.77483e-14
4.77483e-14
4.77483e-14
1.22211e-14
10
10
10
10
10
9.94587
9.94587
10
10
10
10
10
10
10
10
10
10
10
10
10
4.77483e-14
10
4.77483e-14
10
10
10
4.77483e-14
10
10
10
10
10
4.77483e-14
4.77483e-14
4.77483e-14
10
4.77483e-14
4.77483e-14
4.77483e-14
10
10
10
1.25578
6.14222
0
0
0
0
0
0
4.77483e-14
0
4.77483e-14
0
4.77483e-14
0
0
0
4.77483e-14
4.77483e-14
0
4.77483e-14
0
0
4.77483e-14
4.77483e-14
4.77483e-14
4.77483e-14
4.77483e-14
4.77483e-14
4.77483e-14
4.77483e-14
4.77483e-14
4.77483e-14
4.77483e-14
4.77483e-14
0.45
0.45
4.77483e-14
10
10
4.25017
10
10
10
10
10
10
4.77483e-14
4.77483e-14
10
4.77483e-14
10
1.22211e-14
10
8.38887
0.45
4.77483e-14
2.6
4.77483e-14
4.68231
10
10
10
10
10
10
6.33315
10
6.26211
10
8.45744
10
10
7.8
0.567284
10
10
10
10
10
10
10
7.04556
10
3.79085
10
10
10
10
10
10
10
10
10
10
10
10
10
10
10
4.77483e-14
3.49297
10
10
10
10
10
10
10
10
10
10
10
10
10
10
10
10
10
10
10
10
10
10
10
10
10
1.90793
1.90793
10
10
10
10
10
10
10
10
10
10
10
