7.65777
7.65777
7.32404
7.4534
7.47498
9.10481
7.22664
11.4518
7.30636
9.07786
8.94302
6.31673
11.1735
6.41483
6.96447
6.48909
9.62788
6.99974
7.02567
8.88903
6.97851
13.0293
9.58587
6.43228
12.9828
11.0728
11.0953
11.1163
11.1359
11.1543
6.4612
6.96738
11.1639
11.1791
9.66239
11.2146
11.2274
8.94475
11.2016
8.92158
11.1785
13.0791
9.6104
6.42639
13.0487
6.94638
8.85386
11.1104
6.51667
11.1134
6.41377
9.58024
6.946
6.95633
11.1469
11.1566
13.0662
13.0424
11.1181
11.1276
8.86112
8.83939
8.81837
11.0724
11.082
11.0914
11.1005
8.83671
12.9959
6.322
9.51631
8.80181
8.78422
11.0375
11.0463
12.9635
11.0382
11.0467
11.055
12.973
11.0472
8.78739
12.9505
6.84384
14.3725
10.9956
8.73725
6.80897
8.73189
9.42423
6.8152
12.9168
9.42682
11.0022
11.0097
6.83622
6.84347
11.0315
8.77458
8.76225
11.0137
8.75732
8.74553
10.997
8.74109
12.9081
12.8971
10.9702
12.8934
8.70437
12.8724
10.9455
6.77138
10.9592
8.70463
10.9558
12.8799
10.9526
12.8768
10.9494
10.9559
6.78127
12.8868
10.9591
12.8838
8.69624
10.947
6.77211
12.8782
12.8694
10.9416
10.9476
10.9535
12.8789
10.9508
10.9566
10.9623
12.8879
12.8796
10.9513
20.538
6.07334
12.834
10.9059
10.9116
10.9172
10.9228
6.09162
10.9211
12.8476
10.919
12.8456
6.09149
10.9106
10.9159
12.8426
6.09938
10.9081
6.73214
12.8401
6.10689
10.9059
6.72984
12.8379
12.8312
10.9022
10.9071
6.73088
12.8392
10.91
10.9148
12.8422
6.11082
10.908
6.73163
20.4939
20.4945
20.4952
16.3182
10.8061
12.7344
12.7289
10.7999
6.00544
10.801
10.8059
10.8108
12.7393
12.7339
6.62359
20.4947
5.9893
10.7804
12.7093
10.7801
12.709
5.99181
10.7765
12.7054
12.7005
6.40721
20.4863
16.3093
20.4875
6.52471
10.7108
10.7157
10.7205
12.65
8.46685
6.53511
12.6459
10.7167
12.6463
20.4939
16.3168
10.6727
20.4955
16.3185
12.5507
10.6217
6.44528
10.6315
12.5618
12.558
12.5543
16.3227
16.3232
10.584
20.5018
12.4944
20.5028
10.5372
10.5422
12.4731
12.4699
12.4668
20.5057
12.4363
10.5073
16.3295
20.5076
20.5081
10.4559
6.27961
12.3925
6.28202
12.3949
12.3922
10.4632
12.3946
16.3345
20.5126
20.513
10.4122
12.3438
20.5143
8.14483
10.3951
6.2187
12.332
17.6292
12.3201
12.3179
10.3889
6.01414
10.4
12.3318
12.3296
12.3274
18.4561
16.4135
20.5193
10.3185
20.52
20.5204
12.205
12.2033
12.2016
8.02053
10.2711
12.2035
10.2746
17.4421
8.01909
8.01749
10.2679
12.2004
12.1988
17.4265
12.189
10.2599
12.1925
5.87902
10.2694
12.2019
12.2004
12.1988
6.08788
6.09277
12.207
10.2778
12.2103
10.281
16.1671
20.3232
20.5325
6.05536
10.242
12.1747
10.2454
17.3942
18.4504
10.2143
16.4352
20.5329
12.1077
20.5335
20.5339
12.068
12.067
7.88632
10.1368
15.9505
20.5357
15.9027
10.0972
12.0305
5.91945
10.1063
10.1112
12.0445
12.0436
7.86298
17.1877
10.1067
18.4484
12.0141
16.4435
11.9952
20.5381
20.5384
20.5386
10.0131
15.7645
5.82433
10.0113
11.9449
7.7645
11.9437
10.0145
17.0461
17.0369
17.0277
5.81928
11.9349
10.0056
10.0105
10.0153
17.0464
17.0374
10.0082
5.15538
5.83016
17.044
17.0351
12.8486
9.99938
10.0041
11.9378
10.0083
5.83095
5.16357
11.9458
7.15827
5.82908
10.0156
10.0202
11.9538
5.18014
11.9526
10.023
17.0658
17.0573
12.8711
17.0403
11.9343
17.031
17.0227
9.99362
11.9273
5.15591
9.99711
11.9308
10.001
10.0054
10.0097
5.17653
10.0137
7.17627
17.0499
17.0418
17.0337
9.99738
11.9311
10.0012
10.0054
10.0096
11.9433
10.0133
10.0175
10.0217
5.19431
10.0255
7.19391
17.0704
17.0625
10.0148
5.19583
10.0187
17.0685
17.0607
12.8752
10.0075
10.0115
11.9452
11.9447
7.18495
11.9401
10.0099
7.18796
19.9504
19.9362
9.99095
12.8512
17.0214
9.98516
11.9189
9.98868
11.9224
9.99218
17.0299
9.99128
17.0284
17.0211
12.8361
9.98084
11.9146
17.0116
12.8267
16.9972
9.97021
9.97409
9.97796
11.9117
9.98139
9.98521
11.919
9.9886
5.81044
9.99615
11.9299
9.99946
10.0032
10.0069
10.0106
7.18187
10.0104
10.0141
11.9478
11.9474
10.0168
10.0204
5.84211
17.0759
17.069
10.0185
17.0674
12.8828
11.9433
10.0127
10.0162
11.9499
17.0626
10.0149
10.0184
11.9521
10.0214
10.0249
10.0284
10.0319
5.85342
10.0388
11.9725
10.0417
10.0451
12.9277
17.0987
17.092
10.0354
17.0904
10.0344
7.78838
11.9677
17.0872
10.0326
11.9663
17.0848
10.0312
11.9649
11.9645
11.964
10.0331
11.9669
10.036
10.0393
10.0426
10.0458
11.9795
11.9791
5.86621
10.0514
10.0546
10.0578
11.9915
10.0605
10.0636
10.0668
10.07
10.0731
5.89434
10.0794
12.013
10.0819
12.0156
12.0151
10.084
5.90515
10.0901
10.0931
10.0962
10.0992
10.1022
10.1052
10.1082
10.1112
5.9323
12.0478
12.0472
10.116
17.2069
17.2007
17.1945
10.1067
12.0404
10.1091
10.1121
10.115
12.0486
10.1173
10.1202
10.1231
5.28177
10.1253
7.27982
17.2176
17.2116
7.27137
10.1132
17.2059
17.1999
13.0163
13.0103
17.182
10.0965
12.0302
10.0988
12.0325
10.1011
17.187
10.1001
10.1029
10.1057
12.0394
12.0388
10.1075
7.8614
17.195
17.1892
13.0058
10.0983
17.1818
17.1761
10.0936
7.84753
17.1736
17.1679
10.0884
10.0911
17.1704
12.0211
10.0897
12.0234
15.6934
12.9664
12.0028
10.0714
10.0741
10.0769
10.0796
7.23535
10.0791
12.0128
12.0124
10.0809
12.0146
12.0141
15.6942
15.6949
16.3438
17.0908
20.5218
16.3443
17.0516
11.9395
17.0458
11.9358
10.0044
17.0441
15.5743
17.0326
17.0274
7.74367
11.9232
11.9229
11.9226
17.0202
20.5232
16.3458
15.6951
15.6958
15.6964
15.4598
16.9076
16.9028
16.8979
16.3374
9.89461
11.8287
9.89728
9.90009
11.8341
7.07184
9.90016
9.90295
9.90573
11.8398
5.08678
11.8397
9.90821
16.9056
16.9008
16.8961
9.90169
9.90444
16.8995
11.8354
9.90394
11.838
15.6975
11.8235
11.8233
5.70986
12.7037
16.8768
16.8722
9.88555
16.8716
9.88528
7.6394
11.8192
16.8705
16.866
11.8132
9.88165
9.88435
5.70504
9.88971
9.89238
11.8264
11.8263
16.8804
15.6972
15.6978
15.6985
16.8174
16.3302
9.83637
20.5081
16.3307
11.7511
16.7707
11.7483
7.5682
16.7662
16.7619
16.7577
16.7535
12.5716
11.7344
9.8029
11.7371
9.80559
5.62628
9.81096
9.81364
9.81631
16.7687
16.7645
7.56502
16.7602
9.81079
15.6979
11.7318
9.80027
15.6984
15.699
11.7084
16.328
20.5057
16.3283
9.74784
11.6821
16.6686
12.4869
16.6607
9.74288
9.74557
9.74825
11.6826
9.75097
9.75363
9.75629
9.75893
5.57958
9.76421
11.6985
9.76687
9.76948
9.77209
11.7064
7.52629
12.5259
11.7039
11.7039
11.7039
11.704
9.7723
9.77487
9.77744
11.7117
9.78002
5.72611
9.78469
9.78723
9.78976
11.724
7.17116
11.7228
9.79111
5.61163
5.61413
9.79862
11.7329
11.7328
9.80109
11.7353
7.57494
9.80352
9.80599
5.62645
9.8109
7.56506
9.81332
12.5863
11.745
9.81325
9.81568
7.56983
11.7499
9.81804
9.82045
9.82286
9.82526
9.82765
11.7618
11.7618
5.76774
9.83191
11.7661
5.65224
19.6965
15.5115
9.82687
9.82923
9.83159
9.83394
11.7681
9.83623
5.65657
11.7727
9.84084
5.66117
9.84548
9.8478
9.8501
5.67041
11.7866
9.85463
11.7888
9.85684
12.6494
11.7886
9.85662
9.85889
9.86115
9.86341
11.7976
7.63783
7.23516
5.68227
9.86651
9.86875
5.68898
9.8732
11.8073
11.8072
11.8071
9.87514
5.69536
9.87955
9.88175
9.88395
9.88614
9.88832
9.8905
5.71068
16.8798
16.8762
9.89006
5.71023
11.8263
15.6033
19.7739
19.7669
5.80793
9.88213
15.5883
5.69768
11.8138
9.88173
7.04793
9.88192
9.88406
11.8182
9.88609
9.88822
9.89034
5.71046
9.89457
9.89668
5.71679
9.90088
11.835
11.8349
5.72074
11.8368
11.8367
11.8366
11.8365
11.8364
11.8362
11.8361
11.836
11.8359
11.8358
11.8356
5.7215
11.8376
5.07428
9.9054
16.8986
16.8951
16.8916
5.7186
11.8347
11.8346
5.72041
5.72245
5.72448
11.8406
11.8404
11.8403
11.8402
5.07723
11.8401
11.8399
5.07906
11.8398
11.8397
11.8396
11.8394
5.72524
11.8413
11.8412
5.72699
11.8431
11.8429
11.8428
11.8427
11.8426
5.72836
5.08398
5.73032
11.8464
5.08784
11.8463
11.8461
5.7319
9.91584
15.641
11.8456
11.8455
11.8454
19.8115
15.6274
19.7986
5.71839
14.9738
5.07269
9.8962
11.8303
5.07652
11.8302
11.8301
5.71587
5.7178
11.8339
5.71962
5.72154
11.8376
11.8375
5.72323
11.8393
11.8392
5.08586
9.90693
11.841
11.8409
11.8408
16.9044
16.9011
9.90421
16.9007
5.08399
11.8362
11.8361
11.836
9.90369
12.0865
5.71965
11.8357
11.8356
5.7213
11.8374
11.8373
11.8372
11.837
11.8369
11.8368
11.8367
11.8366
11.8365
11.8364
11.8363
5.72191
11.838
5.08695
9.90569
16.9042
16.9011
16.8979
5.71935
11.8354
11.8353
11.8352
16.8969
16.8937
9.89875
16.8933
5.08026
11.8309
11.8308
11.8307
9.89828
12.0808
5.71433
11.8304
11.8303
11.8302
11.8301
11.83
5.71562
5.08374
5.7175
11.8336
11.8335
5.08702
11.8335
11.8334
11.8332
11.8331
5.71873
11.8348
11.8347
5.72029
11.8364
5.09066
11.8364
11.8362
5.72182
9.90557
11.8397
5.09523
11.8396
11.8395
5.72509
9.90883
15.6368
11.8391
9.90663
16.9081
16.9051
12.0952
11.8332
16.8972
16.8943
11.8292
16.8911
9.89477
9.89651
16.8932
11.8287
9.89621
11.8303
19.7953
15.612
19.7839
5.70459
14.9739
5.70096
16.8732
13.9475
16.8669
20.5046
11.8017
11.8017
9.8692
11.8033
16.8523
16.8494
16.8465
16.8437
16.8408
9.86148
11.7956
9.86315
11.7973
11.7972
9.86474
9.86646
11.8006
11.8005
11.8005
11.8004
5.6859
5.68761
11.8037
11.8037
5.68917
11.8053
11.8052
5.05951
9.87281
5.69251
11.8086
16.8597
16.8568
11.8049
11.8048
11.8047
5.69022
11.8064
19.7589
15.5759
19.7481
14.9341
5.67599
11.7921
9.8596
9.86128
7.61546
11.7954
11.7953
5.68077
9.86443
11.7986
11.7985
11.7985
16.844
13.9148
11.7944
9.86181
9.86347
19.7459
19.7406
14.9267
16.8254
16.8227
12.0129
16.8158
13.8903
16.81
16.327
19.7026
16.7943
19.6947
9.8268
9.82847
19.6945
15.5116
14.878
5.63637
11.7526
11.9721
16.7726
16.77
16.7674
9.81167
11.7459
16.7671
16.7645
9.80991
11.9605
16.7603
16.7577
20.5025
16.325
16.7349
13.8129
19.6325
19.6275
19.6225
14.8147
15.4333
5.58784
11.7041
16.7053
16.7028
11.7008
9.76826
19.6058
11.6992
12.52
9.76504
9.7667
9.76837
7.53154
9.77961
9.78126
11.7155
11.7155
9.78292
16.7202
9.78294
16.7201
19.6208
12.535
19.6134
14.7944
19.6021
19.5972
5.58169
16.6916
9.76373
19.5947
9.76217
11.6964
9.76383
11.6981
9.76549
5.58512
11.7014
9.76877
11.8847
16.6948
16.6924
9.76418
16.6924
16.69
11.6953
9.76268
11.6969
9.76432
11.6986
9.76596
16.6947
19.5955
12.5099
19.5884
14.7697
19.5774
16.6694
5.56688
19.5727
15.3903
9.74426
19.5656
9.74277
9.74438
20.5111
7.49521
15.3912
9.7477
9.74931
9.75091
11.6852
9.75255
11.6868
11.6869
9.75422
9.75581
9.7574
15.4031
9.75591
13.7288
20.5199
16.6608
19.5618
16.3426
19.5502
9.73564
5.55523
9.73882
12.4717
16.6471
16.6448
19.5458
16.6379
19.539
9.72841
9.73
20.5213
14.7061
5.54057
19.5286
15.3464
19.5195
16.6117
16.6095
15.3329
7.45475
16.613
19.5141
9.71444
7.45401
9.72589
16.6216
9.72601
5.54557
9.72916
9.73072
11.665
9.73235
7.48646
9.73397
19.5367
19.5323
15.3502
5.54468
11.661
16.6224
16.6202
11.6582
19.5214
9.72258
12.4383
9.72271
16.6161
20.539
16.6028
19.504
19.4996
16.3617
9.70389
5.52344
9.70701
5.52655
11.6429
9.71019
7.46429
9.71182
11.6462
11.6462
16.5994
16.5972
11.7456
9.70778
9.70932
9.71086
9.71239
9.71393
9.71546
16.6051
9.7156
11.6499
7.46976
16.6053
11.7546
9.71297
19.5052
19.5009
13.6201
16.5907
20.538
16.3605
19.4748
15.4105
11.6214
15.2887
9.68584
16.561
19.4623
19.4581
11.7029
5.49558
11.612
9.67923
11.6136
19.4551
19.4509
16.5433
16.5413
16.5392
19.4406
9.66856
9.67009
20.5382
15.2571
7.3941
19.4409
19.4368
14.5754
16.5235
19.425
5.47857
19.4231
11.5923
16.5157
15.2395
16.5096
11.5871
11.5872
9.65442
11.5888
7.4086
11.589
11.5892
7.40894
11.5894
7.40917
11.5896
11.5897
11.5898
11.5899
15.2375
16.5076
16.5056
11.5848
11.5849
11.585
5
11.6487
9.64949
16.5036
7.40228
11.5827
11.5828
16.5021
16.5002
11.5804
15.2242
11.5779
5
11.578
11.5782
9.64536
9.64685
11.6462
11.5785
11.5786
7.39843
11.5789
9.64608
7.40014
5
11.5806
5.46579
16.5025
16.5006
15.2246
11.5771
5
7.39693
11.5774
9.64456
9.64603
11.5804
5
7.40026
11.5807
9.64788
7.40195
11.5824
5
11.5825
11.5826
11.5828
11.5829
5.46802
11.5844
11.5845
5.46968
11.5861
9.65326
5.47268
5.47412
11.5905
11.5906
11.5907
11.5908
5
9.65804
7.41211
5.47755
11.5939
11.594
11.5941
7.41395
11.5943
9.6615
7.41557
5
5.48104
11.5974
11.5975
11.5976
9.66477
11.5991
11.5992
11.5993
11.5994
11.5995
11.5996
7.41942
7.41951
11.5999
9.66703
11.6014
9.66853
5.48791
11.6043
11.6044
7.42419
5
11.6046
5
11.6047
11.6048
9.67195
11.6063
11.6064
11.6065
11.6066
11.6067
11.6068
11.6068
11.6069
9.67404
7.42812
5
9.67555
11.6099
5.49499
11.7046
20.5349
16.5403
20.535
11.5976
19.4327
19.429
15.2476
14.8117
5.47207
11.5885
11.5886
11.5887
16.5158
16.514
11.5864
15.2383
11.5841
5
11.5842
11.5843
9.65144
9.6528
11.6715
11.5847
14.8076
19.4101
19.4064
5.46181
16.5011
15.2254
16.4957
15.22
11.6496
11.5687
7.38845
11.5689
19.3913
15.21
14.7786
19.3797
9.62568
7.37975
9.62716
7.38123
11.5617
11.6376
20.5307
16.4684
16.4667
11.5535
11.627
11.7349
16.4595
11.5481
11.5482
11.5483
11.5484
9.6155
11.5499
11.7338
11.6229
15.181
11.5433
16.4515
11.5423
11.5424
11.5425
11.5427
11.5428
15.1767
16.4471
16.4454
11.5384
11.5385
11.5386
5
11.6116
9.60351
16.444
11.7198
16.4398
15.1642
16.4346
16.4329
11.5292
11.5294
11.5295
9.59653
11.5309
9.598
9.59934
11.5338
11.5339
11.534
15.8035
20.5252
11.5939
20.5242
19.3206
16.4135
11.5159
11.5161
9.58311
9.58445
9.58578
5.40509
11.5215
20.5248
15.8039
20.5241
11.5068
7.32656
9.57398
9.57531
11.5097
11.5099
9.57692
11.5114
11.5115
15.1313
19.3056
14.7063
5.38914
11.5056
19.3003
15.1193
14.6981
11.4984
5.38341
11.4999
11.5
16.3883
9.56601
12.211
7.31902
16.3872
9.5654
11.5573
16.3849
15.1094
16.38
16.3784
11.4924
11.4925
9.55953
11.494
11.4941
9.56113
9.56245
11.4969
11.497
9.56404
7.31809
9.56549
11.4999
11.5001
7.31982
9.56722
20.5248
20.5248
20.5249
15.8038
16.364
19.2662
11.4808
9.54778
11.4822
5.36721
9.55054
15.0915
11.4828
11.483
16.3625
16.3609
16.3594
11.5271
11.6354
7.29573
15.0792
19.2536
19.2503
5.35469
11.4712
9.53817
9.53947
9.54077
9.54206
9.54336
11.4778
7.29755
11.526
20.5229
15.8044
20.5221
16.332
19.2343
11.4589
9.52587
11.4603
5.3453
9.52862
9.52991
5.34917
11.4657
11.4658
9.5328
7.28683
11.5115
20.522
15.0669
19.233
15.0521
9.52265
20.5223
20.5223
11.4485
19.2156
7.26608
11.4467
11.4469
9.51384
11.4483
11.4485
11.4486
11.4488
11.449
11.4491
7.26885
7.26902
11.4496
9.5166
11.4511
9.51804
5.33729
11.4538
11.4539
7.27366
5
11.4545
5
11.4548
11.455
9.52193
11.4564
11.4566
19.2281
11.4547
19.2252
15.0444
5.3355
14.6283
5
5.33433
11.4508
7.27054
11.4905
20.52
16.3092
9.51188
20.5202
11.441
15.8051
9.50296
20.5197
11.4343
19.1959
9.49926
9.50052
7.25454
9.50194
7.25596
11.4366
11.4368
11.4705
20.5193
9.49864
9.4999
20.5195
16.2841
11.4282
11.4284
11.4285
11.4287
9.49565
7.24967
5
9.49729
11.4318
11.4319
11.4321
11.4323
11.4324
15.0157
16.2864
16.285
11.4288
11.429
11.4291
5
11.4621
9.49437
16.2845
11.4279
11.4281
19.1875
19.1845
15.0039
14.5916
5.30458
11.5609
16.2708
14.9957
16.2664
11.4157
15.806
20.5166
11.4335
20.5157
19.1508
16.244
11.4003
11.4005
9.46739
14.9712
19.1459
14.5588
5.28025
11.3968
11.397
16.2379
16.2366
16.2353
11.3945
11.4145
11.5232
16.2298
11.3904
11.3906
20.5147
15.8067
20.514
20.5141
11.3883
11.3732
16.2036
11.3725
11.3727
11.3729
16.203
14.928
11.3822
11.3685
11.4912
16.1948
9.43302
9.43425
16.1971
9.43464
20.5124
20.5125
11.3705
15.8076
20.511
16.1724
16.1711
11.3502
11.3504
19.0743
20.5113
11.3494
20.5105
20.5106
15.8079
14.8688
11.3298
14.8742
19.0411
9.39297
14.8625
14.8597
11.3238
11.3184
11.3223
11.3225
11.3177
16.1272
7.13962
9.38709
11.3216
5
14.8555
16.1265
11.3195
14.8518
11.3179
11.9454
20.5085
15.8085
20.5079
11.2942
9.37005
9.37129
11.3058
9.37274
9.37397
7.12794
5.19339
19.0152
14.8426
14.8321
11.2939
16.1009
11.3021
14.8263
14.8236
14.8287
18.9958
11.2951
11.9117
11.2946
5.17943
11.296
16.0907
11.3906
11.294
11.2942
11.2944
9.36131
20.5072
20.5072
20.5073
15.8089
16.0683
18.9711
14.3968
18.9652
18.9626
5.1574
11.274
11.2742
16.0584
14.7835
11.272
11.2722
16.0552
16.054
11.2709
9.33778
18.959
14.7787
14.776
11.2671
14.7737
11.2359
14.769
11.2322
14.7643
11.2589
14.7698
14.7594
11.2556
18.9347
16.0281
5.13801
16.0288
11.2539
11.2541
14.7546
18.9297
18.9271
5.1338
11.2504
16.0226
18.9255
14.7452
14.3485
11.2443
5.12914
11.2458
11.246
16.016
9.31213
11.839
16.0156
9.31188
11.3181
11.2069
14.7388
11.2418
18.9142
14.7339
14.3388
18.906
11.2348
11.235
16.0001
11.1924
20.5048
15.8097
20.5043
15.98
18.8829
9.28566
9.28687
15.9799
11.2208
9.28762
9.28883
5.10801
9.29125
11.2259
11.2261
11.1813
14.7114
18.8865
20.5043
11.2188
15.9764
11.7976
15.9742
18.8771
14.306
14.694
18.8691
18.8666
5.09277
9.27601
15.9637
14.6889
16.327
9.27227
11.2069
11.2071
9.27398
18.8644
15.9579
14.6832
11.1485
11.2031
11.2582
15.9511
15.95
5.08517
11.2018
11.2021
11.1469
14.6759
9.26575
11.2004
15.9492
9.26651
9.26771
14.678
18.8532
15.9467
16.3262
14.6682
11.7617
18.8423
9.25849
9.25968
18.8434
6.55436
9.26127
18.8453
15.8096
20.5046
20.5046
11.1832
14.6492
18.8244
14.6443
18.8195
15.9131
18.8161
6.5358
9.24337
15.914
9.24389
9.24508
9.24627
11.1809
11.7409
11.1805
15.9179
11.7392
11.1794
9.24624
15.918
18.821
11.1786
15.9149
11.1782
18.8183
15.9119
14.6372
15.9084
11.174
15.9078
11.7291
16.3296
14.6284
18.8036
9.23386
15.899
18.802
9.23282
11.1675
11.1677
11.168
18.8025
20.5078
14.6187
14.6242
11.1611
18.792
14.612
11.1582
11.0738
14.6082
15.8794
11.1549
11.1551
14.6056
15.8768
11.1768
9.21845
15.876
18.779
16.3297
14.5953
15.8666
18.7697
18.7673
11.6833
9.20911
6.50275
9.21226
9.21344
9.21461
9.21578
11.1504
11.1507
14.6062
18.7737
14.5937
11.1464
14.5917
11.0521
11.1437
15.8616
11.1433
9.2101
11.1448
11.6854
18.7662
11.6822
15.8589
15.8579
11.141
14.5838
9.20626
9.20743
16.3315
14.5813
11.1382
9.20494
9.2061
11.1408
11.6791
11.1404
9.20718
9.20833
6.9622
11.1433
14.1889
18.7617
11.1401
14.5821
11.1388
18.7579
6.49514
15.854
9.20542
18.7588
14.5789
16.333
9.2012
9.20235
14.5765
6.49211
15.8503
11.1368
9.20361
6.95747
9.20502
11.1397
11.1399
6.95942
11.15
11.0391
15.8513
15.8504
14.5759
11.6695
15.8462
11.1339
16.3334
14.5686
9.19684
9.19798
18.7473
6.48739
18.7476
11.1316
9.19836
11.133
6.95248
9.20004
9.20117
11.1358
11.1361
11.1429
15.8466
11.031
9.19962
5.01871
9.20188
9.20301
9.20414
9.20527
11.1399
11.1402
11.6771
11.6761
9.20572
11.1404
9.2071
11.1418
18.7611
18.7588
11.1391
9.20583
9.20695
9.20807
9.20919
11.1438
6.9633
9.21082
9.21194
6.50185
9.21495
15.8676
18.7708
14.591
15.8623
11.1455
15.8617
16.3361
11.6796
14.5829
18.7583
14.1749
18.7535
14.5737
9.20104
9.20215
6.49117
11.1387
11.1389
9.20567
15.8531
9.20619
11.6761
11.6752
11.6743
18.7552
14.5754
16.3374
9.20037
18.749
18.7469
14.5671
15.8384
15.8375
18.7407
9.19459
15.8361
15.8352
11.1281
18.7388
15.8325
14.5581
9.19137
11.126
11.1263
15.8318
15.8309
18.7342
9.19042
18.7336
11.6497
14.553
16.3386
11.6432
11.6424
6.47063
14.5481
11.1187
11.119
6.93844
9.18598
9.18707
9.18817
11.1228
11.1231
9.18979
9.19088
9.19198
11.1266
9.19333
9.19442
9.19551
14.5627
18.7382
16.3404
14.5551
9.19016
15.8281
6.47518
9.19254
18.7354
11.1258
11.1261
15.8298
9.19218
9.19326
11.6545
11.6536
11.6527
9.19264
11.1273
11.1275
11.1278
9.19449
11.1291
6.94857
9.19608
11.1307
5.01537
9.19849
5.01752
11.1342
9.20089
5.01992
9.20304
9.20411
9.20518
9.20625
9.20731
9.20838
11.143
15.8547
9.20913
11.1438
11.144
5.02864
9.21175
6.3177
9.21228
18.7645
11.6806
18.7616
9.21001
14.5834
11.1433
11.6774
11.1429
11.6769
11.1426
6.96207
11.1431
9.20979
6.96362
9.21109
11.1457
11.146
11.1462
11.1465
9.21313
15.8612
5.03157
9.21466
9.21571
9.21676
5.03577
16.3435
18.769
18.7669
14.5872
15.8586
9.21202
6.49506
18.7658
9.21351
15.8611
11.1476
9.21424
11.1489
11.6847
9.21496
9.21601
11.1506
11.1509
11.1511
11.1514
9.21801
15.8675
11.1521
11.1523
6.97175
9.2192
11.1538
6.97326
9.22072
11.1553
11.1556
9.22222
9.22326
9.22429
9.22532
9.22635
11.161
11.1612
9.22784
9.22887
11.1635
11.1637
11.164
11.1642
15.8848
11.1639
6.9833
6.98353
9.23096
9.23198
9.23301
11.1676
9.23425
9.23527
11.1699
9.23652
6.99035
6.99057
11.1716
9.23822
9.23923
9.24025
11.1749
14.1358
9.23962
11.1742
9.24086
11.1755
9.2421
5.06106
9.24411
9.24512
9.24613
9.24713
11.1817
11.182
9.24858
11.1832
11.1834
11.1836
11.1838
11.1841
11.1843
7.00374
11.1847
11.185
11.1852
15.9156
11.1848
14.6417
15.9131
11.1832
11.1834
11.1836
5
9.25047
9.25146
11.0862
7.00398
11.185
5
11.1854
11.1857
11.1859
7.00532
11.1863
5.07088
11.1875
9.25412
11.1887
11.1889
11.1892
11.1894
9.25598
7.00981
5
9.25742
11.192
11.1922
15.9271
15.9262
11.1913
11.0965
15.9241
11.0949
11.1884
5.07297
15.9234
14.6492
11.0929
11.0922
15.9174
11.1846
11.1848
14.6438
15.9152
15.9143
11.0873
11.1814
11.0868
15.9107
11.1798
9.24639
9.24737
11.182
11.1822
5
11.1826
11.1829
9.24945
15.9164
14.6422
11.1822
11.0895
11.0888
15.9108
11.1794
9.24595
11.1805
11.1808
11.181
11.1812
9.24778
14.641
11.1811
11.1813
15.913
11.181
7.00042
9.24777
9.24873
9.2497
5.06862
9.25163
7.00546
9.2528
9.25376
11.0992
15.9215
11.1866
11.1868
20.5188
18.8225
16.3413
11.7355
13.9933
11.1791
11.1793
11.0876
11.0869
14.6339
15.9053
15.9045
9.24108
9.24204
6.99586
9.24321
9.24416
6.99799
11.179
9.24554
15.9116
11.1796
15.9111
11.1793
11.1795
11.1797
9.24628
5.06519
9.24818
11.1828
7.00222
11.1832
11.1834
5
9.25022
11.0972
15.9172
14.643
7.00103
9.24835
9.2493
5.0682
9.25119
9.25213
9.25308
11.1877
11.1879
7.00732
7.00753
5.0728
9.25578
9.25672
11.1913
9.25786
11.1924
15.9304
9.25848
9.25941
9.26035
11.1949
9.26149
7.01532
9.26262
16.3403
18.8384
14.0144
11.7519
11.1915
11.1917
9.25824
5.07713
9.2601
9.26103
9.26196
9.26289
11.1975
11.1977
9.26422
7.01805
11.1178
11.1171
15.9368
11.196
11.1962
7.0157
9.263
15.9382
15.9374
11.1965
20.5169
18.8382
16.3393
14.0125
11.7488
11.1891
11.1893
11.1895
15.9265
7.00843
15.926
11.7475
15.9244
18.8279
14.0055
16.3385
20.5162
18.8176
11.7337
9.24535
15.9119
14.6378
9.24453
11.1791
14.6376
9.24442
14.6371
15.9086
11.1773
11.1775
9.24401
11.1786
11.1788
6.99824
9.24554
11.1801
9.24666
9.24758
7.0014
11.1824
13.9988
18.8173
16.3389
11.1775
11.1777
20.5167
15.9058
5
15.9075
15.9067
9.24278
11.1774
11.1776
14.6345
18.8103
15.9041
6.99406
9.24136
11.1759
9.24247
20.5183
16.3408
13.9825
20.5178
18.7998
11.7159
11.1677
11.1679
15.8934
11.1676
11.7152
9.23365
15.8935
9.23406
18.7984
9.23377
9.23467
5.05354
11.1702
9.23669
11.1713
9.2378
14.6262
18.8021
15.8959
14.6218
14.62
11.7138
18.7951
9.23171
9.23262
15.8916
15.8908
11.1662
11.1664
15.8906
18.7942
18.7924
11.1637
11.1639
15.8868
11.1637
9.23018
5
9.23304
15.8914
18.795
14.6156
15.887
11.1643
15.8866
14.6125
9.2291
9.23
11.1646
5.04906
9.232
9.2329
9.23379
9.23469
6.98849
15.8939
15.8931
15.8924
9.23431
9.2352
18.7986
18.7968
20.5213
9.23186
9.23275
5.0516
20.5215
16.3439
13.9639
11.1627
11.7063
11.1624
11.1626
15.8838
9.2286
11.7067
15.8836
9.22852
6.98232
9.22961
9.2305
9.23139
15.8884
15.8877
9.2313
6.9851
18.7929
18.7911
9.23005
15.8863
20.5217
15.8828
11.1618
14.609
18.7849
14.6055
15.877
15.8763
18.7799
5
9.22464
15.8774
9.22504
9.22593
11.1605
11.1607
11.1609
11.1611
9.22761
11.1622
11.1624
11.7046
15.8816
18.7852
13.9543
15.8767
9.22449
14.604
11.1579
16.3456
18.7774
20.5233
11.6908
18.7722
14.5928
14.591
9.21569
9.21657
14.5919
5
15.8658
11.6874
11.151
11.1512
18.7693
11.6855
11.6847
9.2156
9.21648
15.8643
11.1506
11.1508
9.21729
9.21816
11.1527
9.21924
9.22011
9.22098
9.22185
11.1564
11.1566
9.22312
15.874
9.22352
11.6969
11.6962
11.6955
9.22298
9.22385
11.1584
11.1586
9.22511
6.97889
15.8771
11.6987
18.7801
9.2241
11.6976
11.1582
11.1584
11.6974
11.1581
9.22462
9.22549
6.97927
11.1603
15.8778
15.877
9.22581
15.8776
18.7813
11.6975
15.8745
15.8737
11.1574
14.6001
9.22275
11.1573
15.8731
15.8724
9.22288
11.1575
9.22393
11.1585
11.1587
9.22518
15.8764
14.6024
18.7783
9.22333
15.8735
15.8728
18.7765
9.22214
15.8717
11.6933
18.7746
18.773
15.8669
14.5929
15.8645
14.5905
14.5888
9.21558
15.8616
5
9.21787
18.7689
11.1513
11.1515
9.218
11.6869
11.6862
11.6855
6.9704
11.1514
5.03583
5.03668
6.9725
11.1535
9.21997
15.8674
18.7711
11.153
9.21945
9.2203
9.22114
9.22199
11.1566
11.1568
9.22322
15.8721
15.8714
14.5975
11.6914
11.6907
11.69
11.6893
18.7707
15.8646
11.1524
11.1526
6.972
9.21927
9.22011
9.22095
6.97472
11.6911
11.6904
11.1548
11.155
11.1552
11.1554
6.97479
11.1558
11.6913
15.8683
15.8676
11.1546
11.6895
20.5306
18.7683
15.8622
11.1511
9.21756
11.1521
15.8633
15.8626
11.1514
15.8622
15.8615
11.1507
18.7655
15.8595
20.5311
15.8562
9.21348
6.96724
9.21451
11.1491
11.1493
11.1495
15.8591
9.21548
18.764
11.6803
11.1485
11.1487
11.1489
11.1491
15.8584
15.8577
6.9676
11.1486
9.21506
11.1496
11.1498
9.21627
6.50049
6.30851
9.21645
5.03522
6.97103
11.152
11.1522
15.8633
15.8627
11.1515
15.8623
11.1513
11.1515
11.1517
11.1519
15.8627
11.1516
11.1518
11.152
5.03639
11.153
11.1532
11.1534
9.21983
14.5928
14.5912
18.7672
15.8612
15.8605
20.5318
15.8573
18.761
18.7594
11.1461
9.21249
11.6772
15.8542
9.21244
11.147
11.1472
11.1474
11.1476
15.8558
11.1473
11.6777
18.7592
20.5323
6.96353
9.21079
15.8521
11.1449
18.7561
20.5325
15.8475
11.142
11.1421
6.49092
6.29899
11.1417
9.20813
15.8484
11.6701
15.8471
11.1414
9.20784
11.6702
11.6695
9.20779
11.1424
11.1426
11.1428
20.5321
18.7505
11.6668
15.8438
11.1394
11.6657
9.20536
14.5708
15.8424
18.7462
15.8401
11.137
11.1372
11.1374
14.0138
9.20227
6.95601
11.137
11.1372
18.7447
15.8387
11.6603
9.20176
9.20257
18.7442
15.8382
18.742
15.8359
20.5325
15.8328
18.7366
18.735
11.1301
9.19649
6.95023
9.19749
9.1983
15.8331
15.8325
11.132
11.1322
9.19864
11.1332
9.19964
11.1342
18.7398
14.5606
14.005
15.8301
11.1304
11.1306
15.83
11.1304
15.8297
15.829
18.7328
18.7313
15.8253
11.1273
9.19368
9.19448
9.19528
6.94901
11.651
15.8281
15.8274
15.8268
9.1946
11.1292
9.19559
11.1302
15.8291
11.6507
11.1295
11.1297
11.1299
11.1301
9.19651
15.83
11.1307
9.19708
11.1317
9.19806
15.8323
11.654
18.7355
11.1308
15.8297
15.8291
11.1302
9.19656
11.1311
20.5341
18.7322
9.19491
15.8274
9.19528
15.8279
11.1295
18.732
15.826
11.6477
15.8247
11.1274
15.8244
15.8237
6.94591
5.01111
6.47383
11.1276
11.1277
15.825
18.7288
15.8228
11.1261
9.1925
6.28128
11.1267
11.1268
11.127
15.8241
11.1268
11.127
11.1272
9.19359
5.01232
9.19516
15.8278
11.1293
15.8274
11.1291
9.1955
11.1301
11.6508
11.1299
11.13
14.5552
15.8268
13.9973
11.1274
11.1275
11.1277
11.1279
9.1943
11.1289
11.1291
9.19546
9.19624
11.1308
15.8296
5.01474
9.19757
11.1322
11.6538
14.5577
18.7339
11.1299
15.8281
11.1297
15.8278
15.8271
11.1291
20.5347
9.19389
18.73
15.824
11.1271
11.1273
11.1275
18.7287
9.19284
18.7283
15.8224
14.5486
15.8202
18.7241
15.8181
11.1233
11.1234
9.18982
11.1244
15.8194
18.7233
14.5442
18.7203
9.18742
11.122
11.1222
11.1224
11.1226
11.1227
15.8168
14.5431
18.7192
14.5443
18.7162
15.8102
10.9654
11.1172
15.8087
10.9645
10.9639
11.115
11.1152
15.8062
18.7101
10.9617
18.7074
11.1121
14.5328
14.5271
14.5256
11.1093
15.7975
9.17531
15.7981
14.5285
14.5229
14.5214
11.1066
18.6978
10.9497
11.1048
15.7909
11.1046
9.171
11.1056
15.792
9.17157
9.17233
18.6982
11.106
9.17232
20.5339
10.9485
18.6938
15.7878
14.5141
11.1015
11.1017
10.9448
9.16708
11.1017
11.1019
10.9459
15.7856
11.1007
14.5163
18.6883
14.5092
11.098
18.6857
10.9392
15.7785
11.0959
15.7782
11.0957
18.6824
15.7764
11.0945
14.503
11.0938
15.7749
9.15976
14.5024
18.6786
14.4995
11.0915
18.6759
10.9296
11.0898
15.7691
11.0896
9.15594
9.15671
11.0913
15.7713
9.15728
18.6764
11.0909
5
11.0919
6.91117
13.8368
20.5319
11.0892
9.15557
20.532
11.0875
15.6925
11.0856
9.15197
20.5316
18.6656
9.14971
6.90341
9.15066
9.15142
6.90512
11.0862
11.0864
13.8293
20.5313
9.14973
9.15048
20.5314
11.0824
11.0826
11.0828
11.083
11.0832
9.14956
6.90326
5
9.15069
11.0853
14.4897
15.7614
15.7608
15.6927
20.5307
20.5307
13.8186
18.6546
11.0757
11.0759
11.0761
9.14247
9.14323
9.14398
5
20.5305
20.5305
20.5305
15.6928
11.0711
18.6466
11.0704
9.13673
11.0713
9.13768
5
9.13918
11.0738
11.074
11.0742
11.0744
9.1407
11.0753
9.14164
20.5305
20.5305
13.81
15.693
20.5295
20.5295
15.6931
20.529
13.7951
20.5285
18.6259
9.12223
9.12298
11.0576
11.0578
5
6.8778
11.0589
9.12526
11.0599
9.1262
5
11.0616
11.0617
5
6.88122
13.7988
20.5279
20.528
15.6934
11.0543
18.6226
11.0535
9.11988
11.0545
9.12082
5
9.12231
6.87599
11.0571
5
11.0575
11.0577
11.0579
6.87716
11.0583
5
11.0592
9.12554
11.0601
11.0603
9.12667
11.0613
11.0615
11.0617
11.0618
11.062
11.0622
6.8815
11.0626
11.0628
11.063
11.0632
9.12951
6.88319
5
9.13063
11.0652
14.4615
15.7332
15.7327
6.88289
11.064
11.0642
11.0644
20.5277
18.6355
11.5519
16.3502
11.0604
13.7973
11.0592
11.0593
11.0595
11.0597
11.0599
14.4535
15.7253
15.7247
11.0585
11.0587
11.0589
5
10.8919
9.12452
15.7255
10.8919
6.87696
11.0581
5
11.0585
11.0586
11.0588
11.059
6.8783
5
11.0601
9.12645
11.061
11.0612
11.0614
11.0616
9.12793
6.88162
5
9.12905
11.0636
14.46
15.7318
15.7312
11.0622
9.12855
5
9.13
11.0646
6.88388
11.065
11.0652
5
9.13167
11.0663
11.0665
11.0666
14.4645
15.7363
15.7357
11.0652
5
11.0656
11.0658
9.13211
11.0667
11.0669
9.1332
11.0678
11.068
11.0682
11.0683
11.0685
11.0687
11.0689
5
11.0693
9.13559
20.5252
9.13489
11.0695
11.0697
11.0698
11.07
9.13634
11.0709
5
5
15.7458
15.7452
18.6493
18.6479
11.0696
20.5251
20.5252
20.5252
20.5252
20.5252
20.5253
11.0597
11.0599
5
11.0602
11.0604
11.0606
11.0608
11.061
9.12729
11.0619
5
5
15.7324
11.0626
5
11.063
9.12932
20.5242
11.0625
11.0627
11.0629
15.7327
18.6367
15.7308
18.6348
11.0606
11.0608
11.061
9.12729
5
10.9015
9.12735
15.7313
10.9015
11.0607
5
11.0611
11.0613
11.0615
11.0617
11.0619
9.12815
5
11.0634
11.0636
11.0638
11.064
15.735
18.639
15.7331
18.6372
11.0618
11.0619
11.0621
10.9033
9.12757
11.0622
15.7323
10.9035
5
11.0614
11.0615
11.0617
9.12801
5
9.12942
11.064
5
11.0644
11.0646
11.0647
9.13104
11.0656
11.0658
11.066
11.0662
11.0663
11.0665
11.0667
11.0669
15.7399
18.6439
15.738
18.6421
11.0647
11.0648
11.065
10.9095
9.13047
11.0651
15.7372
10.9098
5
10.9104
15.7352
18.6393
18.638
15.7321
15.7316
11.0607
9.12698
11.0616
9.12786
9.12855
11.0631
11.0633
9.12961
11.0642
15.7364
18.6405
18.6392
11.0623
15.7336
15.7331
11.0618
10.9069
10.9064
11.0604
11.0605
11.0607
11.0609
11.0611
9.12735
11.0619
5
5
15.7349
11.0627
5
11.0631
11.0632
11.0634
9.12969
18.6415
18.6402
11.0626
15.7346
11.0624
10.91
15.7333
11.0614
11.0616
11.0618
11.062
9.12825
11.0628
5
5
15.7366
15.7361
18.6402
18.6389
11.0615
6.88082
9.128
9.12868
9.12937
9.13005
11.0646
11.0648
5
11.0652
15.7389
18.643
15.7371
10.9131
15.7356
10.9122
11.0619
11.0621
11.0622
9.12852
11.0631
11.0633
9.12955
6.88324
9.13041
11.065
9.13127
6.88495
6.88513
9.13229
15.7414
10.918
5
10.9185
15.7399
18.644
15.7381
11.0641
10.9159
15.7368
10.9149
11.0623
11.0625
11.0627
9.12895
11.0635
10.9163
10.9159
18.64
18.6387
15.7329
15.7323
11.0598
9.12605
11.0606
9.1269
9.12758
9.12825
11.0628
11.063
20.5165
20.5165
20.5166
20.5166
20.5166
20.5166
15.7225
10.9014
11.0526
11.0527
20.5163
20.5163
20.5164
20.5164
20.5164
11.0453
15.7103
6.86424
6.86442
9.11159
11.0462
11.0464
11.0465
15.712
18.6161
15.7103
18.6144
11.0444
11.0446
11.0448
9.11104
5
10.8905
9.11113
15.7108
10.8905
18.614
11.0438
20.5157
20.5157
20.5157
20.5158
20.5158
11.0364
11.0366
15.6975
18.6016
9.10172
15.6968
5
20.516
6.98362
9.10194
9.10262
11.0372
15.6984
15.6979
20.5161
18.6
15.6942
18.5983
18.597
11.5135
18.5953
11.0316
5
9.0985
11.0331
11.0333
11.0334
17.1304
9.09829
20.5164
20.5164
20.5164
20.5164
20.5165
20.5165
11.0236
15.6777
11.0235
18.582
15.6763
9.08862
5
20.5167
11.0226
20.5168
20.5168
20.5168
20.5169
20.5169
11.0148
15.6644
11.0147
11.0149
9.08115
11.0158
6.83499
9.08218
9.08285
9.08352
11.0181
20.5172
20.5172
20.5173
20.5173
20.5173
20.5173
20.5174
11.0074
11.0075
15.6532
18.5572
15.6515
15.651
9.07208
20.5176
18.5541
11.0046
18.5532
15.6475
20.5177
20.5178
20.5178
20.5178
20.5178
20.5179
5
15.6343
18.5383
9.06024
20.518
6.93896
18.537
11.4535
9.05906
15.6318
18.5359
15.6302
20.5181
20.5181
20.5181
20.5181
20.5182
20.5182
5
15.6171
18.5211
9.04889
20.5183
6.92715
18.5198
11.4363
10.9817
9.04792
9.04859
15.6159
15.6155
18.5195
18.5183
15.6127
10.9808
18.5169
9.04622
11.4345
5
18.5173
6.92491
18.5169
10.9802
18.516
20.5186
14.3353
20.5186
9.04187
18.5102
20.5187
20.5188
20.5188
9.04084
18.5029
18.5017
11.4182
5
9.04062
20.5186
20.5186
20.5187
20.5187
20.5187
20.5187
10.9624
10.9626
15.5851
18.489
9.04091
15.5844
5
20.519
20.519
18.4857
15.5801
15.5796
18.4836
10.9582
9.04118
5
18.4847
11.4012
18.4831
20.5193
18.4801
6.9188
20.5192
20.5192
20.5192
20.5193
18.4701
9.04136
14.2923
18.4688
9.04144
15.5643
15.5638
20.5195
10.9473
15.5618
18.4658
5
20.5196
9.04167
20.5197
20.5197
20.5197
20.5197
18.4552
11.3717
9.04186
18.4546
18.4534
18.4523
6.91853
9.04183
15.5486
18.4525
11.3691
10.9375
10.9377
9.04198
10.9385
10.9387
10.9389
10.9391
10.9393
10.9395
10.9397
10.9399
10.9401
10.9403
9.04227
10.9411
5
5
15.5537
20.5199
20.5199
20.52
20.52
20.52
20.52
10.9332
10.9334
5
10.9338
20.5197
20.5198
20.5198
20.5198
20.5198
10.9266
15.5305
10.9265
18.4347
15.5293
9.04202
5
20.52
10.9258
10.926
10.9262
9.04218
5
9.04223
10.9283
5
10.9287
10.9289
10.9291
10.9293
10.9295
9.04199
10.9304
5
5
15.5377
15.5373
18.4412
18.4401
10.9294
5
9.0418
10.9309
6.75007
10.9313
20.5199
6.91854
15.536
20.5198
20.5198
20.5198
10.9255
20.5199
20.5199
9.04198
18.4307
15.5253
10.923
9.04208
5
9.04213
10.9252
10.9253
10.9255
10.9257
9.04226
10.9266
9.04231
15.5313
15.5309
18.4349
18.4338
10.9254
9.04246
9.04249
10.9269
15.5308
20.5205
18.4329
11.3495
15.527
18.431
9.04269
18.4308
5
6.91817
10.9247
15.5274
10.9247
18.4316
9.04274
9.04277
14.2548
10.9247
18.4316
18.4305
10.9234
5
10.9238
9.04253
20.5205
15.5253
15.5249
18.4289
18.4278
15.5223
10.6961
10.6957
15.5202
10.9196
10.9198
10.92
11.3427
10.9199
9.04203
10.9207
17.1283
9.042
20.52
10.9191
9.04208
15.6953
10.9179
9.04172
20.5197
15.6954
10.915
10.9152
18.4181
18.4171
18.416
10.9133
15.5108
20.5195
6.9187
9.04144
9.04146
15.5114
10.9136
9.04154
10.9144
10.9146
10.9148
15.513
18.4169
15.5115
18.4155
10.913
10.9132
10.9134
10.6861
10.9129
10.686
6.91894
5
9.04093
10.9142
18.4168
18.4157
10.9129
15.5106
10.6863
10.9122
18.4139
15.5085
20.5187
20.5187
5
15.5056
18.4095
18.4084
9.0409
20.5189
20.5189
20.5189
20.519
20.519
10.67
15.493
20.5186
20.5187
20.5187
20.5187
20.5187
10.8939
10.8941
15.4825
18.3864
15.481
15.4806
9.04095
20.5189
18.3837
10.8916
11.3006
9.04107
11.3012
18.3831
9.04115
11.3007
14.2049
10.891
9.04124
18.3828
18.3817
10.8904
15.4766
10.8903
10.6522
15.4757
15.6956
20.5186
15.6957
17.1294
20.5181
9.0402
9.04022
10.8829
10.8831
15.4662
20.5183
20.5183
20.5183
20.5184
20.5184
10.8764
15.4561
15.4557
18.3596
15.4543
10.8752
20.5186
20.5186
20.5186
20.5186
20.5187
15.4436
18.3475
15.4422
10.6183
15.441
10.6176
9.04002
5
20.518
20.5181
15.6958
17.1297
20.5176
9.03968
15.4323
10.8603
18.3365
18.3354
11.2521
6.91948
18.3348
14.1561
18.3327
9.03978
9.0398
5
9.03953
10.8595
15.4312
10.8595
20.5176
9.03965
9.03968
18.3356
15.4303
18.3342
15.6959
17.1299
20.5173
15.696
20.5169
9.03897
15.4185
10.8508
9.03904
11.2412
20.5171
20.5171
20.5171
20.5171
20.5172
10.8449
10.8451
15.4098
18.3136
9.03931
15.4093
5
20.5174
18.3124
14.1338
18.3104
18.3094
18.3083
15.4031
20.5175
18.3053
10.839
11.2222
15.4
18.3038
10.838
18.3031
9.03975
10.8382
9.0398
15.4
10.8388
9.03987
9.0399
10.8403
15.4021
17.1295
9.03989
15.4009
10.8394
20.5179
14.1258
10.8378
20.518
16.3404
15.6958
20.5177
5
15.6959
11.2102
18.2921
14.1135
18.2901
9.03946
9.03949
10.8301
5
9.03924
15.3887
20.5173
10.8299
15.3869
18.2907
18.2897
9.03941
9.03944
18.2906
18.2896
20.5175
15.3828
18.2866
11.2033
18.2852
18.2842
9.03965
5
15.3809
10.826
6.91951
10.8267
18.2861
14.1075
18.2841
9.03973
18.284
9.03977
10.8255
16.3402
15.3784
20.5178
11.1983
20.5179
10.5518
18.2778
15.3727
10.8205
10.8207
9.03966
9.03968
18.2789
20.5177
9.03975
9.03978
10.8217
6.6407
15.3746
18.2784
11.1951
11.1947
18.2767
10.8201
9.03999
10.5501
10.5498
18.2754
18.2744
15.3693
15.3689
14.0951
18.2717
18.2707
9.03942
10.8165
10.8167
9.03949
9.03952
15.369
18.2728
15.3676
10.8171
20.5176
15.6959
20.5173
10.8128
15.3613
18.2651
10.5381
20.517
20.517
10.8094
18.2604
20.5171
18.2578
6.62603
10.8074
18.2574
20.5172
20.5172
15.696
15.6961
20.5165
20.5165
17.1303
11.1606
18.2426
18.2416
15.3365
10.796
20.5166
9.03863
6.92
15.3366
9.03856
5
18.2422
10.7967
9.03866
10.7975
18.2427
14.0641
18.2408
20.5167
15.6962
20.5164
20.5164
9.03847
6.60971
10.7911
10.5082
18.2325
20.5162
10.789
10.7892
10.7894
11.1485
10.7894
20.5163
9.03836
18.2301
6.60734
16.3388
14.0502
15.3228
10.5016
10.7862
15.322
20.5162
16.3386
14.045
10.497
15.3168
10.7826
10.7828
20.5159
18.2195
15.3145
6.59995
9.03805
20.516
10.7809
10.7811
18.2185
20.5161
15.6963
15.6964
9.03745
20.5154
14.0318
15.3044
20.5155
11.1242
20.5156
10.4808
18.2039
10.7707
15.2992
10.7707
18.2032
20.5153
9.03739
9.03742
10.7705
9.03746
6.59011
9.03751
10.4812
18.2043
11.121
20.5152
16.3376
14.0222
15.2948
10.7678
9.03733
10.7686
10.7688
18.2004
6.5872
15.2957
10.7684
15.2956
10.4756
20.5151
15.293
20.5152
11.1129
20.5152
15.6965
16.3373
15.6966
14.0083
20.5146
10.7575
15.2797
20.5146
17.1314
10.7553
10.4579
20.5143
6.57269
9.03633
18.1795
9.03637
9.0364
6.57415
10.7556
20.5144
20.5145
11.0949
15.6967
15.6968
20.5138
17.1319
16.3361
13.9894
15.2621
9.03584
20.5138
10.7451
20.5139
10.7442
9.03596
10.4433
18.1644
6.56264
11.0815
18.1635
15.2585
5
11.0805
10.7432
9.03552
5
15.2606
6.5632
9.03561
11.0832
20.5136
10.4423
10.7435
18.1633
10.7431
16.3358
10.7422
6.56122
20.5134
13.9826
10.741
15.2556
15.2553
10.7408
20.5136
18.1577
18.1568
18.1559
15.2509
5
11.0729
10.7381
9.0355
5
15.2531
11.0744
13.9788
16.336
20.5136
11.0701
20.5137
10.4291
18.1499
15.245
10.7339
9.03542
10.7348
9.03547
18.1511
9.03551
20.5135
10.7346
9.03558
15.2468
11.0682
10.735
11.0682
10.735
5
10.7359
10.7361
10.7363
10.7365
9.03584
10.7373
20.5139
11.07
20.5139
5
9.03568
15.248
20.5137
15.6969
15.243
15.697
10.7309
20.5131
17.1323
9.03505
11.06
10.7294
16.3355
9.03514
13.9641
10.7286
15.2371
20.5132
6.54636
9.03528
9.03531
15.2374
9.03535
13.9644
9.0354
10.7295
16.3358
20.5134
10.7277
9.03551
10.7285
10.7287
6.54767
10.7291
11.0593
10.42
20.5133
18.1392
10.727
16.3357
9.03539
10.7268
20.5134
15.2328
13.9588
20.5135
10.7242
10.4131
15.2297
18.1334
9.03525
9.03527
18.1343
15.2294
10.4121
18.1324
10.4109
9.03467
20.5127
20.5127
10.7204
9.03476
16.3351
11.0461
13.9505
6.5382
15.2236
11.0449
10.7193
15.2233
10.7193
15.2233
11.0446
11.0443
11.044
10.7187
18.1264
6.5371
18.1258
5
15.2218
20.5132
10.7174
15.2203
11.0416
10.7172
11.0416
10.7173
11.0416
18.1237
5
5
18.1243
15.2194
15.2191
10.7166
10.7169
9.03529
10.7177
5
10.7182
15.2215
11.0429
11.0426
11.0423
18.1244
10.7171
9.03523
11.0423
9.03528
10.7183
10.7185
18.1259
9.03537
9.03539
9.03541
9.03544
11.0462
18.1282
15.2234
10.7196
15.2234
10.7196
11.045
11.0447
11.0444
10.7192
10.7194
5
10.7202
10.7204
10.7206
10.7208
11.0468
18.1289
5
9.0356
10.7212
15.2258
20.5136
9.03569
16.3361
15.2234
20.5137
11.0433
20.5138
10.4022
18.1232
15.2183
10.7162
10.7164
9.03557
9.0356
18.1244
20.5136
9.03566
9.03569
10.7175
6.5364
15.2204
20.5137
11.0403
20.5138
15.6969
16.3359
15.697
13.9364
20.5132
10.7092
15.208
20.5132
17.1322
10.7072
10.388
20.5129
6.52462
9.03496
18.108
9.035
9.03502
6.52604
9.03507
9.03509
10.7087
15.2073
17.1323
9.03509
15.2064
10.7081
20.5131
13.9313
10.7068
20.5132
16.3356
15.697
20.5129
5
15.6971
11.0171
10.7007
13.9218
15.1946
20.5127
11.0145
20.5127
10.3748
18.0945
10.6969
15.19
10.6969
18.0939
20.5125
9.03459
9.03462
10.6968
9.03466
6.51634
9.0347
18.0957
16.3351
20.5127
13.9144
10.3707
15.1865
11.0078
18.0899
10.6939
10.6941
9.03459
10.6949
10.3707
15.1862
15.186
9.03434
9.03437
6.51413
9.03441
9.03443
10.6968
20.5125
20.5125
11.0079
15.6972
15.6973
20.5119
17.133
16.3342
13.9032
15.1761
9.0339
20.5119
10.6871
20.5119
10.6864
9.03401
10.3598
18.0786
6.50479
6.505
10.6865
10.3595
18.078
10.6856
10.6858
10.686
9.03355
10.6868
10.3604
15.1746
18.0783
10.359
20.511
9.033
20.511
9.03304
16.3334
13.8967
15.1695
10.9908
9.03315
10.6833
10.6835
9.03322
10.6843
10.6845
6.50339
10.6849
10.9941
10.3576
20.511
18.0741
10.6829
16.3335
9.03311
10.6827
20.5111
15.1679
13.894
20.5112
20.5112
16.3336
13.8889
10.3472
15.1611
10.6772
10.6774
20.511
18.0639
15.1592
6.49466
9.03314
20.5111
10.6758
10.676
18.0632
20.5112
15.6976
15.6976
9.03262
20.5106
9.03266
9.03268
15.153
9.03273
13.8799
9.03277
10.6723
16.3332
20.5108
10.3371
18.0544
10.9712
20.5106
16.333
13.8729
15.1457
10.6668
9.03268
10.6676
10.6678
18.0511
6.4862
15.1467
10.6675
15.1467
10.3324
20.5105
18.0484
20.5106
20.5106
10.9624
16.333
10.6626
9.03269
13.8666
10.6629
15.1398
18.0434
6.48106
15.139
10.3247
10.6619
15.1384
10.6619
13.8647
16.333
20.5106
10.9564
20.5106
10.3194
18.0365
15.1318
10.6574
9.03243
10.6582
9.03248
18.0377
9.03252
20.5105
10.6581
9.03259
6.47762
9.03263
10.9563
20.5106
10.3193
10.6581
18.0367
10.6578
16.3328
10.6571
6.47597
20.5105
13.8564
10.656
15.1296
15.1294
10.6559
20.5106
18.0319
20.5107
15.6977
15.123
15.6978
10.6499
20.5101
17.1341
9.03206
10.9403
10.6487
16.3325
9.03215
13.8445
10.648
15.1178
20.5102
6.46581
18.0203
15.1156
10.302
18.0186
10.3009
9.03171
20.5097
20.5097
10.6439
9.03179
16.3322
10.9327
13.8372
6.46171
15.1105
10.2973
20.5096
20.5096
10.6408
18.011
16.3321
10.9265
13.831
15.1039
9.03178
10.6393
15.1048
10.2918
6.45748
10.639
15.1046
9.03159
18.0091
16.332
20.5096
13.8279
10.2882
15.1003
10.9215
18.0036
10.6354
10.2869
20.5091
20.5092
10.6333
18.0001
16.3316
10.9156
13.8201
15.093
9.03132
10.6318
15.0939
10.2815
6.45005
10.6316
15.0937
9.03114
16.3315
15.093
20.5092
10.9128
20.5092
10.2777
17.993
15.0884
10.628
10.6282
9.03104
9.03106
17.9943
20.5091
9.03113
9.03115
10.6293
6.4482
20.5092
16.3316
13.8141
10.275
15.0865
10.6268
10.627
20.509
17.9893
15.0847
6.44429
9.03111
20.5091
10.6255
10.6257
17.9887
20.5092
15.6981
15.6982
9.03062
20.5086
10.6207
10.2662
15.077
17.9805
10.2649
20.5081
9.03013
20.5081
9.03017
16.3306
13.7992
15.0722
10.8935
9.03028
10.6175
13.7991
16.3307
20.5083
10.8909
20.5084
10.2568
17.9711
15.0665
10.6132
9.03018
10.614
9.03022
17.9724
9.03026
20.5083
10.6139
9.03033
10.2575
17.9717
10.8885
20.5081
16.3305
13.7904
15.0634
10.6111
9.03019
10.6119
10.6121
17.9687
6.43043
15.0644
10.6118
15.0645
10.2533
20.508
13.7885
15.0615
20.5081
10.8814
20.5081
10.2477
17.9616
10.607
15.0574
10.607
17.9612
20.508
9.03
9.03002
10.607
9.03006
6.4264
9.03011
17.9631
15.0585
10.2476
17.9615
10.2466
9.02958
20.5076
20.5076
10.6052
9.02967
16.3301
10.8759
13.7804
6.4231
15.0537
17.9573
20.5078
20.5078
10.8715
16.3302
10.6012
9.02992
13.7758
10.6015
15.0492
17.9527
6.4197
15.0485
10.2376
10.6006
15.048
10.6007
16.3302
15.0462
20.5078
10.8655
20.5079
13.1363
17.9447
15.0401
15.0399
10.5953
9.02971
17.9446
20.5077
9.02977
9.02979
10.5958
9.02983
6.41524
13.768
16.3303
20.5079
10.8588
20.5079
13.1295
17.938
15.0335
15.0332
10.5909
9.02976
9.02978
17.9388
9.02983
20.5078
10.5914
9.02989
17.9387
20.5079
20.5079
10.8519
16.3304
10.5879
9.03003
13.7557
10.5882
15.0291
17.9326
6.40634
15.0284
10.2174
15.0276
15.0274
10.587
9.02994
9.02996
9.02998
15.03
9.03002
10.5893
13.757
16.3305
20.5081
15.0265
20.5081
10.8463
20.5082
15.6983
15.8272
20.5077
16.4366
16.3301
13.7409
15.014
9.02977
20.5078
10.5774
10.5776
20.5078
13.1059
9.02958
17.9151
6.39449
20.5076
15.6985
15.0069
15.0067
15.8274
20.5072
16.4376
9.0292
10.8246
10.5707
16.3296
9.02928
13.7284
10.5698
15.0019
20.5073
6.38724
9.02941
9.02943
9.02945
9.02947
17.9072
10.8241
15.0025
10.5703
10.5705
10.5707
10.571
15.8273
16.4372
20.5074
15.6986
9.02914
15.6986
15.8276
20.5066
20.5067
16.4386
9.02869
14.991
14.9907
9.02875
10.8127
5
10.5632
9.02883
9.02885
9.02887
10.5651
10.5653
9.02893
9.02896
9.02898
14.9979
13.7237
16.3294
6.38396
10.5656
13.0909
17.8984
20.5068
10.5633
10.5635
10.5637
10.8144
10.5638
20.5069
17.895
6.38091
9.02901
16.3294
13.716
14.9892
14.9889
10.1792
14.9882
20.5068
16.3292
13.7105
14.9837
14.9834
10.5574
13.0789
20.5067
14.9807
17.8842
6.3736
9.02875
20.5068
10.5549
10.5552
20.5068
17.8821
15.6987
15.8277
9.02837
20.5064
10.5509
14.974
10.1651
20.5061
15.8278
20.506
20.506
16.4399
9.02801
13.0636
17.8697
10.7866
20.5058
16.3282
13.6875
14.9608
10.5419
9.02788
14.9617
10.5426
6.36134
17.8658
14.9613
10.5424
14.9614
10.1531
20.5057
17.8631
10.7801
10.5406
9.02784
9.02786
14.9605
20.5059
9.02792
14.9598
10.781
10.5412
10.5414
13.0566
20.5057
20.5057
10.5385
17.8595
9.02781
10.148
17.859
10.5379
17.8586
9.02761
13.0521
20.5053
20.5053
9.02738
9.0274
15.828
20.5052
15.6991
16.442
20.5049
9.02696
20.505
17.8476
9.02702
14.944
10.7651
5
20.5051
20.5051
15.6992
16.4422
20.5048
9.02688
14.9377
14.9375
5
9.02696
9.02698
10.7611
9.02702
17.844
20.505
16.3274
13.6622
13.0331
14.9344
10.7555
17.8377
10.5234
10.5236
9.02693
14.9347
14.9345
10.1274
14.9338
6.34214
9.02675
9.02677
13.6616
14.9348
20.5048
6.3417
10.5234
6.34213
6.34234
10.524
9.02695
10.5248
9.02699
5
9.02703
10.5266
6.3454
9.02709
20.5051
15.8281
20.5049
15.6992
9.02667
20.5047
5
14.9334
17.8369
10.5228
17.8364
14.9321
10.1252
17.835
13.029
9.02628
9.0263
9.02632
10.5224
10.5226
9.02638
9.0264
9.02642
9.02645
10.5251
9.02649
9.02651
5
9.02655
10.5275
10.5277
9.02661
16.4427
9.02662
20.5046
15.8283
10.5263
9.02648
6.34563
9.02652
6.34639
10.528
10.5282
5
14.9418
17.8453
10.5284
9.02668
9.0267
9.02672
9.02674
10.5308
10.531
5
10.5318
10.532
6.35074
10.5324
10.5326
10.5328
9.02694
10.5335
9.02698
5
14.9504
9.02704
17.8547
10.1433
14.9498
10.5342
20.5048
17.8518
10.5328
9.0269
5
10.5341
10.5343
10.5345
6.35332
9.02702
10.5355
10.5357
10.5359
10.5361
5
6.35544
17.8573
20.5052
16.3276
13.6756
13.0463
14.9478
10.7689
17.8511
10.5324
10.5326
9.02705
14.9481
14.9479
10.1407
14.9472
6.3511
9.02687
9.02689
10.5338
9.02693
10.5346
10.5348
6.35354
10.5352
10.7725
20.505
13.047
17.852
14.9476
16.3272
20.5048
14.9439
10.5304
9.02691
13.6709
20.5049
6.34844
9.02699
10.7653
20.505
13.0399
10.5286
17.8451
14.9407
16.3272
20.5048
10.526
6.34474
13.6638
14.937
14.9368
10.5257
10.5259
20.505
17.8397
9.02705
17.8398
10.1284
14.935
10.5244
20.5048
17.837
13.6587
16.3273
20.5049
10.7499
20.505
13.0245
17.8294
14.925
14.9248
10.5176
9.02679
9.02681
17.8302
9.02685
20.5049
10.5182
9.02691
10.5189
10.5191
9.02697
6.33841
14.9282
20.505
10.7481
20.5051
15.6992
16.3272
15.8282
20.5046
13.6447
10.5131
14.9183
16.4425
20.5047
10.5113
13.0136
6.32932
20.5045
9.02651
17.8176
9.02655
9.02657
6.32957
16.327
14.9135
20.5046
10.7329
20.5047
13.0079
17.8124
14.9081
14.9079
10.5062
9.02651
17.8124
20.5045
9.02657
9.02659
10.5068
9.02662
6.32608
20.5047
15.8282
20.5045
20.5045
16.4429
9.02652
14.9041
14.9039
10.5036
10.7253
9.02662
9.02664
5
13.6322
6.32336
14.9058
20.5047
20.5047
20.5048
15.6992
16.4429
20.5045
9.02653
17.8012
14.8969
10.0903
10.4985
14.8965
10.0902
17.7995
12.9941
20.5038
9.02586
20.5039
9.0259
16.3263
13.6168
14.8901
10.7112
9.02599
10.4946
15.6994
15.8285
20.5036
20.5036
16.4448
9.0256
9.02562
9.02564
9.02566
10.4923
10.4925
6.3112
6.31141
14.8884
17.7918
9.0258
14.8883
20.5038
10.7082
20.5039
15.6995
15.8286
20.5034
16.4451
16.3258
13.6038
14.8771
9.0255
20.5035
10.4848
10.485
20.5036
12.9746
9.02533
17.7785
6.30203
17.7781
20.5034
20.5034
20.5034
15.6996
14.867
14.8668
15.8287
20.503
15.8288
16.4463
20.5029
15.6998
12.9587
20.5023
12.9565
17.758
10.675
20.5021
16.3245
13.5763
14.8497
10.4666
9.02424
14.8506
10.4673
6.286
17.7546
14.8504
10.4671
14.8505
10.0466
20.5021
10.0453
15.8291
20.5017
15.7001
16.4493
20.5014
9.02347
10.4613
9.02351
20.5015
15.8292
20.5013
15.7002
9.02311
20.5011
14.8365
14.8363
5
9.02321
9.02323
9.02325
9.02327
9.02329
10.4606
14.8412
16.4496
9.02334
14.8406
10.4603
20.5014
14.8396
13.5654
20.5014
16.3238
15.8293
20.5013
5
15.7002
10.6531
9.0231
9.02312
9.02314
10.4561
9.02318
9.0232
9.02322
9.02324
9.02326
9.02328
9.0233
9.02331
10.4605
9.02335
9.02337
9.02339
9.02341
9.02343
9.02345
9.02347
9.02349
16.3239
14.8457
20.5015
10.6651
20.5016
12.9441
17.7447
14.8405
14.8403
10.4601
9.02342
17.7448
20.5014
9.02348
9.02349
10.4607
9.02353
6.27999
9.02357
9.02359
10.4627
14.8443
16.4489
9.02364
14.8437
10.4625
20.5017
14.8427
13.5684
20.5017
16.3241
15.8292
20.5016
5
15.7001
10.6563
9.02341
9.02342
5
9.02346
10.4587
10.459
9.02352
16.4491
9.02353
9.02355
20.5016
15.8292
20.5014
15.8293
20.5012
15.7002
9.023
20.501
14.8311
14.8309
5
9.02309
9.02311
9.02313
15.8294
16.4504
20.501
15.7003
20.5007
14.8263
20.5008
10.6462
20.5008
15.7003
16.3229
15.8295
20.5004
13.5432
10.4442
14.817
16.4515
20.5005
10.4425
12.9178
6.26048
20.5003
9.02229
17.7165
9.02232
9.02234
6.26078
6.26099
9.0224
10.6365
20.5004
12.917
10.4414
17.7165
14.8123
16.3226
20.5003
10.439
6.25766
13.5354
14.8089
14.8087
10.4387
10.439
20.5004
17.7116
10.438
10.4382
6.25691
10.4386
10.4388
10.439
9.02258
10.4398
9.02262
5
14.8119
9.02267
9.02269
10.442
10.4422
9.02275
9.02277
9.02279
14.8162
13.5419
16.3232
12.9167
20.5006
20.5006
10.4396
16.323
17.712
10.629
13.5335
14.807
9.02276
10.4382
14.8079
10.006
6.25644
14.8076
14.8074
9.02262
9.02264
9.02265
9.02267
16.451
9.02269
10.4398
20.5007
9.02274
15.8295
10.4389
9.0226
20.5006
9.02264
15.7004
14.8071
17.7104
10.4372
20.5005
15.7004
14.8032
14.803
15.8296
20.5001
16.4523
9.02209
13.526
14.7995
20.5001
10.6189
20.5002
12.8998
17.6986
17.698
20.5
20.5
10.4267
17.6946
10.4265
10.4267
10.4269
12.8952
17.6939
10.6109
20.4999
16.3223
13.5124
14.7859
10.4234
9.022
10.4241
17.6906
20.5001
20.5001
15.7005
16.4529
20.4998
9.02186
14.7806
14.7804
5
9.02194
9.02195
10.6037
9.02199
10.4217
10.4219
17.6873
17.6866
17.686
13.5077
10.4204
10.4207
10.4209
9.98121
9.02193
10.6036
9.98166
10.4207
9.02173
10.4215
10.4217
6.24035
10.4221
10.6053
20.4998
12.8866
17.6851
9.02163
20.4996
15.8298
20.4995
20.4995
16.4536
9.02152
10.417
9.02156
10.4177
9.0216
10.4184
6.23712
6.23733
9.02167
10.4196
14.7805
9.97994
17.6834
10.4189
17.6831
14.779
9.97864
17.6819
10.4178
10.418
12.8832
9.02111
14.7782
20.4991
10.5981
9.97714
17.6799
10.4164
17.6796
9.021
12.8815
20.4988
20.4988
9.02081
9.02082
6.23351
6.23372
10.4155
10.4157
10.4159
17.6788
13.5005
17.6776
10.4149
9.97428
10.5945
9.97399
10.4142
10.4144
9.02057
9.02059
9.02061
10.4162
10.4164
9.02067
15.7009
15.8302
20.4983
20.4983
16.4565
9.0203
14.7715
13.4971
16.3207
20.4984
10.5887
20.4984
12.8719
17.6686
14.7645
14.7643
10.4084
9.02025
9.02027
17.6694
9.02031
20.4983
10.409
9.02037
10.4097
17.6699
9.02042
17.67
20.4985
16.3209
13.4887
12.8681
14.7614
17.6647
10.4061
10.4063
10.4065
17.665
17.6644
17.6638
13.4855
10.4051
10.4053
9.02047
9.02049
9.96235
5
10.5824
9.02004
9.96359
9.01982
17.6657
9.96358
14.7612
10.4061
20.4976
17.6633
17.6627
17.6621
17.6615
9.95951
10.5781
9.95923
10.4029
10.4031
10.4033
9.01933
10.404
9.01937
10.4048
9.0194
5
9.01944
10.5828
9.96396
5
10.4065
10.4067
10.4069
6.2256
10.4073
17.6668
17.6662
13.4879
10.4064
17.6653
10.4062
9.96399
10.5822
9.9637
10.4056
10.4058
10.406
9.01905
10.5833
9.96497
13.4874
17.6645
17.6639
17.6633
9.01892
10.4051
9.01895
9.01897
10.4064
10.4066
9.01903
10.4073
13.4892
17.6662
17.6656
9.96446
10.5822
9.96417
10.4055
10.4057
9.0187
10.4064
10.4066
10.4068
9.01877
17.667
13.4888
9.96562
9.96552
17.665
10.582
9.01838
17.665
10.4056
10.4058
9.96525
9.96515
13.4865
17.6636
17.663
17.6624
10.4037
9.01807
10.4045
9.01811
9.01813
10.4057
9.01816
10.4064
17.6659
13.4876
17.6647
10.4054
10.4056
10.4058
9.96545
10.5822
9.96517
10.4052
9.01787
9.01789
5
17.6666
20.4959
10.4058
20.496
20.496
9.01802
20.496
14.7593
10.4043
5
9.01811
9.01813
20.4961
17.6641
20.4962
20.4962
14.758
5
10.404
9.01827
9.01829
5
9.01833
17.6653
9.01837
14.7619
10.5829
5
9.01844
10.4071
17.6669
14.7628
5
10.5845
20.4965
20.4966
17.6646
20.4966
14.7595
20.4966
20.4967
17.6608
10.4029
5
9.01873
9.01875
5
20.4968
20.4968
10.4037
5
20.4969
20.4969
14.7568
9.01891
5
9.01894
9.01896
17.6631
20.497
16.3194
13.4819
12.8632
14.7546
10.5756
17.6578
10.401
10.4012
9.01891
14.7551
14.7549
9.95786
14.7544
6.21971
9.01876
9.01878
5
9.01882
10.4034
14.7577
9.01887
9.01889
20.4969
17.6615
20.4969
20.497
10.4021
10.4023
17.6594
20.497
20.497
10.5735
16.3195
10.3991
9.01912
13.4776
10.3994
14.7515
17.6548
6.21758
14.7511
9.95365
14.7505
10.3988
14.7507
17.654
10.3985
9.0191
17.6544
12.858
20.4969
9.01892
20.4969
9.01896
6.21568
17.6518
14.7478
9.95062
20.4968
20.4968
17.6486
20.4968
10.3942
20.4969
9.0189
9.01892
5
5
9.01897
9.01899
10.3967
10.3969
6.21552
10.3973
12.856
20.4968
20.4969
10.3949
16.3193
17.6469
10.5639
13.4685
14.7421
9.01899
10.3937
14.743
9.94584
6.2119
9.01883
9.01885
10.3946
9.01888
14.7452
17.6486
20.4969
20.497
10.3935
10.3937
9.01901
10.3944
9.01904
6.21352
5
10.3958
10.396
20.4971
14.7454
20.4972
20.4972
17.6467
10.3937
5
9.01925
9.01927
5
9.01931
17.65
14.7459
20.4974
5
5
9.01941
20.4974
20.4974
20.4975
9.01948
9.0195
9.01952
20.4975
16.3199
13.469
14.7426
14.7424
10.3936
12.8495
20.4974
14.7403
17.6436
6.2102
9.01948
20.4975
10.3918
10.392
20.4975
17.6422
15.7012
15.8306
9.01919
20.4972
13.4608
14.7344
20.4973
10.5539
20.4973
12.8386
17.6339
14.7299
14.7297
10.385
17.6333
9.01917
20.4972
9.01921
10.3851
6.20373
9.01926
9.01928
16.3197
14.7303
20.4973
10.5498
20.4974
12.8344
17.6298
14.7258
14.7256
10.3822
9.01922
17.6299
20.4973
9.01927
9.01929
10.3829
9.01933
6.20199
10.3837
9.01938
12.8359
17.6313
10.5483
20.4972
16.3196
13.4501
14.7237
6.19942
9.01929
10.5456
20.4973
12.8303
10.38
17.6259
14.7219
16.3195
20.4972
10.3779
6.19649
13.4453
14.7189
14.7188
10.3777
10.3779
20.4973
17.6217
10.3771
9.01937
9.01939
9.92185
17.6224
10.3775
10.3777
13.4448
16.3196
20.4973
10.3757
14.7159
9.91832
10.3755
14.7156
20.4971
10.5355
20.4972
15.7013
16.3193
15.8307
20.4968
13.4335
10.3699
14.7074
16.4599
20.4969
10.3684
12.813
6.18641
20.4967
9.01872
17.6074
9.01875
9.01877
6.18675
10.3685
14.7054
9.01884
10.3691
6.18774
10.3695
10.3697
10.3699
15.8307
16.4602
20.4968
15.7014
20.4966
9.01858
14.7019
14.7017
5
9.01865
9.01867
9.01869
10.5255
9.01872
9.01874
10.3689
14.706
16.4601
9.01879
14.7056
10.3688
20.4968
14.7048
13.4304
20.4969
16.3193
15.8307
20.4968
5
15.7014
10.5192
9.01859
15.7015
15.8309
20.4962
20.4962
16.4615
9.01825
14.6937
14.6936
9.01831
10.5152
5
10.3615
9.01837
9.01839
10.3626
10.3628
10.363
10.3632
5
6.1823
9.01851
20.4965
15.8308
20.4964
20.4964
20.4964
15.7015
14.6917
14.6916
15.8309
20.4961
16.4618
9.0181
10.5101
10.3575
16.3185
9.01817
13.4143
10.3569
14.6883
20.4962
6.17451
10.3563
20.4963
20.4947
15.7015
16.4579
20.4911
9.01812
15.8257
20.4897
15.7016
16.454
20.4958
9.01778
20.4854
5
9.01783
14.6771
14.6769
9.01788
5
9.01792
10.3508
10.351
9.01797
16.4552
9.01799
9.018
20.4895
15.8235
9.01788
9.01789
17.5833
10.3511
20.4885
15.8226
20.4958
15.7017
9.0176
20.4841
14.6743
14.6742
5
9.01768
9.0177
9.01772
9.01774
9.01775
5
20.4878
16.4536
15.8211
15.7017
20.4954
9.01744
9.01746
9.01747
16.4517
9.01749
10.3478
20.4838
9.01754
15.8192
10.347
9.01741
20.4954
9.01745
15.7018
9.01724
5
9.01704
10.3473
10.3475
10.3477
10.3479
9.01713
5
10.349
10.3492
10.3494
10.3496
10.3498
17.5815
17.581
17.5805
13.4022
10.3486
10.3488
9.01735
9.01737
9.88296
5
10.499
9.01696
9.88415
10.3499
14.6785
14.6784
9.01681
10.3504
6.16905
10.3508
10.351
9.0169
9.01691
10.3522
10.3524
9.01696
5
9.017
10.354
5
10.3544
10.3546
9.01685
14.6862
14.686
17.5893
10.3547
10.3549
9.01695
14.6866
14.6865
17.5898
10.3551
10.3553
9.01705
10.3559
10.3561
9.0171
9.01712
5
5
17.5936
17.5931
14.6891
14.689
9.017
6.17597
10.3577
10.3579
14.6904
14.6903
10.358
10.3582
10.3584
17.5944
6.17662
10.3584
14.691
17.5943
10.3581
9.01726
10.3588
10.359
10.3592
9.01733
10.3599
10.36
9.01738
9.01739
5
10.3616
5
10.3621
20.4952
10.3616
14.6958
17.5991
9.01731
10.3618
10.362
10.3622
6.18084
10.3626
10.3628
5
10.3632
20.4952
6.18121
10.363
9.01728
17.602
9.01731
5
14.6994
14.6992
16.3178
14.6978
20.4954
10.5173
20.4954
12.8045
17.5974
14.6935
14.6933
10.3601
17.5969
9.01733
20.4953
9.01737
9.01738
14.6941
6.17903
9.01743
13.4207
14.6944
10.5152
20.4955
20.4955
12.801
17.594
14.6901
14.6899
10.3578
9.01738
17.5942
20.4954
9.01743
14.69
6.17633
9.01748
9.0175
14.6915
20.4955
10.5115
20.4956
15.7017
16.1176
20.4952
16.3848
16.3177
13.4089
14.6826
20.4954
9.0174
10.3525
10.3527
9.01745
6.17177
14.6833
17.5866
9.9397
20.4953
9.01735
16.3177
13.4061
14.6798
10.5007
10.351
10.3512
14.6801
13.4057
16.3179
9.01751
10.3505
9.01755
10.3512
9.01758
9.0176
9.01761
14.6821
13.4077
16.318
20.4957
20.4876
15.7017
16.3757
9.01751
20.4848
16.1058
20.4955
15.7018
9.01729
9.0173
9.01732
9.01734
9.01735
14.6745
10.3476
13.4004
16.3178
20.4954
17.5749
20.4955
20.4955
10.3435
9.01752
14.6692
17.5725
6.16214
17.5722
17.5717
10.3432
9.01764
9.01765
9.01767
9.01769
6.16367
9.01772
10.4927
20.4958
12.7796
10.3444
10.3446
6.16317
16.1011
15.7017
20.4766
16.3662
20.4748
9.01738
14.6657
14.6656
9.01743
10.4871
5
10.3424
10.3426
10.3428
9.92453
17.5706
14.6666
10.3423
9.01739
10.343
10.3432
6.16175
10.3435
10.4896
20.4955
12.7767
17.5698
14.6659
16.3177
20.4953
14.6631
13.3887
14.6624
9.01741
20.4718
14.6621
17.5653
17.5648
9.91796
17.564
12.7699
20.4951
20.4951
16.3175
14.6553
17.5586
13.3804
10.4751
14.654
9.01724
10.3343
17.5583
9.91167
6.15229
14.6543
14.6542
6.15233
10.3341
12.7646
17.5573
20.495
10.3325
14.6523
10.3326
10.4734
10.3328
20.4951
16.3175
17.5534
6.14925
9.01715
13.3761
17.5533
14.6494
9.90666
14.6489
20.495
16.079
20.4553
20.4544
16.3439
9.01705
14.6444
14.6443
10.3273
10.4654
9.01713
10.3279
5
10.3285
10.3287
12.7565
17.5492
10.4662
20.495
16.3174
13.3682
14.642
10.3258
9.01712
6.14483
14.6431
14.643
17.5463
14.6424
10.3261
20.4513
17.545
9.89843
14.6408
14.6407
20.4951
15.7019
16.0695
20.4455
16.335
10.4558
9.01691
10.3214
16.3173
9.01695
13.3608
10.3209
14.6348
20.495
6.13851
10.3203
10.3205
6.13909
10.3209
10.3211
10.3213
9.01715
9.01717
9.01718
9.0172
5
10.3237
9.01725
9.01726
9.01728
10.3253
9.01731
6.14432
9.01734
6.14496
10.3268
10.327
5
9.01743
10.328
6.14662
6.14681
10.3286
9.01751
10.3293
9.01754
5
9.01757
10.3308
10.331
9.01762
10.3316
9.01765
9.01767
9.01768
5
5
10.3341
10.3343
10.3344
10.3346
9.0178
10.3353
10.3355
9.01785
10.3361
14.6572
10.3362
10.3364
10.3366
9.01794
5
10.3374
14.6593
9.01778
10.338
10.3382
10.3384
5
10.339
10.3392
5
9.01791
9.01793
14.6639
10.3407
10.3408
10.341
5
14.665
9.01781
5
20.4958
20.4959
20.4959
20.4959
20.4959
20.4959
10.3368
10.337
17.562
17.5615
17.561
20.4659
10.4771
14.656
10.3355
5
10.3361
12.4986
14.6569
14.6568
9.01809
5
10.3367
5
10.3371
9.01772
20.4957
10.3366
10.3368
9.01779
9.0178
10.3379
5
10.3385
5
9.01766
14.6619
10.3393
10.3394
10.3396
9.01774
17.5667
17.5662
5
17.5661
20.471
9.01761
10.4829
5
10.3397
10.3399
5
9.01749
10.3407
20.4955
10.3398
10.34
9.01757
10.3406
14.6642
10.3407
10.3409
10.3411
9.01766
10.3417
5
9.01771
9.01773
14.6678
10.3432
10.3434
10.3435
5
20.4956
20.4956
20.4956
20.4956
20.4957
20.4957
10.3386
10.3388
10.339
14.6616
9.01776
10.3395
5
20.4956
20.4956
20.4956
20.4956
20.4957
10.3354
10.3356
14.6566
17.5599
13.3817
9.01775
20.465
9.01778
10.3353
6.15393
5
10.3359
14.6571
9.01765
10.3365
10.3367
10.3369
5
10.3375
10.3377
5
9.01756
10.3385
20.4956
9.01761
10.338
10.3382
10.3384
10.3386
9.01768
9.0177
14.6624
10.3396
20.4957
20.4958
20.4958
13.3844
17.5616
17.5611
13.3829
14.6567
17.56
10.3355
10.4773
9.01792
9.01794
14.6575
8.96501
17.5616
20.4966
12.8753
20.4964
20.4964
20.4965
17.5554
9.01849
17.5555
20.4965
10.3319
9.01856
9.01857
20.4966
20.4966
20.4966
10.3305
20.4966
20.4967
10.329
14.6461
9.01871
10.3295
17.5503
10.3294
10.3296
9.01879
20.4968
20.4968
20.4968
20.4969
20.4969
10.3257
14.6412
10.3259
17.5447
13.3666
9.01896
20.4498
9.01899
10.3257
17.5444
6.14392
14.6408
17.5441
20.4971
20.4971
20.4971
9.01913
20.4971
13.3615
20.4972
20.4429
20.4972
9.01923
17.5356
13.3574
8.94688
10.3201
17.5357
10.32
10.453
14.632
10.32
9.01995
5
9.01998
10.3215
17.5377
20.498
13.3583
20.4981
20.4396
20.4981
9.02011
20.4981
20.4981
17.5302
13.352
20.4982
9.0202
8.94219
17.5291
10.3159
10.4464
10.316
9.02086
10.3167
9.02089
9.02091
9.02092
10.3181
9.02095
9.02097
9.02098
10.3196
5
10.3203
14.6319
10.3204
10.3206
13.358
20.4406
14.631
10.3198
17.5345
13.3563
10.3193
10.3195
17.534
17.5335
17.533
20.438
10.4493
8.94387
10.3188
14.6293
10.3189
17.5328
20.4378
13.3538
10.3179
9.02198
10.3185
10.3187
20.4379
17.5316
17.5311
13.3529
10.3173
17.5304
17.5299
17.5294
20.4343
10.316
10.4459
10.3161
14.6251
5
12.4608
14.6254
14.6253
10.3164
10.3166
9.02224
10.3172
9.02227
10.3178
9.0223
17.5316
17.5311
13.3529
20.5004
20.5004
20.5004
20.5004
20.5004
10.3131
10.3133
14.6207
17.5239
14.6201
9.02251
10.3134
5
10.314
20.5006
20.5006
20.5006
20.5006
20.5006
10.3099
14.6155
10.31
17.519
10.3099
10.31
14.6157
10.3101
9.02277
6.12913
10.3109
10.3111
10.3113
9.02284
9.02286
10.3124
9.02289
10.313
10.441
12.4541
14.6198
17.523
17.5225
20.4275
17.5212
20.5009
20.501
20.501
20.501
20.501
10.307
10.3072
14.6113
17.5145
9.02308
9.0231
10.3079
10.4332
16.2433
17.5147
17.5142
20.4191
10.3062
12.4435
14.6096
14.6095
10.4303
10.3061
10.3062
10.3064
9.02325
10.307
8.93136
14.6118
14.6117
17.5149
17.5144
20.4194
17.5131
10.4302
9.02396
5
10.3071
10.3073
10.3075
10.3077
10.3078
10.308
17.5154
17.5149
20.4199
12.4426
10.431
10.3068
14.6102
14.6101
10.3069
10.307
5
10.3076
9.02418
14.6121
12.4442
17.5151
17.5146
20.4196
17.5133
9.02421
10.431
5
10.3073
10.3075
10.3077
10.3079
10.3081
10.3082
20.421
17.5147
17.5142
10.4313
10.3072
10.3073
10.3075
12.443
14.6109
14.6108
5
10.3079
17.5149
17.5145
17.514
10.4311
10.307
10.3072
12.4424
14.6104
10.3072
14.6106
5
10.3077
10.3079
20.4204
17.5141
17.5136
17.5132
10.3066
10.3068
12.4415
14.6097
14.6096
10.3067
5
9.02465
9.02466
10.3081
14.6119
19.6087
14.6109
14.6108
10.4316
15.6165
16.2406
15.6148
20.5023
9.02429
20.4158
10.3044
10.4273
15.6126
5
10.4268
20.4145
17.5083
17.5078
17.5073
10.3026
10.3027
12.4362
14.6039
14.6038
10.3027
17.5072
17.5068
14.603
12.435
17.506
14.6022
9.02426
10.3021
20.4118
10.3017
10.4233
10.3018
10.302
9.02437
10.3026
14.6037
10.3027
10.3029
10.3031
9.02445
10.3037
10.3038
17.5089
17.5084
17.5079
20.4129
10.4242
14.6032
10.3024
5
10.303
12.4359
14.6041
14.604
9.0246
5
10.4258
20.4136
17.5073
17.5068
17.5063
10.302
10.3022
12.4349
14.6029
14.6028
10.3021
20.4117
17.5054
17.505
10.4221
10.301
10.3012
10.3014
12.4335
14.6017
14.6016
5
10.3017
17.5057
17.5052
20.4102
10.3007
12.4324
14.6007
14.6006
10.4213
10.3006
5
10.3012
10.3014
10.3016
20.4108
17.5045
14.6007
9.02476
17.5046
17.5041
17.5036
10.4207
10.3002
10.3004
12.4315
14.6001
10.3004
14.6002
5
10.3009
10.3011
5
14.6017
14.6016
14.6015
12.4328
17.5045
17.5041
20.409
17.5027
9.02473
10.4205
5
10.3005
10.3007
10.3008
10.301
10.3012
10.3014
12.4329
14.6015
17.5047
17.5042
20.4092
17.5029
10.42
9.02489
10.3002
5
10.3008
10.301
10.3012
10.3014
10.3015
17.5052
17.5047
20.4097
12.4311
10.4208
10.3004
14.6001
14.6
10.3004
10.3006
5
10.3012
9.0251
10.3018
5
10.3022
10.3023
10.3025
10.3027
14.6036
10.3028
10.303
20.503
20.503
20.503
20.5031
20.5031
20.5031
10.2982
5
9.02514
10.2992
10.2994
10.2996
10.2997
9.02522
9.02523
10.3008
5
10.3013
5
9.02509
10.3021
17.506
17.5056
17.5051
20.4101
10.3009
10.4216
10.301
14.6009
5
12.4321
14.6013
14.6011
10.3012
20.5032
20.5032
20.5032
20.5033
20.5033
10.2973
14.5953
10.2974
17.4988
13.3206
9.02537
20.4039
9.0254
10.2972
17.4985
10.2971
20.5034
20.5035
20.5035
20.5035
20.5035
10.2931
10.2933
14.5893
17.4925
9.02559
13.3149
9.02562
20.3982
10.2931
10.2933
10.2935
10.2937
10.2938
10.294
10.2942
9.02574
9.02576
5
9.02579
9.0258
10.2964
10.2966
9.02584
19.59
15.5983
15.5975
10.2951
9.02539
9.02541
9.02542
10.2965
9.02545
9.02546
10.2975
10.2977
10.2978
9.02552
9.02554
14.5973
10.2988
10.299
17.501
20.5036
13.3217
20.5036
20.4032
20.5037
9.02568
20.5037
20.5037
17.494
13.3159
20.5037
9.02576
8.91535
17.493
10.4101
10.2937
10.2939
10.294
10.2942
10.2944
9.02644
10.295
9.02646
9.02648
9.02649
10.2964
10.2966
10.2967
9.02655
9.02656
20.5046
20.5046
20.5046
17.4949
9.02663
9.02665
10.2959
10.2961
9.02669
9.0267
9.02672
10.2975
10.2977
9.02676
10.2983
20.5048
20.5048
20.5048
20.5048
20.5048
15.593
20.3977
19.5822
15.5906
14.5862
9.02641
14.5867
14.5866
8.91339
14.5873
10.2926
10.2928
9.02705
10.2934
9.02708
10.2939
9.02711
17.4933
17.4929
13.3147
13.3143
17.4915
17.4911
13.3129
14.5868
17.49
10.2921
10.4074
9.02727
9.02729
14.5877
8.91369
10.2937
10.2938
10.294
10.2942
9.02793
10.2948
17.4936
17.4931
17.4926
9.028
17.4928
14.589
13.3146
15.5901
15.5893
20.3952
15.5877
14.5846
9.02749
14.5852
14.5851
10.2913
6.1098
20.5055
20.5056
20.5056
20.5056
20.5056
10.2876
10.2877
14.5798
17.483
9.02769
13.3055
9.02772
20.3888
10.2876
14.5795
14.5794
15.5813
15.5805
20.386
15.5789
19.5688
10.3954
10.2842
10.2844
10.2845
9.02718
10.2851
9.02721
10.2857
10.2859
9.02725
9.02727
10.2869
20.5053
20.5053
20.5053
20.5053
20.5053
10.283
14.5728
16.3278
20.5054
16.2012
10.3902
10.2808
10.2809
10.2811
14.57
17.4732
9.02752
20.3788
15.5715
15.5707
19.5607
10.2787
13.2922
20.3749
13.291
17.4682
10.3853
17.4676
9.02717
14.5645
9.0272
14.565
8.89864
9.02778
10.3872
6.09722
10.2791
10.2792
9.02785
9.02786
9.02787
9.02789
9.0279
20.5059
20.5059
20.5059
10.2792
20.506
10.3865
14.5656
13.2911
10.2782
9.02804
10.2788
10.2789
17.4697
20.3747
17.4685
10.3856
13.2903
14.5642
9.02816
17.468
9.02819
8.89811
14.5657
10.2788
9.02878
17.4697
12.7713
10.2786
17.4689
17.4685
9.0287
6.09693
5.46666
10.2787
9.02855
10.2793
14.5668
14.5667
10.3874
15.5674
15.5666
15.5658
20.3722
20.506
19.5537
16.1918
10.3807
16.3284
10.2737
9.02803
10.2743
10.2744
16.3284
17.4618
12.6541
9.02791
6.09179
9.02794
13.2845
17.4617
17.4613
17.4608
17.4604
17.46
10.3771
12.7625
14.5556
20.3642
13.2803
9.02794
10.2713
10.2715
17.4586
9.02799
13.2811
17.4583
17.4579
9.02805
9.02806
9.02807
9.02809
10.2726
9.02811
10.2731
10.2733
10.2735
6.09198
10.2738
9.0282
13.2849
20.3676
14.5581
17.4613
13.2832
17.4604
10.2727
10.2729
9.02832
10.2734
10.2736
10.2738
10.2739
9.02839
10.2745
10.2747
8.89466
10.2756
14.5609
10.2757
9.02902
17.465
20.37
17.4637
13.2856
13.2852
17.4624
10.3795
14.5586
20.5071
20.5071
20.5071
20.5072
20.5072
20.5072
20.3601
15.5507
15.55
19.5397
14.5478
9.02878
10.2673
10.2674
20.3575
17.4513
17.4508
6.08483
10.2667
10.2669
9.0289
14.5485
14.5484
10.3691
14.5482
9.02896
16.3293
15.5476
9.0288
6.08463
20.5068
12.6411
20.3541
15.5454
17.4469
15.5442
16.1733
10.3622
17.4446
9.02833
13.2671
17.4443
9.02837
8.88224
20.3507
9.02894
13.2674
9.02897
10.2631
10.2633
9.02901
17.4463
10.2636
17.4462
17.4457
17.4453
10.2629
9.0291
17.4457
10.3628
14.5419
13.2674
17.4447
20.3497
9.0292
14.5408
10.2623
17.4442
13.2661
9.02926
5.44951
9.02908
10.2627
14.5416
10.2628
10.263
6.08148
9.02916
9.02918
10.2641
10.2643
10.2645
9.02923
9.02924
10.2655
9.02927
10.266
9.0293
9.02931
9.02932
10.3691
14.5482
10.3689
10.3688
15.5478
15.547
15.5463
19.536
9.02874
10.2648
10.3657
10.3657
10.3656
9.0288
9.02882
17.4491
9.02884
17.4493
9.02887
12.7514
12.6407
16.3289
16.3289
14.5424
9.02859
10.3637
17.446
9.02863
10.2636
9.02866
10.3646
10.2642
13.2695
10.3643
17.4467
10.3638
8.88317
20.3524
14.5429
14.5428
10.3635
15.5426
15.5418
15.5411
20.3484
19.5301
20.5067
16.1681
10.2592
16.3291
10.3558
10.2583
9.02878
10.2589
16.3292
17.4382
12.6295
9.02865
6.07629
9.02867
17.4385
12.7403
17.4375
9.02857
9.02858
10.2584
9.02861
10.2589
9.02864
13.2623
17.4395
13.2614
20.3441
17.4379
10.3551
9.02873
14.5347
17.4379
12.7396
17.4369
9.02864
9.02865
10.2579
10.2581
9.02869
17.4387
13.2606
9.02873
13.2608
20.3435
17.4373
9.02878
10.355
14.5341
10.3548
9.02884
10.3553
10.3552
10.258
10.2581
9.0289
14.5354
10.3561
17.4385
9.02895
10.2587
10.2589
12.6308
17.4385
16.3292
17.4367
16.3292
9.02886
10.3533
20.5069
9.0289
10.2563
16.1632
10.3522
17.4345
13.2564
6.07371
13.2777
9.029
14.5308
14.5308
17.4339
16.3294
16.3294
20.5071
9.02909
10.2533
16.1585
10.3475
10.3474
17.4298
17.4293
10.2523
13.2515
13.2726
14.5251
14.525
10.2518
9.02926
10.2524
9.02929
10.2529
9.02931
6.0718
16.3297
10.347
12.6205
17.4288
9.02919
20.5072
16.3296
14.5235
16.1545
14.5227
10.3434
17.4257
