0.019
0.0263445
0.0658292
0.018
0.0373875
0.0339243
0.0384513
0.019
0.0273346
0.019
0.0553117
0.0373875
0.0373875
0.0373875
0.0373875
0.0551628
0.05559
0.0554903
0.0542281
0.0530923
0.0520648
0.0511309
0.0502782
0.018
0.018
0.018
0.018
0.018
0.0373875
0.0373875
0.0373875
0.0373875
0.018
0.018
0.018
0.0373875
0.0373875
0.0373875
0.0373875
0.0348131
0.0373875
0.0373875
0.0373875
0.0409965
0.0373875
0.018
0.018
0.017
0.019
0.051955
0.0177704
0.017
0.017
0.0179879
0.0372022
0.017
0.017
0.019
0.017
0.0418462
0.017
0.0193992
0.0372022
0.018
0.0373875
0.018
0.0300348
0.0209933
0.0296454
0.017
0.019
0.020699
0.046523
0.0218502
0.019
0.018
0.0373875
0.018
0.028666
0.018
0.0229977
0.019
0.0207186
0.0206285
0.046523
0.0373875
0.0365244
0.0383424
0.019
0.019
0.0594713
0.019
0.019
0.018
0.020983
0.018161
0.0260655
0.018
0.0207512
0.017
0.0180077
0.018
0.0373875
0.0180825
0.0448714
0.0420462
0.018
0.0226102
0.017
0.022592
0.022507
0.0597561
0.0375484
0.0373875
0.019
0.0233803
0.0232928
0.018054
0.0364914
0.0552174
0.019
0.0532695
0.018
0.0195899
0.0222646
0.017
0.019
0.0251313
0.0523852
0.039703
0.0333665
0.0353554
0.046296
0.0373875
0.0195623
0.0195004
0.018
0.018
0.0373875
0.0373875
0.0336518
0.0373875
0.0228998
0.0553117
0.0227973
0.0227312
0.0372022
0.0235757
0.0491819
0.0373875
0.0372022
0.0553117
0.0373875
0.0373875
0.0372022
0.0201902
0.043435
0.0372022
0.0199079
0.0198586
0.043435
0.0373875
0.0372022
0.0372022
0.0372022
0.0372022
0.0372022
0.0553117
0.0372022
0.0184364
0.0541356
0.0336518
0.0437843
0.0183618
0.0372022
0.01815
0.043435
0.0372022
0.0372022
0.051055
0.0372022
0.0553117
0.0178742
0.0372022
0.0553117
0.0336518
0.0372022
0.0553117
0.0373875
0.0373875
0.0373875
0.0372022
0.0372022
0.0553117
0.0178742
0.0541356
0.0336518
0.0178742
0.0372022
0.0372022
0.0178742
0.043435
0.0437843
0.0336518
0.0372022
0.0178742
0.0372022
0.0372022
0.0553117
0.0372022
0.019
0.0372022
0.0178742
0.0430252
0.0372022
0.051055
0.0373875
0.0373875
0.0372022
0.0485175
0.019
0.019
0.0553117
0.0335088
0.0373875
0.0373875
0.0376393
0.019
0.019
0.019
0.019
0.0178742
0.0439761
0.0373875
0.0373875
0.0372434
0.0373875
0.0373875
0.0222784
0.019
0.0222949
0.019
0.019
0.019
0.019
0.019
0.0553117
0.0373875
0.0373875
0.0373875
0.0373875
0.0350581
0.0373875
0.0373875
0.0373875
0.0373875
0.0403103
0.0373875
0.0372022
0.0586275
0.0337534
0.018
0.0373875
0.0229953
0.017
0.0437484
0.0434828
0.017
0.018
0.019
0.0209599
0.0209275
0.0208954
0.019
0.0209084
0.0208767
0.0208452
0.0208139
0.0207829
0.019
0.017
0.0317549
0.0553117
0.0372022
0.0372022
0.0182077
0.0182077
0.018
0.0189088
0.0372022
0.0553117
0.0377719
0.017
0.040171
0.017
0.040171
0.017
0.0389595
0.0384186
0.0406147
0.0373875
0.0373875
0.0373875
0.0360394
0.0359642
0.0553117
0.0359312
0.0553117
0.0358986
0.0186951
0.0186951
0.0553117
0.018
0.0186951
0.018
0.018
0.0180436
0.017
0.019
0.018
0.0373875
0.0373875
0.0373875
0.0373875
0.018
0.018
0.018
0.018
0.0372022
0.0372022
0.018
0.018
0.0199343
0.018
0.0373875
0.0373875
0.0373875
0.0365805
0.019
0.0511425
0.018
0.018
0.0373875
0.036201
0.0338253
0.035816
0.0351999
0.035816
0.018
0.0373875
0.017
0.017
0.0471021
0.0448527
0.018
0.0447505
0.0409234
0.0373875
0.0373875
0.0361477
0.0735164
0.0555479
0.019
0.0355905
0.0355289
0.0553202
0.0373875
0.0373875
0.0367527
0.0373875
0.0373875
0.019
0.0735164
0.0354785
0.0553117
0.0367527
0.035931
0.0373875
0.0373875
0.0373875
0.018
0.018
0.018
0.018
0.0209082
0.019
0.0610504
0.019
0.0208908
0.0269187
0.0626825
0.05559
0.019
0.019
0.019
0.019
0.0352149
0.0553117
0.0351459
0.019
0.019
0.0372022
0.0372022
0.0372022
0.0735164
0.05559
0.0354885
0.019
0.0735164
0.0180122
0.0714579
0.05559
0.05559
0.019
0.019
0.0553117
0.0563594
0.019
0.019
0.0686064
0.0506351
0.0578891
0.05559
0.0180122
0.0612473
0.0180122
0.0714579
0.020148
0.0180122
0.0201426
0.0201264
0.0265616
0.0553117
0.019
0.0453776
0.0373875
0.0185518
0.0205344
0.019
0.019
0.018
0.018
0.0372022
0.019
0.0372022
0.0372022
0.019
0.019
0.0372022
0.0553117
0.019
0.0714444
0.018
0.0373875
0.0373875
0.019
0.019
0.018396
0.018396
0.019
0.018
0.019
0.018
0.019
0.019
0.0553117
0.0402564
0.0352133
0.0402564
0.0372022
0.0553117
0.0372022
0.0372022
0.0553117
0.019
0.0735164
0.0340206
0.0358956
0.0370849
0.018
0.0372022
0.0735164
0.05559
0.0550934
0.05559
0.0265759
0.0735164
0.0399516
0.039821
0.018
0.018
0.0373875
0.0372022
0.0372022
0.019
0.0735164
0.055473
0.0372022
0.0372022
0.019
0.0372022
0.0372022
0.0372022
0.019
0.019
0.019
0.019
0.0372022
0.0372022
0.0372022
0.0372022
0.019
0.0735164
0.05559
0.05559
0.05559
0.05559
0.019
0.018
0.018
0.018
0.0372022
0.0252434
0.0252204
0.0372022
0.018
0.018
0.0372022
0.0735164
0.0370535
0.0370535
0.0504359
0.0373875
0.0373875
0.0373875
0.0348292
0.0372022
0.0553117
0.0373875
0.0565645
0.0365085
0.0372022
0.0372022
0.0735164
0.0372022
0.0735164
0.05559
0.0369607
0.0356504
0.0373875
0.0563769
0.0372022
0.0553117
0.0373875
0.0373875
0.0373875
0.0373875
0.0577945
0.0575805
0.0532355
0.05559
0.019
0.019
0.0735164
0.019
0.0735164
0.018
0.019
0.018
0.018
0.019
0.018
0.05559
0.05559
0.018
0.05559
0.018
0.05559
0.018
0.05559
0.018
0.019
0.018
0.019
0.019
0.018
0.019
0.019
0.019
0.019
0.019
0.019
0.0735164
0.05559
0.019
0.0735164
0.05559
0.05559
0.0370535
0.0359885
0.018
0.018
0.018
0.0373875
0.0373875
0.0173402
0.0173402
0.0494214
0.0173402
0.044615
0.0173402
0.0372022
0.036201
0.018
0.018
0.05559
0.036201
0.05559
0.0538459
0.0351999
0.0372022
0.0735164
0.0177491
0.0572318
0.019
0.018
0.0351999
0.018
0.019
0.019
0.0735164
0.019
0.0174039
0.0174039
0.0174039
0.0583397
0.05559
0.0372022
0.0645999
0.0372022
0.0372022
0.0466551
0.046459
0.0328748
0.0373875
0.0373875
0.019
0.019
0.019
0.019
0.019
0.019
0.019
0.019
0.0447515
0.0373875
0.0373875
0.0373875
0.0373875
0.0373875
0.0373875
0.0373875
0.019
0.0184237
0.017
0.0328773
0.0404512
0.0373875
0.0373875
0.0373875
0.0373875
0.0351999
0.035218
0.0409882
0.0351999
0.0351999
0.0351999
0.0351999
0.0409882
0.0351999
0.0402326
0.019
0.0553117
0.019
0.0201986
0.019
0.0628048
0.0182254
0.0405304
0.0372022
0.0483766
0.0486836
0.036201
0.019885
0.0553117
0.036201
0.036201
0.018
0.036201
0.019
0.019
0.019
0.036201
0.019
0.0735164
0.0372022
0.0372022
0.0553117
0.0373875
0.0567845
0.0372022
0.0307864
0.0198548
0.067784
0.036201
0.0372022
0.0553117
0.0372022
0.0372022
0.0674446
0.0372022
0.018
0.0372022
0.0372022
0.036201
0.036201
0.036201
0.036201
0.036201
0.0372022
0.0372022
0.0372022
0.0372022
0.0735164
0.05559
0.0372022
0.0292139
0.0372022
0.0291371
0.019
0.019
0.019
0.018
0.0372022
0.0372022
0.0651255
0.036201
0.0470896
0.036201
0.0469796
0.036201
0.036201
0.0355753
0.0627066
0.0197832
0.0735164
0.018
0.036201
0.0373875
0.0184563
0.0298749
0.0363755
0.0412369
0.018
0.0331459
0.0329478
0.0337689
0.033742
0.0337152
0.0336885
0.0553117
0.0328249
0.0336464
0.0327729
0.0553117
0.0373875
0.0336508
0.0336244
0.0327512
0.033573
0.0553117
0.0331007
0.0373875
0.0373875
0.0373875
0.0373875
0.033696
0.0553117
0.0336798
0.019
0.0553117
0.0372022
0.019
0.019
0.0553117
0.0373875
0.0373875
0.0373875
0.0295025
0.0184563
0.0294888
0.0294684
0.029448
0.0184563
0.0184563
0.0184563
0.0294479
0.0294277
0.036201
0.036201
0.036201
0.0373875
0.0290773
0.0553117
0.036201
0.036201
0.0373875
0.0288535
0.0553117
0.036201
0.036201
0.0286218
0.036201
0.0373875
0.0373875
0.0373875
0.0285243
0.0285057
0.0284872
0.0553117
0.0353244
0.0369924
0.0358556
0.0358284
0.0643886
0.0464455
0.025962
0.0450456
0.0259396
0.0450233
0.037408
0.036201
0.0373875
0.0549724
0.0258544
0.0372022
0.0275282
0.0735164
0.0173134
0.0173134
0.0372022
0.0372022
0.0182835
0.0182763
0.0365238
0.0373875
0.0372022
0.018
0.018
0.0364446
0.0468147
0.0372022
0.018
0.018
0.036201
0.0373875
0.019
0.0372022
0.0372022
0.018
0.0372022
0.0372022
0.036201
0.036201
0.018
0.0373875
0.0364051
0.0384906
0.0520367
0.0432661
0.0373875
