14.1064
14.1064
12.1692
12.078
11.67
19.8198
12.801
12.1832
17.4982
19.9289
15.5603
15.3662
11.9117
10.9024
19.5816
11.967
16.7764
19.7181
11.0365
17.7349
23.0607
22.963
19.4652
19.5273
16.6005
16.4315
19.5447
23.0322
22.9608
19.449
10.7215
19.4442
17.8395
16.5161
19.5268
10.8174
17.4143
22.982
22.9297
22.8803
17.7053
19.3948
16.3744
19.4281
19.4628
19.4961
23.0167
17.834
19.5162
16.3273
19.5401
19.5687
19.5963
19.6231
11.9487
11.9738
23.2003
23.1635
11.9238
19.6485
19.6721
16.2421
16.0874
10.7431
19.6345
17.1389
19.6475
16.3706
19.6612
23.1945
23.1643
19.6202
10.7278
19.6111
17.9793
23.1664
17.9701
19.6395
16.2893
19.6514
19.6688
19.6859
19.7027
19.7191
19.7351
23.2737
23.2486
19.7004
19.7161
19.7315
19.7466
18.5022
19.7751
19.7894
23.3301
18.1292
19.794
16.2126
19.8
19.8132
19.8263
16.2336
19.8314
18.5877
19.8553
19.8674
19.8793
10.8174
19.8659
12.9467
19.6157
12.976
19.8837
10.8487
12.8087
10.8584
19.8521
12.8664
13.142
19.8697
19.8799
23.4252
23.4064
23.3879
14.585
18.1419
19.8032
10.7989
23.3305
14.5682
18.0867
23.2852
13.0209
19.3511
19.7445
23.2926
14.5187
18.0509
23.2505
12.9512
19.3176
19.7095
19.7193
23.2684
14.4763
19.6793
23.229
23.2146
19.2802
19.6687
19.6783
18.0369
19.6972
23.2474
14.4174
18.0093
19.6695
19.6787
19.6878
19.6968
10.9324
19.6969
13.684
19.7134
19.722
33.7798
23.2389
33.7061
31.6176
23.1498
19.595
10.5409
10.546
19.5761
15.7332
19.5937
19.6024
19.6109
15.7676
10.5796
19.6144
11.7401
19.6223
19.6305
19.6386
10.6065
19.6336
19.6415
19.6493
19.6571
19.6648
19.6724
10.6357
33.705
23.1838
19.6275
33.6524
26.3915
23.1225
19.5665
10.5246
19.5625
19.2278
19.5764
19.5839
19.5915
19.5989
17.0895
19.6088
10.5626
33.6101
33.569
23.099
33.5131
23.0641
19.5079
19.5154
10.4629
10.4673
19.5015
17.038
19.5117
19.176
23.0727
33.4796
33.4417
33.4041
19.4436
19.451
32.5338
19.4323
19.4396
19.4469
19.4541
19.4613
33.3954
31.7107
22.9713
21.3145
33.2987
19.385
19.3923
33.2835
10.2863
19.3681
16.4616
19.3735
10.3044
22.9208
33.2435
31.5615
33.1775
19.301
33.1546
10.209
19.279
16.3921
19.2848
19.292
19.2991
19.3062
20.4722
17.6923
21.2013
19.294
10.2319
10.2363
20.4953
19.2725
21.1805
22.8234
33.1091
33.0791
22.7788
20.8949
19.2102
22.7676
19.2112
22.7687
21.1137
22.7571
22.7513
20.8444
32.9767
32.9485
22.6977
21.0432
22.6869
20.7664
32.8778
32.8505
19.0845
22.6424
16.9431
32.8279
22.6215
22.6165
20.6815
22.6008
19.0448
22.603
20.9491
19.0421
22.6004
19.0443
21.3056
11.9995
22.595
22.5903
32.741
22.5696
32.7081
20.59
22.539
22.5347
18.9787
16.8029
21.5147
22.5281
18.972
16.8024
21.514
19.5322
20.8779
22.5228
20.5662
32.6274
32.604
18.927
22.4858
16.7505
22.4833
32.58
22.4647
22.4608
20.4888
22.4477
18.8917
22.4506
20.7977
18.8908
16.6995
18.8989
32.5431
32.5211
22.4298
20.44
18.8649
22.424
18.8678
22.4269
20.7742
18.8672
18.8737
19.9448
17.168
9.75337
19.9615
18.8595
20.7696
22.4152
20.7626
18.8554
9.74607
20.7605
22.4062
20.4289
32.4515
32.4311
18.8156
22.375
16.6188
32.4178
32.3978
22.3479
20.3603
18.7836
22.3432
18.7868
22.3464
20.6941
32.363
22.3278
22.3248
20.3192
22.3141
18.7577
22.3174
20.6652
22.3115
9.62393
19.823
18.7432
20.6538
22.3002
18.7436
18.7497
19.819
17.042
20.6545
18.7471
9.62849
18.7488
22.3086
18.7519
20.9756
19.393
22.3074
16.543
22.3062
20.9735
19.3802
18.7451
18.751
22.3109
30.6086
30.6488
18.7287
22.2887
18.7318
20.9536
19.3749
22.2877
20.6358
22.2825
20.2836
32.2644
32.2473
18.6968
22.257
16.4791
32.2375
22.2454
22.2429
20.2355
22.2338
18.6768
22.2371
20.5853
22.2323
22.2299
20.2122
32.1812
32.1649
22.2003
16.406
22.1997
20.8405
19.2951
18.6391
18.6447
22.2051
30.4079
30.4853
22.1801
32.1144
22.1679
32.0948
20.1295
22.1497
32.0675
32.0521
22.128
20.0947
18.5649
22.1256
18.5685
22.1292
20.4776
9.4236
19.6107
18.5608
20.472
22.1196
18.5623
18.5678
9.43034
17.0452
15.177
20.4713
20.4693
18.5615
9.4328
14.7054
9.44096
14.7197
17.0757
18.5489
20.4602
32.0247
32.0102
36.9054
22.0731
14.6805
16.5803
22.0619
18.5045
22.0655
18.508
20.4194
22.0672
36.9055
31.9352
31.9214
16.5314
22.0244
20.373
22.021
16.5198
31.8805
36.9057
31.8429
21.9793
18.4219
21.983
21.9815
16.4735
31.8194
31.8061
31.7929
36.9126
21.9325
16.4217
21.924
21.9226
14.5221
20.27
18.3623
21.9237
21.9222
18.059
31.7316
36.9096
31.6961
21.8832
18.3257
21.8871
21.8858
18.0162
31.6752
31.6628
31.6504
36.9161
21.8398
17.9675
21.8321
21.8309
14.425
21.8285
18.2709
31.6069
36.9149
21.8108
14.4042
17.9474
21.8022
18.2446
21.8063
18.2487
21.8104
36.9137
31.5507
31.539
18.224
17.9149
21.7796
14.3754
21.7775
9.10509
14.3861
17.1391
18.2108
20.1225
31.523
21.7642
36.853
31.4888
31.4774
17.8857
21.7295
18.1718
18.177
14.3524
17.1055
17.7908
20.0847
20.0837
18.176
9.08048
14.3679
18.1783
21.7401
16.5314
20.2554
18.1843
15.5843
21.7484
20.2594
16.5366
18.1925
31.5017
31.4908
21.7406
18.1827
18.1876
18.1925
14.3773
17.1309
17.8178
20.1003
9.10021
14.3913
17.1459
18.1843
20.0962
31.495
31.4843
36.8179
21.7193
14.3643
17.9098
21.7123
18.1542
21.7161
18.1581
21.72
20.0691
18.161
9.08131
14.3759
36.8056
31.4424
31.4321
18.1381
17.8948
21.6949
14.3523
21.6933
21.6925
36.7626
31.3996
31.3895
17.8639
21.6618
31.3717
36.7062
21.6429
17.8378
21.637
21.6363
14.2931
21.635
18.0768
21.6389
21.6382
17.8353
31.3298
31.32
21.6202
21.6194
17.8154
31.3014
36.6365
31.2741
21.5903
18.0321
21.5943
21.5936
18.6355
21.5871
36.6034
31.2412
31.2318
9.65685
21.5649
21.5642
18.6069
21.5579
21.5573
31.2137
31.2045
9.63926
18.5934
21.5409
17.9826
21.5449
17.9867
31.2024
31.1933
36.5292
18.5695
21.521
13.5278
14.1445
21.5166
17.9583
36.5048
31.1431
31.1342
18.5405
21.4933
21.4928
9.58784
21.4938
17.9355
17.9401
21.1118
10.2413
10.2458
10.2503
10.2548
17.9617
17.9662
19.0852
17.9678
21.1413
17.9713
8.88835
9.62285
21.5339
12.4559
17.9697
17.9741
17.9785
19.1091
21.1468
17.9791
15.1845
17.9863
17.9907
17.995
17.9993
21.1719
10.3003
19.1251
18.0041
18.0084
21.5707
12.4884
9.65635
15.6673
19.9105
17.846
18.0053
18.0095
18.0137
18.0179
19.93
18.0215
18.0257
21.588
18.0293
31.2638
18.0281
21.5904
17.8156
31.2647
21.5877
18.0289
21.5912
21.5907
19.9398
29.6081
31.2487
21.5791
16.7066
29.5863
31.2269
31.2188
29.5617
31.2024
17.9911
29.5512
29.5431
29.535
21.5382
31.1747
21.5326
31.1655
31.1576
17.9637
19.8758
31.1542
21.5207
24.0913
31.133
31.1252
29.4684
21.4961
29.4595
31.1006
21.4858
17.927
31.0976
31.0898
31.0821
31.0744
24.0034
21.4609
31.0539
19.8052
17.8969
21.4595
17.9006
31.0558
31.0482
29.3917
17.8903
29.3899
23.96
21.4392
29.3698
17.8756
29.368
31.0094
31.002
29.3457
23.9128
17.8521
30.9814
30.974
21.4054
21.4052
30.965
17.8417
17.8457
17.8497
21.4123
21.412
14.9509
17.8558
21.4184
12.2941
9.43409
15.4528
19.7594
17.5493
19.7622
17.8538
9.44255
8.74003
8.7432
9.45865
21.4171
15.4735
12.3101
19.7571
36.3249
21.3987
21.3984
30.9635
30.9564
9.43783
18.397
21.3861
17.8271
21.3898
17.8307
36.3033
30.9436
30.9366
18.3797
21.3717
21.3714
9.42265
21.3726
17.8135
17.8174
21.38
21.3798
21.3795
18.3817
21.375
21.3747
21.3745
18.3782
21.3699
36.2683
30.9088
30.902
13.9924
21.3542
30.8974
30.8907
13.9843
18.3532
21.3426
17.7835
21.3462
17.7871
36.2383
30.8789
30.8722
18.3369
21.3291
21.3289
13.9702
21.3301
17.7709
17.7747
21.3374
21.3372
18.3405
21.3329
8.66887
17.7729
21.3357
12.237
13.9832
15.4072
19.6778
17.5486
19.6805
17.772
13.9912
8.68234
17.7762
21.339
17.7797
30.8867
17.7793
21.342
17.5371
17.7856
19.6977
20.4393
17.7874
17.5415
17.5441
30.8979
21.3464
17.787
21.3498
21.3496
19.6987
29.2451
30.8876
21.3411
17.5248
29.2288
30.8714
30.8651
29.2099
30.8525
17.7595
29.2024
30.8451
30.8388
29.1837
21.3066
29.1769
29.1707
19.6479
21.2985
23.756
30.8027
30.7966
30.7905
29.1355
29.1294
21.2718
30.7717
21.2678
30.7651
30.7591
17.7009
19.6129
30.7577
21.2598
23.6851
30.7417
30.7357
29.0809
21.2413
29.0745
30.7175
21.2337
17.6743
30.7162
30.7103
30.7044
30.6985
23.6191
21.2153
30.683
19.5607
17.6522
29.0329
17.6521
29.0322
30.6753
30.6695
29.0148
23.579
17.6341
30.6538
30.6481
21.1898
21.1898
30.6417
17.6268
17.6303
17.6339
21.1968
21.1968
15.7767
21.1992
17.6397
30.6587
30.6531
28.9986
17.6326
28.9979
23.5502
21.1851
17.6256
21.1886
12.0602
13.787
17.2123
19.5317
17.3037
8.50066
13.799
21.186
17.2221
12.0684
19.5279
35.9777
21.1719
19.5209
17.6123
13.7956
8.50058
21.176
30.627
30.6215
13.7944
18.1646
21.167
17.6075
21.1704
17.6109
35.9716
30.6135
30.6081
18.1522
21.1568
21.1568
13.7846
21.1581
17.5985
17.6019
21.1649
21.1649
18.1568
21.1615
35.9534
30.5954
30.5901
13.7738
30.5875
30.5822
35.9245
18.1279
21.1328
18.6414
20.7514
21.131
17.5714
21.1344
21.1344
18.1269
21.1312
17.5715
15.7489
17.5772
17.5805
17.5838
21.0302
19.4951
12.035
30.3568
30.5718
21.1352
17.3881
30.3468
30.5644
12.0212
21.1269
21.0205
17.5665
17.3874
17.5723
17.5756
17.5789
30.5766
30.5714
30.3392
19.4806
12.0211
17.5682
21.0215
17.3866
17.5732
17.3912
8.46703
21.1382
14.9959
12.0322
21.1324
30.3651
19.4776
21.1286
17.5688
17.402
8.46785
21.1338
30.5689
30.3643
12.0261
19.4172
20.1487
17.5619
19.474
21.0416
17.5643
21.1274
14.9947
17.4111
12.0301
21.1242
18.1748
21.1269
13.2845
21.1281
17.5682
17.5714
21.1344
15.0059
17.4259
12.0398
21.1312
18.1791
17.4343
8.4801
21.1359
15.0178
12.0453
21.1303
30.4169
19.4757
21.1266
17.5667
17.4449
8.48078
30.5737
19.4777
21.1287
12.0424
17.4531
21.0861
17.5672
17.5702
17.5733
30.4303
30.575
12.0441
21.1263
21.0852
17.5657
17.4562
17.5711
17.5741
17.5772
17.5802
21.095
19.4916
12.0564
30.4405
30.5803
21.1326
17.4577
30.5788
30.4243
19.4774
12.043
17.5651
21.0873
17.4569
17.5697
21.1328
30.5758
30.4224
12.0418
19.4448
20.1461
17.5614
19.4735
21.0861
17.5637
21.0873
19.4751
12.043
21.1229
13.3045
21.124
17.5639
17.5669
21.2863
21.1292
17.5691
14.6778
17.5737
21.1367
17.5767
28.9379
21.1368
21.1368
21.1368
28.9325
21.1339
21.1339
19.5918
21.133
17.573
17.5759
17.5788
29.0114
21.1389
30.5824
15.925
17.5788
35.9343
17.576
21.268
17.5781
17.581
21.144
15.9329
17.5868
28.9473
21.1469
19.5859
21.146
17.5859
17.5887
17.5916
17.5944
29.0304
21.1546
30.6013
15.9406
28.9519
21.1517
21.1518
17.5916
19.5802
17.5935
21.1565
17.5963
29.0308
30.6019
28.9485
35.9413
15.9341
35.2566
28.9264
15.9257
21.1397
14.6384
21.1413
17.5811
17.5839
21.2361
21.1462
17.586
15.9378
21.1518
17.5916
28.9466
21.1518
21.1518
28.9418
21.228
21.1484
19.5509
15.9363
21.1503
17.59
29.8354
21.1492
21.1492
21.1492
15.4682
30.5844
21.1457
30.5798
21.143
15.9318
21.1458
20.7821
21.1456
30.5783
17.5827
28.9793
35.922
34.2648
36.9206
15.9127
36.9215
30.5317
21.1132
15.902
21.116
15.4136
15.9041
21.1181
21.412
21.1128
29.7533
20.7472
21.1089
29.7472
21.1052
15.4052
26.7997
15.8879
15.8907
17.5444
21.1074
35.8675
36.9228
21.0942
36.9238
34.1819
30.4741
20.715
30.4696
30.4655
21.0705
21.0706
17.5103
15.9417
30.4679
30.4638
30.4597
21.0675
30.4555
21.065
21.0651
20.7065
17.5046
21.0677
15.8565
21.0705
30.4584
28.8559
15.8541
35.8027
36.9346
15.8891
17.4967
29.6447
21.3043
21.0509
34.1288
26.6397
21.0377
28.7611
30.4061
21.0328
20.6749
17.4724
21.0355
15.8242
21.0383
30.4092
28.8069
15.822
17.4757
35.7576
30.4011
29.5971
21.0278
20.6716
28.7935
35.7366
21.0203
36.9385
30.3685
30.3646
21.0079
36.9403
34.0451
20.993
15.833
30.3405
30.0308
30.3322
15.7756
34.032
17.4243
20.9875
15.7762
20.9903
30.3321
30.3283
17.4252
20.9884
34.0281
20.9836
20.6316
20.9837
30.3204
30.3166
30.3129
30.3091
36.9498
36.9502
35.6277
17.3917
33.9751
28.6696
30.264
36.9528
30.2453
36.9537
33.9303
35.5718
17.3558
30.2194
28.6176
30.2121
30.2084
20.9098
20.91
20.9102
20.5628
19.6561
30.204
36.9585
36.959
33.8745
30.1673
17.3229
35.5163
30.1602
28.5585
30.153
30.1494
20.8725
20.8727
20.8729
19.6084
20.527
20.8725
30.1454
20.8704
28.544
20.8684
35.4874
36.9663
30.1206
29.7434
20.852
33.8131
36.9678
15.6246
33.7944
15.6237
30.0911
17.2751
30.0915
30.088
30.0845
30.081
30.0776
36.9715
36.9719
17.2506
35.4018
33.7459
28.4409
30.0355
20.8006
36.9748
30.0181
36.9756
17.2218
30.0079
35.3534
29.9976
28.3963
20.7744
20.7747
29.9913
20.7728
20.4346
15.5615
29.992
29.9887
19.4746
17.2103
29.9884
20.7716
17.2112
20.7746
35.3382
36.983
33.6721
28.3163
29.9619
26.126
15.4869
20.7496
29.9521
17.1871
20.7505
20.7508
20.7511
17.1906
20.754
16.682
11.5687
25.5593
29.9487
20.7449
20.7452
29.946
20.7435
20.7438
11.5609
16.6769
20.7403
15.5289
17.1825
20.7459
15.5344
20.7488
16.6824
11.5669
16.6843
8.00233
29.9471
25.5604
17.1776
11.5663
20.7385
16.6871
20.7376
15.5261
20.7405
29.9436
25.5604
21.4549
17.1745
17.5724
11.5652
17.1738
25.5649
20.7338
20.7341
19.4603
20.7338
11.5646
20.7318
20.7321
20.7324
20.7327
7.99963
20.7327
20.733
17.5771
17.1717
20.7351
20.7354
20.7357
17.1751
20.7385
20.7388
20.7391
17.1785
35.2958
20.7377
20.738
35.3333
27.8031
36.5013
17.1549
36.9689
17.151
20.7144
20.7147
20.715
36.4974
27.8031
20.6993
35.3314
35.2228
17.1282
17.1307
17.1333
20.6967
17.1361
20.6996
12.1338
20.7006
20.7009
35.2338
17.1362
35.3345
27.8031
36.4989
36.9698
20.6712
20.6715
20.6718
20.6721
17.1115
36.972
36.4945
27.8031
12.0896
35.3312
17.0866
35.1579
12.6183
20.6472
20.6475
20.6478
16.4517
20.6503
17.0897
35.162
35.3336
36.4964
20.6362
20.6366
20.6369
20.6372
20.6376
17.077
17.0795
35.1451
35.3368
17.0718
16.418
17.0764
17.0789
17.0814
12.607
17.085
17.0875
17.09
20.6535
20.6538
17.0932
20.6566
35.1643
35.3406
27.8031
36.4881
17.0706
20.634
17.0734
20.6369
36.9774
16.4024
17.0722
12.5944
17.0758
17.0783
29.7921
29.7893
17.0771
29.7899
17.0778
29.7905
29.7877
17.0767
17.0791
29.0408
26.0836
29.7838
15.687
15.6496
17.0776
29.7902
15.6913
26.0865
15.6521
17.0787
29.7923
17.0793
29.0446
26.0871
17.0759
15.6547
15.6925
17.082
17.0844
20.6479
20.6482
13.7187
20.6488
20.6491
11.4683
20.6472
7.90366
13.7176
20.6477
20.648
20.6483
11.4702
24.872
29.7957
24.8662
15.4253
29.7917
11.4638
12.8032
20.6354
20.6357
20.636
17.0753
20.6387
20.639
20.6394
7.90092
15.4275
20.6419
12.8085
11.4695
17.0785
29.7967
20.6402
20.6405
11.4694
12.8113
20.6382
15.4265
20.6409
17.0801
29.7992
24.8763
17.0772
11.4711
12.8148
20.638
20.6383
15.4265
20.641
17.0802
11.4749
12.8194
24.884
29.7929
20.6357
20.6361
20.6364
29.7911
18.9841
17.0742
19.5153
24.8774
17.0721
12.8162
20.6351
11.8044
20.6366
17.0758
12.3621
17.079
30.4306
27.8031
36.9598
32.3485
24.1643
20.6105
35.3091
20.6052
12.3368
20.6064
17.0456
20.6091
20.6094
17.0486
17.0509
20.6143
12.3438
20.6156
17.0547
20.6182
20.6185
17.0577
17.06
24.1743
20.6203
15.4085
20.6229
12.8103
11.4614
17.0595
12.8141
29.7733
20.6209
24.8667
15.4056
20.62
20.6204
20.6207
17.0598
12.3535
17.063
30.4327
27.8031
36.9552
32.3508
24.1507
20.5953
35.3046
15.3779
20.5924
12.7921
11.4373
17.029
20.5925
17.0316
11.4412
12.7991
24.8407
29.728
20.5877
20.588
24.8349
29.7218
20.5834
20.5837
13.6542
20.5844
20.5847
11.4332
20.583
20.5833
20.5837
7.86843
20.5839
7.87034
13.6544
20.5845
20.5848
20.5851
11.437
24.8368
29.7169
17.0174
18.9299
19.3382
11.435
17.0176
28.0936
17.0165
29.7176
11.4349
19.3425
20.576
20.5763
18.9258
15.3648
18.9283
15.3673
11.4386
19.3465
28.0979
29.7137
20.5746
20.5749
20.5752
7.86992
20.5755
20.5758
20.5761
18.9255
11.4365
28.0961
29.7081
19.3444
29.7052
18.9172
28.0879
17.0039
20.5674
20.5677
20.568
15.3561
29.7061
28.0874
17.0045
11.4307
19.3442
18.9148
20.566
17.0051
20.5685
14.7227
20.5698
17.0088
20.5723
20.5726
15.3606
17.0138
29.7165
18.9248
20.576
11.438
19.3504
20.574
17.0131
18.9256
17.0156
20.579
18.9284
20.5796
7.87676
14.7334
17.0195
30.4436
27.8031
36.9318
32.3631
28.6257
20.5538
36.9303
28.6148
20.5461
20.5464
18.8958
20.547
20.5474
20.5477
11.4156
20.5461
29.6736
18.894
16.984
19.4836
28.0684
16.9823
14.7093
16.9853
30.4466
27.8031
36.9256
32.3664
28.5879
20.5201
36.9241
28.5773
20.5125
20.3563
25.8377
16.9488
16.951
19.845
16.9532
20.5167
16.9557
20.5192
16.9581
16.9603
34.9915
35.2769
36.9261
36.9264
27.9645
35.2782
32.3656
30.4478
20.4836
14.6541
20.4849
16.9239
20.4874
20.4877
15.2757
16.9288
16.931
28.5416
20.4917
16.9307
20.3313
16.9327
25.8071
19.8262
16.9324
29.5997
18.8435
16.9334
20.4969
20.3315
16.9358
20.4993
19.8343
25.8092
28.5446
20.4944
20.4947
36.9266
27.9416
34.9379
35.2787
29.573
29.5707
20.4759
35.28
36.9291
34.9033
35.2809
18.8055
15.2444
11.3273
19.2463
27.9369
29.536
20.4525
20.4529
35.2794
29.5243
34.8718
36.9292
35.2807
27.8533
20.4308
29.5003
20.4298
20.4302
27.85
29.4967
20.4278
19.0805
36.9311
35.2825
34.8285
29.4739
20.4128
20.4131
16.8521
20.4156
29.4759
16.8532
18.7658
33.178
20.414
20.4144
35.2865
20.4099
36.0616
20.4037
34.8062
27.8375
20.3996
18.7491
20.4004
20.4007
20.4011
11.2618
20.3998
18.7493
20.4006
7.69717
20.401
7.69904
20.4014
20.4018
20.4022
18.7516
11.266
27.8423
29.4498
29.4477
18.7448
20.3961
11.2613
19.1771
20.3945
16.8334
18.7461
16.8359
27.8413
16.8351
29.4506
11.2637
19.1808
20.3954
20.3958
18.7453
15.1841
18.7477
15.1865
11.2676
19.185
27.8467
29.4487
20.395
20.3954
19.1825
29.4471
18.7433
27.8398
16.8303
20.3938
20.3942
20.3945
15.1824
29.4489
27.8402
16.8314
11.2638
19.1834
18.7421
20.3934
16.8323
16.8343
18.7469
19.186
11.2677
16.8348
27.8506
16.8341
29.4518
11.2681
19.1903
20.3945
20.3948
18.7443
15.1831
20.3976
14.5653
20.3988
16.8377
20.4012
20.4016
15.1895
16.8425
19.1975
20.4057
16.8446
20.4081
16.8469
16.849
34.823
35.2803
36.9294
36.9297
27.7985
35.2814
32.3638
30.4461
29.4188
27.8138
16.8106
11.2454
19.1673
18.7214
20.3727
16.8115
36.9266
27.7622
34.7589
35.2786
29.3951
29.393
20.3576
20.358
36.9289
14.5172
16.7931
29.3895
19.0128
20.3544
7.66058
20.3548
20.3552
20.3556
18.705
11.2276
27.7889
29.3845
29.3825
18.6987
20.35
11.2233
19.1468
20.3486
16.7874
18.7
16.7897
20.3533
29.3866
20.3524
16.7912
19.2986
27.7886
16.79
35.276
36.9252
34.7229
35.2769
29.3593
20.3345
29.3577
20.3336
16.7724
29.359
18.9939
29.356
20.3325
36.9272
20.3284
18.6779
35.2792
29.3393
34.6872
36.9289
35.2803
27.6705
36.9298
20.3047
32.364
18.9562
29.3022
20.2972
36.9288
27.8031
30.447
20.2811
18.6305
20.2819
20.2823
20.2827
11.1542
29.278
29.2761
18.94
20.2782
20.2786
18.6281
20.2794
29.275
20.2786
27.6247
29.2716
18.6257
18.9357
20.276
20.2764
19.2187
16.7147
20.2783
29.273
20.2775
18.627
29.272
20.2771
18.935
18.6256
20.2769
20.2773
16.7161
20.2797
29.2742
20.2789
20.2793
19.2495
16.7184
20.282
29.2769
20.2812
20.2816
19.252
20.2823
20.2827
14.4414
20.284
16.7227
20.2863
20.2867
15.0744
16.7274
20.291
16.7297
20.2933
16.732
16.7339
34.6477
35.286
36.9351
36.9354
27.625
35.2871
32.3608
30.4434
36.934
27.592
34.589
35.286
29.2261
29.2242
20.2477
20.2481
36.9362
14.396
16.6835
29.2213
18.8924
20.245
29.2191
20.2443
18.5937
27.5693
29.2163
20.2428
18.8885
36.9359
35.2873
16.6722
34.5539
35.2881
29.1911
35.2887
36.9378
34.5265
35.2895
29.1637
20.2085
29.1624
20.2078
16.6465
29.1639
18.8495
14.3556
29.1629
20.2079
36.9389
20.2042
29.1558
20.2035
27.5056
29.1527
18.5508
36.9407
35.2921
18.8327
20.1929
34.4883
35.2919
29.1257
16.6223
29.1267
29.125
29.1232
18.82
20.1818
20.1822
18.5317
20.183
27.4737
35.2937
29.1123
34.4605
18.5222
28.0245
20.1714
19.9651
25.2848
16.6081
16.61
20.6356
16.6121
28.029
20.1736
14.3161
16.6132
30.4402
27.8031
36.9394
32.359
28.0087
20.1541
36.9381
20.1505
20.1509
14.9386
16.5915
7.44935
20.1553
12.29
20.1546
11.1985
13.2238
16.5928
14.9437
16.5966
14.9475
13.2319
20.1626
12.2977
18.511
20.1623
16.601
20.1646
20.1651
14.9527
20.1674
18.5169
16.6064
11.2109
13.2389
12.3039
16.6067
18.5195
11.2139
13.2396
20.1703
16.609
14.9599
16.0439
20.1762
18.5257
16.6153
11.2207
13.2478
16.6167
20.1803
14.968
16.0525
16.6226
7.48119
20.1863
20.1867
18.5362
20.1876
12.3223
11.0487
20.1858
20.1862
18.5357
14.9742
11.233
13.2577
12.3259
20.1872
14.9749
14.9767
16.6296
20.1932
12.3311
20.1925
11.2397
13.2617
14.9796
14.9815
16.6343
14.9852
12.3384
16.6369
18.5496
11.2485
13.2697
20.2004
14.988
14.9899
16.6453
14.9934
7.50679
20.2081
20.2085
18.558
20.2093
12.3495
11.0742
20.2075
20.2079
20.2083
12.351
16.6466
13.279
11.2612
18.5578
14.9963
16.6491
20.2128
13.2829
20.2135
12.3568
18.5619
20.2132
16.6518
20.2154
20.2158
15.0034
20.218
20.2183
15.0059
15.0077
20.2223
11.0877
20.2217
20.2221
20.2224
28.5761
20.2181
20.2185
20.2189
16.6574
13.2908
11.2695
10.0951
16.6603
16.6621
20.2257
20.2261
20.2264
16.665
13.2984
11.276
16.6663
16.6681
10.0925
20.2332
16.6745
10.0925
20.2367
16.6753
13.3086
20.2392
12.3776
18.5876
20.2389
16.6774
20.241
20.2414
15.0289
20.2435
20.2439
9.17045
16.6838
20.2474
20.2477
15.0353
16.688
16.6898
20.2534
20.2537
20.2541
16.6977
10.0776
20.2576
16.6961
12.3928
16.6967
18.6094
11.3025
13.3296
20.2602
15.0477
15.0494
16.7071
16.7038
18.6164
16.7059
17.4929
16.707
20.2706
12.4042
16.708
18.6206
16.7101
17.4982
16.7112
20.2748
12.4094
20.274
15.0616
7.57221
20.2762
12.4136
16.7167
13.3468
11.3234
18.6256
15.064
16.7167
20.2803
20.2806
18.6301
16.7195
11.328
13.352
15.0697
20.2842
15.0718
16.7282
17.5158
16.7254
16.7271
19.442
29.2868
16.7312
20.291
20.2914
20.2917
17.5191
16.7333
20.293
20.2934
12.4301
20.2926
18.642
16.7314
11.3398
13.3639
15.0816
20.2961
15.0836
16.7401
12.4367
16.7368
18.6494
11.3464
13.3696
20.3001
15.0876
15.0893
16.7453
20.3054
12.4432
20.3046
11.3516
13.3739
15.0915
15.0932
16.7459
15.0966
17.5406
16.7487
16.7503
19.4671
29.3222
16.7538
20.3142
13.3843
20.3148
12.4529
18.6631
20.3144
16.7528
20.3164
20.3167
15.1042
15.1058
7.61761
20.3204
20.3207
18.6701
20.3214
12.4594
15.4027
20.3196
20.3199
29.3324
16.7573
19.4751
16.7588
18.6714
20.3226
17.5529
29.3355
19.4756
20.3211
20.3215
9.25155
16.7611
20.3247
20.325
15.1124
16.7651
16.7667
20.3302
16.7687
20.3322
16.7706
35.288
36.9371
33.0402
36.9376
36.9378
36.5627
36.1549
36.2636
27.8031
20.297
20.2973
18.6467
16.7361
11.3435
13.3686
20.2991
20.2995
15.0869
15.0885
20.3031
15.3815
20.3024
7.59973
15.0899
15.0916
7.60393
15.0933
7.60673
20.3079
20.3082
18.6576
20.3088
12.4492
15.3926
20.3071
20.3074
12.4504
16.7448
20.3083
12.4522
16.7461
13.3789
11.3622
18.6576
15.096
16.7486
20.3121
13.3823
20.3127
18.6621
16.7514
11.3664
13.384
15.1016
20.3161
15.1035
16.7572
16.7575
18.6701
16.7594
17.5566
16.7605
20.324
12.4669
17.559
16.7608
16.7624
19.4865
29.3423
16.7635
20.3262
12.4706
16.7635
18.6761
11.3805
13.3964
20.3268
15.1142
15.1158
16.7689
20.3318
18.6811
20.3324
12.4766
16.77
13.403
11.3865
18.6816
15.12
16.7725
20.336
20.3363
16.7754
10.2368
20.3394
16.7778
20.3413
16.7808
10.2316
20.3444
16.7828
20.3463
20.3465
20.3468
16.7852
13.4186
11.3982
16.7863
16.7878
10.2263
16.7907
20.3542
20.3545
20.3548
20.3551
9.28643
16.7946
20.3581
20.3584
15.1458
16.7983
20.3618
18.7112
16.8005
11.4096
13.433
16.8015
20.365
16.8033
20.3668
16.8052
35.2873
36.9364
33.0931
36.9369
36.9371
36.5617
36.1554
36.2642
27.8031
7.63134
9.26414
36.1576
27.8031
16.7634
36.268
36.9322
36.9324
20.316
21.9972
20.3142
20.3145
14.7277
16.754
20.3175
20.3178
15.1052
16.7577
16.7593
20.3228
16.7611
20.3246
16.7629
35.2855
36.9346
33.0309
36.935
36.9353
36.5591
36.1566
36.2657
27.8031
36.9335
36.9337
32.9788
36.5574
34.6171
27.6145
20.2734
20.2737
14.6806
36.935
16.7098
36.2654
18.0418
29.2554
36.5585
27.5979
36.9353
35.2867
36.9357
32.9294
20.249
20.2493
20.2496
20.25
16.6883
13.3216
11.2951
16.6894
16.6909
10.0886
36.937
35.2884
36.9375
36.5622
34.5603
27.5577
20.2367
20.2371
16.6754
14.6375
18.0063
29.2097
36.9385
29.2031
20.2347
20.235
29.2024
20.2344
29.2013
18.5829
32.9018
17.9952
36.9401
20.2284
35.2916
36.9407
36.5667
34.5233
16.6521
27.5229
16.6528
20.2163
20.2166
29.1734
29.1719
17.9744
20.2149
20.2152
18.5646
20.2159
32.8734
36.9434
20.2108
29.1639
20.2103
18.5597
29.1632
32.8633
36.9449
20.2047
17.9598
35.2961
36.9451
16.6349
36.5731
34.4874
27.4848
20.1909
16.6391
9.95522
20.194
16.6323
13.2656
20.1962
12.3176
18.5447
20.1959
16.6342
20.1978
20.1981
14.9854
16.6379
18.5506
16.6398
17.4125
16.6409
20.2044
12.3249
18.5529
14.9911
11.2339
13.2746
12.3273
20.2043
14.9916
14.9931
16.6456
12.3316
16.6462
18.5588
11.2406
13.2791
20.2097
14.997
14.9985
16.6605
20.2144
12.3377
16.6608
13.2849
11.2468
18.5639
15.0021
16.6546
20.2181
15.0054
7.50789
20.22
20.2204
18.5698
20.221
12.3456
15.2887
20.2195
20.2198
20.2202
18.5695
16.6587
11.2554
13.2913
15.0088
20.2234
15.0107
16.6716
20.2266
12.3522
20.2259
11.2602
13.2953
15.0128
15.0143
16.6668
15.0173
16.6698
18.5824
16.6716
17.4502
16.6726
20.2361
16.6744
11.6822
16.6754
18.588
20.2392
17.4545
29.2059
13.6064
16.6764
12.2842
20.2409
20.2412
13.3112
16.6797
12.0986
15.0299
19.8768
15.0316
12.2894
18.5961
12.2909
17.4632
29.2189
18.5959
11.6917
20.2467
13.3168
12.104
16.685
19.8805
15.0357
15.0371
12.2959
20.2525
29.2263
16.6899
13.6216
20.2537
11.6972
12.2977
13.3242
12.111
20.2544
15.0417
16.6941
19.8899
17.4725
16.6953
16.6968
12.3045
13.6293
29.2393
20.2606
16.6988
16.7003
12.3069
20.2646
8.99948
20.2664
16.7046
16.7061
18.6186
29.2511
29.2498
19.1294
16.7057
7.87573
20.2697
16.619
20.1708
16.7081
16.7096
29.256
18.6213
19.1338
7.87898
34.6063
34.6032
15.0556
7.55782
20.2702
20.2705
20.2707
11.7142
20.2706
20.2708
19.9036
11.843
19.9032
20.2711
11.715
13.3407
12.1272
15.0579
15.0593
15.0607
16.7132
36.9448
34.6076
35.2964
35.3003
36.9456
34.5885
27.8031
19.117
34.5773
29.2237
29.2223
16.6874
29.223
13.3198
20.2504
11.6925
20.2502
19.8832
16.6886
20.2521
20.2524
16.6906
20.2541
20.2544
15.0417
20.2562
19.8898
20.2566
20.2569
16.6019
20.1581
16.6953
8.99332
12.11
20.2599
16.6981
16.6996
16.701
20.2645
20.2648
20.2651
18.6144
17.4495
20.2652
19.8995
16.7036
20.2671
20.2674
16.7055
18.6181
20.2693
20.2696
16.7078
12.1168
15.058
19.907
16.7105
12.3074
16.7128
18.6254
16.7145
17.4826
16.7154
18.628
16.7171
17.4618
12.3141
20.2809
9.01573
20.2826
16.7208
16.7222
18.6348
20.286
18.6353
17.4668
20.2861
12.1307
15.073
15.0744
16.7267
16.7281
16.6288
20.1927
20.2917
9.79672
16.7313
15.0817
12.1386
20.2959
16.7341
20.2975
16.6332
20.199
16.7358
18.6484
17.4777
12.3297
20.2999
12.1429
20.2999
15.0871
16.7395
19.9383
15.09
7.58526
20.3046
20.3048
20.3051
17.4848
20.3049
18.6542
19.9406
16.0998
17.5089
16.7426
17.487
20.3056
20.3059
18.6552
12.339
17.512
29.3045
18.655
29.3034
29.3021
19.158
7.90374
20.3047
7.90525
20.3054
20.3057
16.7439
29.3055
18.6556
19.1613
16.6469
18.8985
20.3065
16.7447
16.746
15.0964
12.1563
20.3106
15.0978
20.3122
16.6512
18.9046
16.7505
9.04844
12.1597
20.315
15.1022
16.7545
16.7559
20.3193
20.3196
19.9551
20.32
16.7582
29.3257
18.6699
29.3247
29.3234
36.9531
35.3044
36.9534
31.4289
15.0882
29.2968
35.2137
36.9532
34.1446
18.6392
20.2904
20.2907
15.0779
16.7302
36.9543
31.4285
35.3049
36.954
35.2129
34.1091
29.2445
19.9034
18.6165
17.4433
20.2673
12.1068
15.0542
16.7065
15.0569
16.7092
20.2727
16.6041
18.8653
12.1114
16.7107
20.2742
16.7123
15.0627
9.0116
20.2785
34.117
35.2117
31.4281
36.9545
29.234
36.9549
36.955
29.219
18.5998
15.5078
29.2193
28.1228
18.5991
17.424
12.2755
20.2506
16.6888
18.6013
29.2205
16.6896
20.2531
18.6025
29.2218
20.2529
15.04
29.2228
34.0746
36.9566
35.2101
31.4273
7.51365
36.955
20.2327
18.582
17.407
20.2328
19.8696
16.6711
20.2346
20.2349
16.673
29.196
29.1948
18.584
18.5843
29.1942
20.2348
20.235
16.6731
36.9575
15.0185
35.2091
34.0335
31.4268
36.957
35.3083
36.9573
14.996
7.48591
20.2105
15.9969
18.5595
29.1571
7.48644
18.5592
20.2104
20.2107
16.6488
12.0474
14.9989
19.8504
16.6514
12.238
12.2394
8.95096
16.6557
18.5683
29.1703
29.1691
16.6558
20.2193
18.5686
20.2199
29.1708
15.0062
7.49605
34.0248
29.1691
20.2181
18.5674
17.3895
20.2182
12.0526
15.0051
15.0064
16.6587
16.66
36.9573
31.4268
35.2101
35.3078
36.9569
29.1437
33.9938
20.1993
33.9907
29.1369
18.5459
35.2092
29.1298
29.1286
15.4443
28.0374
17.3618
20.1908
20.1911
12.0248
16.6289
19.8298
14.9795
16.6318
18.5444
20.1956
17.3891
29.1337
13.5635
16.6328
12.2168
29.1361
29.1349
29.1337
14.9817
29.1343
18.5445
16.6335
36.9589
20.1922
31.4259
20.1868
36.9588
35.3101
35.2077
33.9502
20.1744
36.9591
20.1699
29.0947
36.9596
36.9598
29.0804
35.3113
31.4253
35.2072
36.9595
33.897
16.5786
18.4912
16.5802
17.3334
16.5811
29.0562
29.055
18.4923
36.9604
36.9606
31.4251
35.2067
35.3111
33.8652
36.9601
20.1158
29.013
16.5531
13.4855
16.5547
17.3066
18.467
16.556
17.3081
16.5569
16.5582
12.1375
13.4914
29.0231
20.1222
16.5602
16.5615
19.8677
20.1233
14.9103
16.5626
13.428
16.5646
17.7091
20.1279
18.4773
13.4973
29.032
20.1281
29.0312
18.4768
29.0304
36.9616
36.9617
35.313
31.4244
35.2053
33.8369
36.9613
20.0999
18.4493
12.1144
17.289
28.99
18.4493
20.1005
17.6802
20.1006
19.8315
20.0991
13.4018
16.5378
14.8881
20.1027
16.5407
7.37659
20.1045
16.5425
20.1061
19.8412
28.9963
28.9951
18.9421
28.9938
18.4513
18.9415
7.68818
34.3446
16.5388
34.3438
35.3102
16.5357
18.4483
16.5373
17.2913
16.5382
18.4509
16.5398
17.2704
12.1213
20.1038
8.83843
20.1054
16.5434
16.5447
18.4574
18.4577
17.2753
17.2757
20.1081
17.2996
16.5458
18.4584
17.301
18.4583
20.1096
16.5476
11.9413
20.111
16.4337
18.7038
18.4605
20.1118
16.5498
29.0094
29.0083
29.0072
19.849
18.4586
29.0042
20.1091
16.5471
13.4143
20.1113
17.6945
20.1114
19.8507
20.1099
13.4158
16.5486
14.8989
18.4625
29.0104
20.113
20.1133
29.01
29.0089
18.4613
29.0082
14.8986
29.0089
18.4615
7.38553
20.1129
16.5509
17.697
20.1143
20.1146
19.8549
29.0094
29.0083
29.0072
14.8978
29.0079
29.0068
29.0057
18.4593
19.8478
20.1088
29.0031
29.002
16.5454
20.109
20.1093
19.8462
13.4122
20.1084
16.5464
20.11
17.6935
14.8968
16.5491
29.0085
18.461
18.9513
7.69792
34.3593
16.5485
34.3585
35.3102
35.3103
34.348
36.9595
35.3146
35.311
34.3319
27.8031
18.928
34.3226
28.9693
27.3193
16.5228
28.9689
11.4369
7.67197
34.3213
35.3104
36.9594
18.9186
35.3141
35.3105
34.3013
28.948
27.8031
9.64708
34.2927
34.2902
36.9592
35.3142
35.3107
27.8031
34.2678
18.8902
34.2651
16.4858
27.2648
28.9126
35.314
35.3104
35.3106
34.2504
34.248
27.8031
34.2389
34.2364
27.2343
16.4663
18.8688
28.8838
16.4666
34.2353
27.8031
16.4616
34.2281
35.3102
35.3141
14.8052
36.9596
35.3109
34.2104
34.2079
14.7972
18.3609
28.8569
28.8559
36.9609
35.3122
36.9612
31.4248
14.7819
28.8332
35.2057
36.961
33.659
18.3349
19.9861
19.9865
14.7735
16.4257
19.9893
16.306
18.5824
19.9899
16.4279
16.4292
14.7794
11.8179
19.9939
14.7809
19.9955
16.3106
18.5886
16.4337
8.73154
11.8217
19.9984
14.7854
16.4376
20.0012
18.3506
17.1627
20.0015
19.6417
16.4397
20.0033
20.0037
16.4416
19.6454
20.0055
16.4434
28.8473
17.1657
20.0061
20.0064
11.8275
16.4442
19.6481
14.7947
16.4469
12.0193
14.7979
7.2808
18.3617
20.0129
20.0133
16.4512
11.8361
14.8013
19.6561
16.4538
12.0268
19.6583
18.3674
17.1785
20.0183
11.8404
14.8051
16.4574
14.8076
16.4598
18.3725
17.1833
12.0335
20.0242
11.8465
20.0243
14.8113
16.4635
19.6672
20.0273
20.0276
18.377
17.1877
20.0279
19.6684
16.4661
20.0297
20.03
16.4679
20.0315
16.3424
18.6247
11.8519
16.4695
20.0331
16.471
14.8213
8.7701
19.6779
20.0373
16.4753
28.8943
18.3873
28.8937
28.8926
36.9666
35.3179
36.9669
31.4218
14.8087
28.8705
35.1999
36.9666
33.6795
18.3619
20.0132
20.0135
14.8004
16.4526
20.0162
28.8599
28.8589
28.8579
28.8569
14.8007
28.8577
18.3637
16.4526
36.969
20.0119
31.4206
20.0072
36.9689
35.3202
35.1975
33.6467
19.9963
36.9691
19.6347
18.3416
17.1444
18.3416
28.8236
14.7789
28.8244
18.3419
7.2561
19.9933
16.4313
17.5607
28.8265
19.9941
19.9944
19.6598
28.8243
18.3415
28.8237
16.4298
19.9934
17.1455
19.9934
19.9937
11.8067
16.4315
19.6373
14.7819
19.9965
19.9968
13.2849
28.831
28.83
19.9965
17.5621
19.9967
19.6631
19.9953
13.2847
16.4339
14.7841
18.3477
19.999
19.9993
16.4372
11.8135
14.7873
19.671
20.0002
14.7871
16.4393
13.2922
16.4411
17.5722
20.0046
18.354
20.0052
18.3546
17.1586
20.0055
19.6477
16.4436
20.0072
20.0075
16.4454
18.3581
17.1613
12.0108
20.0097
16.4476
18.3603
20.0115
16.4494
28.8539
28.8529
28.852
19.6842
18.3587
28.8494
20.0093
16.4472
13.2988
28.8516
28.8506
28.8496
19.6821
18.357
28.847
14.7943
28.8478
18.3573
7.27199
20.0087
16.4466
17.5769
28.8499
20.0095
20.0098
19.6836
28.8476
19.6813
20.0062
14.7932
16.4453
13.2994
16.4471
17.5795
20.0105
18.3599
28.8519
28.851
18.359
18.3593
28.8507
20.0099
20.0102
16.4481
36.9688
14.7942
35.1975
33.6578
31.4208
36.9684
35.3196
36.9687
19.9889
19.9892
13.278
16.4277
14.7779
28.8232
28.8222
16.4289
19.9925
18.3418
19.9931
28.8241
14.7794
28.8248
7.25578
33.6384
36.9694
35.197
31.4205
28.8036
19.9788
17.5451
19.979
19.6372
19.9777
13.2676
16.4161
14.7663
18.33
28.8066
16.4182
19.9818
18.3312
28.8081
19.9818
14.7687
28.8092
33.6219
36.9695
35.1969
31.4204
7.23242
36.9681
18.3147
28.7836
28.7827
36.9687
35.32
36.969
31.4206
14.737
28.7619
35.1977
36.9688
33.565
18.2908
19.9421
19.9424
14.7293
16.3814
16.2468
18.5382
19.9453
16.3832
16.3844
14.7346
11.7601
19.949
14.7359
19.9505
18.2999
17.1011
19.9508
19.5939
16.3889
19.9526
19.9529
16.3907
19.5974
19.9546
16.3924
28.7674
19.9555
16.2539
18.5491
11.7647
16.3935
19.9571
16.3949
14.7451
8.69386
18.31
19.9612
19.9615
16.3994
11.7698
14.7494
19.6076
16.4018
11.9605
18.3152
17.1132
11.9623
19.9668
11.7751
19.967
14.7538
16.406
19.6131
18.3189
28.788
28.7871
36.9726
19.965
19.9653
28.7808
28.7799
28.7789
14.7504
28.7797
16.402
19.9656
16.4035
17.1346
16.4043
18.317
14.7548
17.1135
19.6133
18.3184
17.1141
19.9693
11.7746
14.756
16.4082
14.7583
16.4105
19.9741
19.9744
16.4122
14.7624
19.977
15.734
28.7974
28.7965
18.325
18.3253
28.7963
19.9759
19.9762
16.4141
14.7642
7.23591
19.9789
17.1223
19.9789
19.9792
11.7827
16.4169
19.6251
14.7673
16.4194
11.9742
19.9837
16.4216
19.9851
16.423
17.1525
16.4238
18.3365
14.7743
17.1314
19.9886
18.3379
17.1319
19.9888
11.7922
14.7755
14.7767
16.4288
16.4299
18.3426
17.1364
11.985
19.9942
11.7979
19.9944
14.7812
16.4333
19.6416
18.3462
19.9974
19.9977
16.4355
11.8011
14.7855
19.645
16.4379
11.9917
19.647
18.3514
17.1449
20.0023
11.8052
14.789
16.4411
14.7913
16.4434
14.7935
7.26528
20.0082
20.0085
20.0088
17.1518
20.0087
18.3581
19.654
15.7658
16.4468
20.0104
16.4482
12.3484
16.4493
14.7995
16.4516
16.4527
12.3687
12.3533
20.017
16.4548
16.4559
20.0195
20.0198
12.3552
28.8613
20.0195
16.4573
12.3723
12.3735
12.1408
18.3713
20.0225
12.817
16.4605
14.8106
19.6646
16.463
12.3608
20.0265
20.0268
20.0271
28.8719
14.8133
12.3781
28.8737
16.4656
20.0291
14.816
12.363
20.0305
16.4683
12.3813
18.7655
16.4702
8.76793
14.8215
20.036
20.0363
12.8321
12.1512
20.0367
19.6769
12.8328
15.8481
14.8238
16.4758
16.4769
20.0405
28.8912
13.1572
16.4779
19.2912
10.8616
18.3897
20.0409
19.681
12.8369
15.8525
16.4789
14.829
16.4811
20.0447
18.394
12.1589
15.8557
19.6849
16.4827
20.0463
18.7761
16.4842
16.4853
19.689
20.0491
12.9498
18.3791
16.4866
8.78427
12.8472
20.0514
15.8614
18.4006
12.1652
20.0517
16.4895
14.8396
12.8504
15.9628
16.4929
18.7834
12.8529
20.0567
12.9567
18.3858
20.0567
16.4945
12.8544
15.9668
20.0593
28.919
20.059
36.9793
35.6984
35.3305
19.2993
16.4891
36.9794
10.8676
16.4856
35.3325
35.3301
27.9057
20.036
20.0363
16.4741
12.3665
14.8242
20.0387
16.4765
18.7658
16.4777
20.0413
35.3306
35.3333
35.6977
36.9797
35.331
27.9053
27.8031
36.5299
36.9785
16.4501
13.1282
27.2014
7.43805
20.0136
14.8004
7.26897
28.8527
16.452
13.1333
20.0157
20.0159
16.4537
14.8038
20.0184
12.8086
15.828
18.3676
12.1317
20.0188
12.8152
15.9277
14.8068
36.9788
36.9789
35.3302
35.3329
35.6987
35.3304
27.9055
27.8031
36.9779
19.991
27.8031
36.5283
27.9065
35.3279
14.7633
35.3307
36.9772
14.4187
35.3279
35.7039
36.9769
36.977
36.9771
35.7031
35.3309
35.3285
27.9064
27.8031
36.5265
36.9761
16.3707
27.0834
14.3842
27.0834
14.7202
36.9762
27.8031
36.5257
27.9074
35.3261
14.3708
7.84299
16.3567
36.9742
35.3255
36.9745
35.3283
35.3259
27.9077
36.524
27.8031
36.9735
14.3452
27.0199
19.8905
18.2398
12.0133
15.7094
19.5296
16.3287
19.8923
18.637
16.3302
16.3313
16.3324
15.1651
19.897
19.155
10.7217
14.6831
7.15713
16.3353
16.6064
15.6878
16.3383
14.6884
15.6896
15.1729
16.3425
19.9061
14.6928
19.9074
32.3959
16.3439
16.345
34.0459
28.6929
19.9068
28.6924
18.2556
10.7307
19.9062
16.344
8.90011
18.2575
34.046
16.3449
32.3966
28.6926
19.9067
28.6921
14.693
19.9076
36.9751
35.3836
33.9602
31.4717
36.974
10.7128
19.888
14.6748
16.3269
8.88343
16.3288
12.6918
19.8926
32.3733
19.8916
16.3294
8.88449
16.3313
14.6814
12.6959
10.7199
19.8956
19.8959
32.3782
28.6741
34.0243
36.9746
37.7822
14.6737
31.4716
36.9742
28.6521
33.9605
36.9741
35.3845
18.2179
28.6354
15.7756
19.8696
16.3074
19.871
16.3087
7.43829
19.8728
10.6968
16.3099
16.311
28.6438
16.3116
19.8752
12.6753
10.6995
19.8751
28.645
35.3847
33.9609
28.6336
32.3348
28.6308
18.2144
19.8656
36.9741
19.8623
14.6491
28.6271
16.3006
33.9603
35.3843
31.4719
37.7788
36.9736
36.9737
36.9738
31.472
37.7781
33.9612
36.973
35.3854
18.1713
28.5661
28.5653
28.5645
19.8211
28.5641
19.8209
33.9146
32.2638
18.1678
28.5602
19.8186
36.9745
37.7822
31.4717
33.9608
36.9737
35.3848
18.1471
28.5293
28.5285
28.5278
19.7969
19.7972
28.5278
33.8779
32.2271
18.1436
19.7948
19.7951
10.6184
16.2323
8.78697
16.2342
12.5977
19.7981
10.6218
14.5843
19.7989
18.1483
28.5308
18.1481
10.6228
36.974
8.7888
16.2351
27.8031
35.3245
36.9735
35.3248
16.2272
10.6151
19.7902
12.699
18.1312
19.7904
16.2281
12.5839
15.6985
19.793
28.522
36.9734
36.9736
28.5105
37.7796
31.4721
33.9613
35.3856
18.1208
36.9728
28.485
19.7681
19.7684
19.7687
28.4855
14.555
36.9737
19.7669
35.3251
35.3252
32.1334
18.0974
12.6662
33.8202
36.586
10.5788
36.9726
36.9727
16.1869
27.8031
35.3233
26.8021
18.0943
28.4506
18.0941
36.9728
36.973
37.7775
31.4724
33.9617
35.3862
36.9719
19.7215
14.5082
19.7229
19.7232
16.1609
14.511
19.7256
12.531
19.7261
18.9858
10.5516
14.5122
6.98702
16.1644
14.5145
6.98985
19.3673
19.7295
15.5518
11.8568
18.0789
19.7301
19.7304
12.541
11.8575
19.7309
19.3692
18.0805
11.8581
19.7318
12.5229
15.6382
16.1707
14.5208
18.0845
19.7358
19.3744
12.5276
15.5571
16.1739
14.524
16.176
12.0979
11.8656
18.0895
19.7407
12.5323
16.1786
14.5287
19.3818
16.181
12.1023
18.4938
16.1829
8.48054
16.185
19.7487
19.749
12.5412
17.8493
16.187
16.188
16.1891
19.7528
19.7531
28.4621
19.7529
32.1638
16.1894
16.1905
33.8138
28.461
19.7525
28.4607
18.1014
10.5761
19.7521
16.1898
8.74538
28.4631
32.1644
28.4605
18.1013
19.7525
36.9747
19.7494
14.5361
28.4572
16.1877
33.9599
35.3838
31.4716
37.7808
36.9742
36.9743
19.7313
16.169
8.72332
16.1709
14.521
19.7862
10.559
19.7354
19.7357
19.736
19.7867
10.5599
19.7359
16.1736
8.72912
16.1755
14.5256
36.9744
37.7817
31.4718
33.9609
36.9735
35.3849
18.0694
28.4128
28.4121
28.4114
19.7193
19.7197
28.4114
33.7617
32.111
18.0662
19.7175
19.7178
28.4083
18.0667
28.408
18.0666
28.4076
18.0665
36.9758
36.9759
31.4711
33.9599
37.7834
35.3837
36.9749
28.3729
19.6941
18.0435
33.724
16.131
32.0748
28.3709
19.6931
28.3706
14.4793
19.694
36.9764
35.3825
33.9593
31.4711
36.9754
28.3458
36.9756
36.9758
28.3348
37.7864
31.4711
33.9599
35.3837
18.0053
36.975
28.3107
19.6527
19.6531
19.6534
28.3112
18.0023
28.311
18.0023
36.9762
36.9763
37.7875
31.4709
33.9596
35.3834
36.9753
19.6306
14.4173
36.9757
31.4712
37.7837
33.96
36.9749
35.3838
17.9616
28.2503
28.2496
28.249
19.6117
28.2487
19.6116
33.5994
31.9487
17.9587
28.2454
19.6096
10.4315
36.9756
8.5958
16.0457
27.8031
35.3261
36.9751
35.3264
16.0384
10.4246
19.6016
10.425
16.0388
16.0398
10.4271
19.603
14.3897
16.0418
8.59745
16.0437
19.6574
19.6076
31.9452
31.9435
28.2397
33.5899
36.9748
37.783
14.3852
31.4715
36.9744
28.22
33.9603
36.9744
35.3842
17.9313
28.2051
15.4891
19.5832
16.0208
28.2078
16.0215
33.5596
19.5841
31.9094
28.2056
28.205
14.3689
19.5836
36.976
35.3829
33.9595
11.2841
31.4715
28.1868
14.3564
36.9748
19.5686
35.3262
35.3263
32.1329
17.8975
16.1058
33.523
36.5843
10.3802
36.9737
36.9739
15.9899
27.8031
35.3245
26.5064
15.3661
19.1874
19.549
15.9866
32.1337
26.5037
36.9733
35.3246
35.3247
33.4912
35.325
35.3251
32.1335
36.5857
33.4733
26.4718
35.3249
36.9739
33.4632
32.1334
36.5855
26.4532
19.5134
36.5852
36.9738
35.3251
35.3252
26.4374
33.4366
36.9745
15.9375
19.5013
27.8031
35.3252
36.9742
14.2816
19.4964
33.4269
28.0743
19.4952
28.0741
35.3262
35.3263
19.4902
19.4905
19.4909
36.9757
32.1326
36.583
26.4061
14.2688
6.74022
15.9211
17.4334
26.4094
33.4086
15.9208
15.9219
26.4101
19.4853
36.9755
17.8329
33.4075
33.321
36.9753
15.0011
36.9755
28.0431
26.9463
15.9117
19.4755
28.0439
36.9762
14.2592
17.5836
15.9111
19.4749
6.73104
15.9127
15.9137
15.9148
15.074
14.2658
14.2669
15.9189
17.4278
15.9201
15.9212
19.4849
15.9226
14.2726
6.74262
17.4331
15.925
19.4888
19.4891
26.4153
36.9766
33.4117
15.9235
33.3205
36.9763
36.9764
28.0475
36.9767
36.9768
19.4731
15.9107
36.9771
14.2582
36.9774
14.9968
17.8213
15.9099
36.9778
28.3211
33.3847
27.8031
14.2522
33.381
15.9031
9.03668
6.72265
15.9053
14.2553
6.72542
15.9075
17.4168
26.3885
33.3877
15.9073
15.9084
35.3277
34.7123
33.3831
27.8031
15.9017
31.7305
15.9017
15.2373
6.72242
15.9038
14.2538
34.713
31.7322
35.3264
33.3767
15.8997
15.9008
15.2377
15.9027
15.9038
15.9048
15.9058
15.9069
15.9079
15.9089
31.741
27.8031
26.3849
28.0332
31.7346
34.7125
33.0578
14.2489
33.3769
35.3268
15.8982
34.7127
27.8031
15.8944
31.72
15.8943
15.8954
14.2454
15.8974
15.8985
35.3268
34.7128
27.8031
31.7164
15.8919
15.2325
15.8938
15.8948
15.8959
15.8969
15.8979
27.8031
34.7134
35.3255
33.3646
15.8914
15.8924
15.2332
15.8943
15.8953
15.8964
15.8974
14.2474
15.8995
17.4102
15.9007
15.9017
19.4655
15.903
19.4668
6.72317
15.9046
15.9056
15.9066
15.0658
14.2576
15.9097
17.4193
19.4736
15.9112
6.73086
15.2495
33.3955
15.0703
35.3268
26.3928
19.4739
36.976
17.8215
33.3902
33.3208
36.9757
14.9901
36.9759
28.0263
26.9295
15.9006
19.4644
28.027
36.9766
14.2482
17.572
15.9
34.7124
33.3734
27.8031
31.7194
15.8942
15.2308
15.8961
15.8971
15.8982
15.8992
15.9002
36.9764
33.3742
15.8985
33.3206
36.9762
36.9763
28.0104
36.9765
14.9762
15.2209
15.871
15.8908
15.8918
14.2418
19.4566
31.7171
15.8932
25.9093
27.8031
15.8909
34.7124
35.3272
33.3572
19.4497
15.8873
15.2208
36.9765
33.3206
36.9761
36.9762
36.9763
36.9764
33.3362
15.8731
36.9768
26.3326
36.977
36.9771
33.3256
24.1497
33.3217
36.4361
36.9768
15.8586
11.7643
36.9767
14.9466
35.328
31.6615
19.4188
26.8622
14.7724
27.9591
17.7684
33.3099
14.9443
19.4197
19.42
15.8576
33.3121
26.8637
14.7758
17.77
19.4212
19.4216
17.5281
19.4218
15.8593
18.8148
36.9786
36.9787
36.9788
36.9789
33.3025
36.9791
27.9464
26.2969
36.9795
36.9796
36.9797
36.4304
33.2816
15.8379
15.8389
35.3313
31.6305
33.2778
15.8357
24.1001
36.4302
36.9799
35.3312
36.9801
31.611
36.9804
11.7347
33.0556
36.9797
36.9798
36.9799
27.8929
27.8924
36.9803
33.319
26.2331
15.8351
33.2338
24.0551
36.9795
33.2274
36.9797
15.835
15.8352
19.3648
19.3652
15.8355
15.8356
19.3676
15.8358
19.626
15.1509
15.836
17.6916
15.8357
15.8358
19.373
14.7604
15.8361
33.2413
17.9078
33.24
36.4281
35.3321
17.7169
15.8365
26.7857
27.8806
33.231
14.7632
27.8799
26.7839
17.6867
18.7602
15.8368
17.718
15.837
17.4714
19.3701
36.427
33.2292
36.9817
36.9818
35.3331
31.5691
36.9822
36.9823
11.7336
33.0547
36.9816
33.3184
36.9812
27.8441
27.8436
15.8367
26.1956
33.1949
36.9818
33.1908
24.0102
19.3392
26.7411
27.836
33.1864
15.837
17.44
19.3388
14.7632
19.34
26.1887
33.188
26.1867
33.3182
36.9816
36.9817
27.8228
36.9819
36.982
15.8373
36.9822
36.9823
15.8377
36.9826
36.4251
19.3183
14.9273
33.1569
36.9829
36.9831
36.9832
36.9833
33.3177
36.9828
36.9829
27.7793
36.4242
33.125
36.9832
33.121
35.3346
31.4672
26.1148
15.839
11.7327
33.0539
15.8384
33.1149
36.9834
33.11
35.3347
36.9837
36.9838
31.4502
33.0537
36.9836
11.7328
36.9834
36.9835
27.7352
33.3175
36.9831
27.7251
26.0757
15.8387
33.0765
36.9837
33.0725
23.8901
6.65
15.8378
18.9634
26.0714
33.0707
15.8381
15.8382
17.6123
6.65
15.8377
15.8378
15.8379
14.9977
14.1871
14.1872
6.65
18.9718
15.8376
19.2712
17.6207
26.0856
26.0851
19.2714
36.983
17.6192
33.0828
33.3177
36.9828
14.9274
36.983
27.7199
26.6241
15.8385
19.2628
27.7208
36.9836
14.1879
17.3598
15.8387
36.9836
36.9837
36.9838
36.9839
33.0589
36.9841
27.7031
26.0537
36.9844
36.9846
36.9847
36.4212
33.0392
15.8401
15.8402
35.3362
31.3883
33.0357
15.8406
23.8532
35.336
34.7077
33.0282
27.8031
36.984
31.3722
35.3354
36.9844
15.8397
15.8398
36.4214
36.9847
36.9848
36.9849
33.0532
32.998
36.9847
27.6432
25.9938
33.317
36.9844
32.9847
15.8399
33.3171
36.9842
36.9843
27.622
36.9845
36.9846
19.1929
15.8401
36.9849
14.1893
36.9852
14.9303
17.5416
15.8407
34.7073
31.3149
35.3365
32.9599
15.8408
15.8409
15.1358
17.5404
15.8411
26.5189
19.1924
15.8414
14.1905
15.8416
18.8878
15.8416
15.8418
17.547
15.842
15.8421
15.8422
15.8423
31.3297
27.8031
25.9741
27.6225
31.3241
34.7066
33.0524
36.4187
32.9612
36.9862
36.9863
35.3376
31.3018
36.9866
36.9868
11.7309
33.0525
36.9861
33.3164
36.9857
27.5781
27.5777
15.8412
25.9297
32.9291
36.9863
32.9252
23.7403
36.9859
32.9183
35.3372
36.9862
36.9863
31.259
33.0525
36.9861
11.7313
36.9859
36.986
27.5447
33.3164
36.9857
27.535
25.8856
15.8412
32.8864
36.9862
32.8826
23.6977
35.3369
34.7072
27.8031
31.2218
15.8402
15.1377
15.8403
15.8404
15.8405
19.1338
26.4311
27.5256
36.9857
33.3166
36.9852
36.9853
32.8612
35.3367
15.8409
15.841
19.1232
26.4151
14.7782
27.5108
17.473
32.8617
14.9317
19.1243
19.1247
15.8419
36.4175
36.9868
35.338
36.987
31.2011
36.9872
11.7306
33.0522
36.9866
36.9867
36.9868
27.4846
27.4841
36.9871
33.316
25.8257
15.842
32.8264
23.6411
36.9863
32.8206
35.3377
32.8169
26.3699
14.7809
19.0943
36.987
36.9871
36.9872
36.9873
33.3159
36.9868
36.9869
36.4171
32.789
35.3383
27.4335
33.0521
17.4198
32.7816
31.1313
35.3384
25.253
11.7307
27.0537
15.8421
32.7768
14.7817
27.426
18.4621
15.8425
34.7063
32.7756
27.8031
31.1222
15.8418
15.133
32.7725
32.7711
25.77
33.3161
36.9864
36.9865
27.4072
36.9868
36.9869
15.8422
36.9871
36.9872
15.8425
36.9874
36.4163
19.0442
14.933
32.7429
27.8031
34.7065
35.3379
32.7334
15.8422
15.8423
15.1316
25.2141
27.0131
32.7351
15.8423
15.1314
15.8004
15.8423
15.8425
14.1916
19.045
32.7426
25.2674
35.3386
34.7063
31.0866
15.8425
27.8031
15.842
17.3506
15.8417
18.4344
15.8419
19.0416
17.5644
19.0421
14.7808
19.0434
31.0917
15.8423
25.2676
27.8031
15.8415
34.7069
35.3372
32.7333
19.0378
15.8416
32.7339
19.0383
26.2874
27.3818
17.1317
19.0381
18.4326
17.3504
17.3878
15.8416
19.0401
14.1908
15.8419
15.842
15.8421
32.7415
25.218
25.7398
27.0163
27.3877
15.8424
33.0521
19.0412
15.8422
15.8423
15.8424
18.126
17.3554
19.0448
18.4394
27.0203
32.7424
17.3933
15.8425
15.0752
25.7447
27.3932
14.1919
15.843
33.0518
15.8427
14.1918
15.8429
15.843
19.05
15.8432
19.0513
19.3158
19.052
15.7991
17.3623
15.8431
15.8432
19.055
14.7855
15.8434
32.7602
17.5759
27.4082
15.8436
15.8437
19.0583
19.0587
15.844
15.8441
19.061
15.8443
19.3274
15.1256
15.8444
15.8445
25.295
19.0649
15.8445
15.7978
15.8445
15.8446
17.5863
15.8446
18.1594
15.8447
19.0713
15.8449
17.3793
6.65
15.6913
11.7665
31.1368
27.4334
32.7839
14.1931
15.6915
11.7664
32.7864
15.8441
14.1932
36.9891
36.9892
34.8856
34.8857
36.9891
27.8031
32.7696
36.9887
27.4151
15.3258
15.8442
15.8443
15.8444
15.8445
36.9894
34.8854
36.9894
36.9895
27.4107
32.7612
15.327
15.8451
15.8452
14.1943
15.8454
15.8455
15.8456
11.7655
32.7707
14.1945
6.65
15.3269
36.9898
15.8451
36.99
34.8848
36.99
36.9901
36.9902
14.1945
36.9904
27.4053
36.0985
36.9903
36.9904
36.4648
36.9904
32.7394
36.9906
25.7361
27.3846
36.9909
27.8031
27.8031
34.8851
36.9896
27.8031
32.7139
36.9892
15.3264
15.8446
36.9894
36.9895
36.9896
36.9897
27.8031
35.0451
36.0994
32.6883
27.3361
36.9891
15.8444
15.8445
27.3354
36.9895
27.8031
25.6801
15.8443
27.33
36.4658
19.0028
27.8031
34.8864
36.9884
27.3174
36.9886
32.6657
15.8441
15.3259
14.1932
15.8443
15.8444
18.9985
15.8446
14.1937
27.8031
27.3191
36.9891
35.3403
36.9893
31.0123
36.9895
36.9896
15.8449
31.0081
15.8451
35.0443
27.8031
36.9893
35.3406
36.9895
36.9896
30.9897
15.8451
36.9899
27.2857
36.9901
32.6322
32.6309
36.9904
36.0985
31.1323
35.341
15.3884
15.8452
35.3412
14.1944
36.9903
36.9904
15.8457
36.9906
34.8841
36.9906
27.8031
15.8453
32.6064
36.9902
27.2521
17.3021
15.8458
15.8459
15.846
15.7961
15.846
15.8461
17.3081
36.9911
32.6088
36.9913
36.9914
36.9915
36.9916
36.9917
36.9918
15.3855
36.4638
36.9917
27.8031
35.0431
27.229
27.2286
36.4642
17.285
36.9912
27.2242
36.9914
36.0979
36.9912
27.1745
15.3865
32.5658
15.8465
36.9914
18.9264
36.9916
15.8469
14.196
36.9919
36.0976
36.9917
36.9918
36.9919
36.992
36.9921
15.3849
36.9922
36.9923
36.4633
35.0421
27.1823
16.307
15.8473
17.2572
17.2576
15.8476
15.6912
18.9108
15.8478
18.9121
18.9125
18.9129
15.8482
18.9142
27.149
18.9142
27.1927
17.2635
15.9342
17.2646
27.1503
18.9156
15.8487
27.196
25.5466
36.4623
15.8488
12.8168
36.9935
36.9936
27.1911
27.1908
25.5414
27.1445
18.9127
15.8492
36.462
36.9939
36.994
15.8493
12.8164
32.538
36.0963
36.9939
36.994
36.9941
36.9942
15.3819
36.9942
36.9943
36.4618
36.9942
35.0399
25.5101
27.1588
27.8031
27.1539
32.5043
31.0073
35.3448
17.2344
15.8491
18.8867
18.8871
18.8875
15.8495
18.8888
15.6944
15.8498
18.8911
17.2405
17.2409
18.8922
18.8926
15.8503
15.8504
12.6796
18.8954
18.8958
15.8504
18.8972
17.2466
15.696
18.8988
18.8992
16.0096
14.7151
27.1716
18.9012
17.2506
30.8741
35.3474
27.8031
35.0385
23.4924
27.1606
14.1998
27.1616
18.8945
9.74648
15.8506
18.8956
18.896
27.1642
15.851
15.8511
14.2002
30.8698
27.8031
35.0387
27.1591
27.1587
36.9957
18.8912
15.8511
36.996
32.5059
18.8898
23.4846
12.5575
15.79
15.8513
16.2855
18.8924
15.7901
14.2002
9.7766
18.8944
18.8947
15.8511
18.8961
16.0101
14.7154
15.6971
18.8991
17.2486
17.2489
18.9003
18.9006
18.901
15.852
18.9023
15.6983
15.8522
18.9046
15.8524
18.9059
15.8526
18.9072
27.18
23.5073
32.5297
15.8528
18.9071
12.5594
9.75705
18.9082
27.1815
32.5318
23.5076
18.9071
27.1798
9.75617
18.907
17.2565
14.8659
10.9079
18.908
15.8524
10.9092
14.2014
17.2594
15.8526
18.9117
16.0129
15.8528
14.7172
32.5415
23.517
17.2626
12.5593
18.9148
18.9152
18.9156
9.76431
32.543
12.5593
27.1924
23.5193
14.8728
10.9148
15.8526
17.2654
18.9167
9.76608
15.8524
18.9178
12.6784
18.9188
36.9972
36.9973
15.8526
10.9158
15.8526
14.8754
15.1079
18.9174
18.9177
12.5587
18.919
15.8526
15.8526
15.8527
15.0702
10.9217
18.9227
14.8807
15.1133
15.8524
15.8525
15.8526
15.0739
18.9263
15.0746
15.853
18.9279
36.9979
36.0939
36.4592
36.9976
32.5503
36.9978
25.5455
27.1942
36.9981
36.0938
36.9979
36.998
36.9981
36.9982
36.9983
15.3756
27.1761
36.4587
17.2525
27.1739
32.5243
36.0936
36.9983
36.9984
36.9985
36.9986
15.3751
36.9987
32.5074
36.9988
36.9989
36.999
36.9991
36.9992
36.9993
15.3741
36.458
36.9992
27.8031
35.0356
25.4802
27.129
27.1286
15.8542
35.3501
32.4783
30.8282
36.9993
36.0931
36.4582
36.999
32.4646
36.9992
36.9993
25.4579
27.1067
36.9995
15.3737
36.9996
15.8549
36.9998
17.2048
27.8031
35.0349
27.0943
27.0939
36.9995
36.093
36.9993
36.9994
36.9995
36.9996
36.9997
15.3735
36.9998
36.9999
36.4576
35.0345
27.8031
27.0607
25.4112
27.0601
32.4103
35.3506
15.8548
30.9042
30.758
35.3506
36.9995
32.4009
36.9997
36.9998
36.9999
37
37.0001
37.0002
15.3727
36.4574
37.0001
27.8031
35.0347
25.3741
27.023
27.0227
15.855
35.351
32.3723
30.7222
35.0341
27.8031
36.9995
35.3507
36.9997
36.9998
30.7041
15.8552
37.0001
27.0007
37.0003
32.3472
32.346
37.0005
36.0923
30.8326
35.3512
15.373
15.8553
35.3513
14.2045
37.0004
37.0005
32.3325
36.0923
37.0004
37.0005
37.0006
37.0007
15.372
37.0007
37.0008
36.4568
37.0008
35.0334
25.3063
26.9554
27.8031
26.9508
32.3009
15.8558
35.3518
30.7931
30.6487
35.3516
30.6455
35.3518
15.856
27.8031
35.034
26.935
37.0003
37.0004
18.7413
37.0006
15.8559
14.205
37.0009
18.741
14.2053
37.0011
15.7049
17.0899
26.8671
18.7409
15.8567
26.93
25.2803
36.4562
15.8568
12.811
37.0015
37.0016
26.9257
36.4562
17.0867
37.0017
26.9218
37.0019
26.8569
15.8571
18.736
18.7363
15.8574
26.4766
26.9223
32.2723
37.0023
37.0024
37.0024
37.0025
27.8031
35.0322
36.0915
32.2489
26.8975
37.0019
35.3531
30.5939
37.0022
37.0023
15.8576
26.8888
15.3693
36.4556
15.8576
32.2392
26.8878
18.7142
18.7146
30.59
35.354
27.8031
35.0319
26.4318
26.8777
14.2065
26.8788
15.7063
18.7091
9.55106
37.0022
18.7081
14.2066
6.65
11.7588
15.8568
18.7111
26.8839
37.0019
37.0019
37.002
14.2064
37.0022
26.8756
36.0913
37.0022
37.0022
36.4558
37.0022
32.2112
37.0024
25.2084
26.8576
37.0026
27.8031
27.8031
35.0327
37.0015
35.3527
26.841
37.0018
30.5385
37.0019
26.8341
26.8338
25.1841
26.7699
18.6776
15.8576
36.4557
37.0023
37.0023
15.8577
12.8103
37.0024
34.8718
37.0024
37.0024
26.8217
32.1716
15.3447
15.858
15.8581
14.2072
15.8583
15.8584
30.5297
27.8031
35.0315
26.8202
26.8199
37.0029
27.8031
34.8719
37.0023
26.8087
37.0024
15.8578
18.6611
26.8084
26.3607
32.1578
14.7051
37.0028
32.1553
36.0909
37.0027
36.4554
15.8579
15.7824
15.3446
15.858
15.8581
17.0068
16.0397
18.6583
15.8582
34.8712
37.0029
17.0054
37.0031
37.0032
27.8031
15.8579
18.6522
26.795
15.8582
17.0024
12.8099
6.65
15.7062
27.8031
26.7955
37.002
35.3532
37.0022
30.4892
37.0024
37.0025
37.0025
34.8716
27.8031
26.7741
37.002
15.8574
15.344
6.65
15.8569
14.206
15.8571
37.002
34.8722
37.002
27.8031
15.8567
37.0016
16.9833
15.857
26.7699
30.612
32.1183
14.2059
35.3529
35.353
26.7646
34.8722
37.002
27.8031
32.1064
37.0016
26.7533
15.3433
15.857
26.6932
18.6258
26.7558
15.9249
18.6268
37.002
14.2063
16.0098
27.8031
26.7536
34.8728
37.0014
37.0015
15.3431
15.8569
15.857
34.8725
37.0017
27.8031
32.0912
37.0013
26.7382
15.343
15.8568
15.8569
15.857
15.8571
15.3436
15.8572
37.0021
32.0955
34.872
37.0021
27.8031
37.0017
26.7336
15.8571
16.9611
32.0853
34.8868
36.7919
37.0017
32.0741
31.1715
35.3531
37.0021
30.4185
37.0022
15.8576
37.0024
37.0025
15.8578
27.8031
27.8031
33.536
32.0539
32.0528
35.3526
26.6999
36.7919
37.0017
32.0435
37.0019
35.3531
32.038
37.0022
37.0023
15.8576
37.0024
27.8031
33.5358
32.0256
15.857
35.353
32.024
26.673
34.8868
32.0188
37.0018
37.0019
32.0117
35.3532
37.0022
37.0023
15.8576
37.0024
31.1008
30.3523
33.5353
27.8031
31.9946
37.0019
35.3532
31.9899
27.8031
15.8569
37.0018
26.636
31.9857
35.267
27.8031
31.9794
35.3526
37.0016
37.0016
26.6213
37.0018
35.353
16.8824
37.0021
14.8547
36.7926
34.8867
31.9584
31.9574
37.002
15.8573
15.8574
37.0023
35.2667
31.9534
31.9523
27.8031
18.2542
37.0019
15.8573
18.5217
30.3006
31.0469
15.8576
31.9487
13.6366
6.65
37.0019
26.5978
15.8573
35.3533
27.8031
33.5359
31.9416
37.0015
18.5142
37.0017
14.8529
37.0018
35.353
31.9328
14.2063
14.2064
11.2496
18.5127
15.8574
26.5875
31.9372
13.6367
27.8031
37.0017
15.857
10.3323
30.2862
17.3509
17.4336
12.658
31.0331
26.5839
33.5363
35.3519
31.9296
37.0009
37.001
26.5735
37.0012
35.3524
16.8504
37.0014
34.887
36.791
14.8504
31.9107
37.0013
31.9079
15.8567
15.8568
31.9096
37.0017
35.2672
6.65
7.96265
26.5567
27.8031
37.0006
30.2533
18.2214
30.9998
15.8561
18.49
37.001
35.3522
37.0012
37.0013
34.8871
27.8031
36.7899
33.5366
31.8796
31.8786
37.0004
35.3516
31.874
26.5232
15.856
15.8561
30.9737
16.8207
31.875
14.8503
30.2263
27.8031
33.5365
26.5191
31.8687
37.0006
16.8144
37.0008
37.0008
15.4617
33.5363
27.8031
35.3513
37.0002
37.0003
31.8504
31.8494
31.8484
35.2682
37.0006
14.2049
37.0008
33.5364
30.1922
27.8031
35.3512
26.4853
37.0003
16.7925
37.0005
37.0005
35.3518
31.826
31.825
36.7907
34.8873
31.8184
37.0006
37.0007
30.9098
31.8106
37.0009
35.3522
30.1564
15.8564
37.0013
37.0014
37.0015
37.0015
35.2673
27.8031
31.7927
37.0011
33.5362
27.8031
31.7847
30.1348
26.433
24.7828
26.4326
10.3328
15.8556
16.7605
18.4119
31.7854
26.4347
31.7842
25.6284
18.4099
9.65177
31.7825
11.2509
31.7826
30.1328
15.8557
24.7823
37.0006
30.8782
27.8031
31.7767
37.0004
37.0004
35.3517
37.0006
14.2049
37.0008
31.7652
37.001
34.8873
37.0007
36.7904
37.0008
30.8501
27.8031
26.3974
30.0979
31.7458
37.0006
37.0007
14.205
37.0009
37.001
30.0749
27.8031
37.0006
26.3799
15.856
14.2051
15.8562
6.65
15.8557
15.8558
14.2049
6.65
11.2511
7.9636
26.3913
16.7314
37.0001
15.8554
18.1143
18.3829
10.333
26.3932
31.7426
27.8031
36.9996
12.6588
30.0897
13.6386
30.8365
26.388
31.7375
30.0876
26.3859
26.3857
24.7355
24.7353
13.6383
12.6588
17.2388
18.3789
17.2183
30.0883
31.7362
26.3856
17.2371
18.3778
15.8544
27.8031
36.9987
36.9988
36.9989
30.0728
15.8543
36.9991
14.2034
15.8545
26.3765
18.3723
14.2038
27.8031
11.1389
36.9991
36.9992
30.0731
36.9994
36.9994
14.2038
18.3655
15.8549
25.5644
31.7162
31.7152
31.7143
18.364
15.855
26.3656
15.8552
14.2043
15.8554
37.0002
27.8031
36.9998
26.3613
36.9999
27.8031
30.0733
36.9995
36.9996
26.3497
15.855
14.2041
15.8552
15.8553
15.8554
18.3591
15.8556
13.5259
15.8557
15.8558
26.3619
24.7116
15.856
12.6581
25.5591
31.712
31.7111
15.8557
18.363
18.3634
18.3638
9.60547
15.8557
24.715
31.7144
26.3639
17.2134
15.8556
17.2038
13.6379
18.3657
26.3665
37.0005
18.3649
15.8559
35.3519
37.0009
37.001
30.0748
37.0011
26.3557
37.0013
14.2056
15.8567
15.8568
15.8569
14.2059
15.857
14.2061
25.5562
31.7112
18.3626
31.7108
18.3624
9.60224
31.7106
24.2647
37.0016
30.0755
27.8031
37.0012
37.0013
26.3482
15.8567
14.2058
15.8569
15.8569
17.2016
17.1964
24.7031
26.353
37.0016
30.0518
13.6371
35.3527
37.0017
26.347
15.8571
31.6978
15.8572
26.3485
22.4987
15.8569
30.0755
37.0018
37.0019
15.8572
27.8031
37.0015
26.3374
15.8569
37.0018
24.6867
18.3467
15.8573
11.1179
15.8574
15.8575
13.5288
26.3429
15.8577
15.8578
13.5292
15.8579
14.207
18.3553
24.6996
11.1261
15.8582
26.3513
30.077
18.3557
15.8586
13.3348
26.3524
15.8586
15.8586
15.8587
11.1311
15.8588
18.3614
18.3618
13.3345
31.7096
15.859
25.5508
31.7087
31.7077
24.2586
25.0367
18.3605
14.2079
9.59848
18.3618
14.2078
17.2863
11.1332
18.3628
13.5303
15.8586
9.74455
15.8584
24.7148
26.3647
13.3348
15.8585
18.3672
26.3674
18.3675
15.8588
16.7179
13.5309
15.859
18.371
14.2082
18.3722
15.8594
18.3735
26.3763
18.3738
13.3341
18.3748
26.3783
24.728
16.7241
15.8599
14.2089
15.86
26.3823
35.3561
22.5273
37.0045
26.3765
18.374
18.3744
24.7274
17.221
30.0773
17.2132
18.3739
15.86
26.378
18.3751
13.3337
18.3761
18.3765
24.7304
26.3803
16.7257
15.8605
14.2096
37.0054
26.3815
22.5284
37.0051
26.3781
18.3753
18.3757
15.8606
26.3803
24.7301
17.2227
17.2159
18.3766
30.0811
26.3794
18.3763
26.3798
16.7256
18.3769
18.3773
13.3331
15.861
15.8611
15.8612
14.2103
18.3819
15.8614
25.0694
17.3109
14.2102
15.8613
18.3842
14.2104
15.8615
18.0359
31.7441
18.386
37.0065
35.3577
37.0066
22.5342
26.3868
18.3814
24.7371
18.3817
15.8618
17.2301
30.0888
17.2216
26.3877
31.7371
16.7305
26.3871
24.7369
18.3817
18.3821
18.3824
15.8623
13.9567
18.3843
13.3323
18.3853
18.3857
15.8622
18.387
15.8624
14.2115
13.3321
26.3986
18.3896
26.399
16.739
24.7493
14.2118
25.0808
15.8629
24.2962
18.0382
17.3216
18.3912
18.3915
18.3919
18.3923
26.4029
26.4027
24.7525
18.3924
18.3928
15.8631
18.394
13.9561
18.395
13.3317
29.2735
37.0073
32.6806
31.748
37.0073
37.0074
35.3586
37.0075
35.3587
37.0077
18.3816
37.0078
37.0079
15.8633
28.3097
27.8031
31.3079
28.8903
31.4692
35.358
31.7221
31.7211
37.0071
35.3583
37.0073
37.0074
29.2736
32.6808
36.5997
37.0069
27.8031
31.3083
28.864
35.3571
31.6948
18.3532
26.3449
15.8615
31.6956
35.3576
37.0065
12.0913
16.7013
37.0065
16.7006
35.3578
27.8031
31.3084
28.8527
15.861
37.0058
37.0059
35.3571
37.006
12.0915
9.16316
14.2098
18.3435
37.0057
36.5982
37.0058
14.2101
35.3571
37.0061
37.0061
29.2741
31.663
37.0058
37.0059
32.6815
27.8031
37.0053
36.8921
18.3218
37.0055
14.2099
36.9987
35.3483
31.2982
28.3111
31.6386
27.7876
37.0048
35.3364
37.0049
26.2796
24.6293
27.7788
28.7959
35.3288
37.0046
36.9737
26.2705
35.3231
37.005
16.6494
12.0922
37.0049
32.6822
29.2747
36.9596
31.6058
36.5491
18.2923
36.956
9.68664
15.8596
34.1549
36.9538
15.8595
15.8596
18.2918
11.5898
36.9564
28.3116
31.344
36.9512
37.0044
27.8031
35.2947
31.5898
18.2826
27.7405
31.2454
28.7574
26.2347
37.0033
36.9338
35.2834
37.0035
16.6225
12.0931
37.0035
32.6832
29.2753
36.92
15.8583
36.5111
31.5659
9.66354
18.2663
31.2248
35.2668
28.7355
37.0025
36.9108
26.2076
35.2601
37.0028
16.6068
37.003
12.0935
32.6837
29.2756
36.8968
36.4863
31.5415
18.2499
15.8578
9.64913
36.8946
18.25
18.2504
29.2757
37.002
36.8876
36.477
37.0022
36.8813
35.2309
31.526
18.2396
37.0026
28.6967
31.5224
36.8737
34.0739
36.8702
31.176
9.63089
18.2323
29.8662
27.6674
35.2153
26.1611
37.0017
36.8601
16.5759
37.0019
35.2072
36.8545
18.2233
36.8535
18.2227
18.223
26.1516
15.8578
35.2053
9.62108
18.2231
36.8532
35.2028
37.0026
28.3126
31.493
31.2359
31.4913
36.4337
29.2756
32.6842
37.002
36.8319
18.2082
18.2086
37.0023
35.1796
24.4751
36.8267
15.8579
14.207
37.0028
37.0029
27.8031
36.889
29.8911
36.8157
18.1976
18.198
16.5474
15.8582
15.8582
15.8583
32.6835
37.003
36.4048
36.8118
37.0032
31.4552
18.1927
6.65
35.1588
36.8061
36.3959
29.2754
32.6838
37.0025
36.794
37.0026
28.3126
18.1798
31.1797
32.6839
29.2757
18.1759
37.0021
36.3698
36.7772
31.4236
31.4724
36.7728
18.1688
29.8456
15.8574
37.0022
27.8031
37.0018
36.8884
15.8572
18.163
36.763
24.4097
18.1623
26.0605
26.0604
15.8577
27.8031
15.8573
17.0323
15.8575
15.8575
18.1639
15.8577
12.0056
14.2068
37.0027
37.0028
36.7635
29.8358
36.8896
18.1605
16.5099
16.5103
18.1617
36.7604
37.0034
27.8031
36.7531
36.8897
29.8231
18.1536
18.154
16.5034
15.8587
15.8588
15.8589
18.1574
16.5068
36.8905
8.92592
29.8272
6.65
37.0036
11.6597
37.0035
27.8031
15.8583
24.395
26.0453
18.1528
16.5022
18.1536
18.154
37.0036
37.0037
27.8031
36.7408
29.813
18.147
31.3861
35.0885
15.8589
26.0359
26.0357
16.833
15.8586
24.3856
18.1467
31.3857
7.34683
8.07074
16.4969
26.0383
24.3877
18.1481
18.1485
18.1489
15.8591
11.6596
6.65
9.73463
15.8583
11.6227
15.8582
14.2072
24.3979
26.0482
18.1547
14.086
26.0496
18.1556
15.8585
15.8586
16.5068
15.8587
18.159
12.0068
16.5093
18.1606
18.161
15.8592
26.0591
18.1622
24.4091
18.1626
26.0599
14.0853
16.5125
15.8596
14.2086
15.8597
17.0373
18.1668
12.0078
15.86
10.6647
15.86
18.1701
18.1705
18.1708
18.1712
15.8604
15.8605
14.0847
14.2094
26.0773
24.4267
18.1747
26.0775
16.524
18.1754
15.8609
15.861
12.009
15.8612
15.8612
36.7861
31.4766
36.7825
18.1766
18.177
18.1774
16.5268
10.3757
15.8613
12.0092
15.8614
16.53
18.1813
24.4366
17.0528
26.0874
18.182
29.863
14.0838
15.8618
26.0885
35.1409
31.4361
26.0861
15.8622
18.182
26.0877
15.8625
15.8625
15.8626
36.7926
18.1839
26.0903
26.0902
31.4393
16.8827
18.183
15.8626
15.8627
22.2361
26.0901
18.1839
26.0905
18.1843
16.5337
18.185
14.0833
15.8626
18.1869
16.5363
18.1876
31.4872
36.7953
31.4416
36.7929
18.1841
9.57521
26.0907
26.0905
24.44
15.8627
18.185
18.1854
12.0139
18.1864
35.1467
16.8863
26.0919
26.0918
15.8626
15.8627
15.8627
18.1876
26.0959
35.1482
31.4435
16.8868
18.1858
15.8627
15.8628
15.8628
29.7973
9.78741
22.241
35.1475
24.4431
18.1862
26.0939
35.1463
31.4415
16.8852
18.1844
15.8624
29.7929
15.8626
9.78576
22.2382
15.862
35.1456
24.4411
37.007
18.1834
15.8624
15.8625
18.1854
18.1858
14.2117
18.1871
26.0951
18.1874
15.863
24.4463
18.1885
26.0971
14.083
18.1894
16.5389
15.8633
9.78972
24.4501
26.1003
29.8006
26.0994
35.1518
22.2417
35.1489
11.664
18.1877
31.4451
37.008
11.5869
29.4442
16.8863
26.0922
31.4414
16.885
18.1843
16.8853
31.4397
18.1835
18.1839
35.1432
26.0892
26.089
15.8624
36.7915
27.6266
26.0875
24.4369
26.0872
7.34468
18.1826
18.183
26.0891
24.4385
29.4406
15.8626
12.0105
18.1842
37.0076
26.0887
35.1411
22.2315
29.7861
11.6583
10.671
36.7871
29.4814
27.8031
27.8031
15.8617
18.176
15.8619
24.4298
26.0801
26.0799
8.06752
29.434
37.0068
35.1303
22.2215
18.1737
15.8618
36.7781
16.8698
27.6141
29.1565
31.42
18.1701
27.8031
27.8031
29.4609
35.116
26.062
29.4195
37.0049
35.1113
22.2045
29.7564
26.0552
26.0551
24.4045
11.6433
9.76387
24.4051
18.16
8.06944
15.86
22.2055
29.7572
37.0045
29.4124
26.053
9.76265
11.6432
24.4031
15.8597
26.0546
26.0545
18.1593
26.0549
35.1073
12.016
15.86
31.4048
36.7561
15.8602
16.5086
35.3563
29.4482
27.8031
27.8031
29.1573
27.5859
18.1504
18.1508
18.1512
15.8591
10.6501
27.8031
29.4372
29.1576
36.7392
27.581
18.146
18.1464
18.1468
26.0369
26.0368
8.07096
26.0377
29.3992
37.0032
27.8031
29.4266
29.1579
36.729
27.5718
18.139
18.1394
18.1398
27.8031
27.8031
36.7227
29.1584
27.5649
18.1326
18.133
18.1334
10.6376
27.8031
37.0007
34.4359
31.3589
36.7102
37.0007
36.706
36.7045
36.7031
35.0527
18.1211
37.0012
37.0013
15.8566
34.638
27.4971
27.5957
29.1203
30.3807
35.0407
31.3359
31.3351
36.6865
35.0362
36.2233
27.8031
34.4362
37.0001
36.6736
37.0003
34.6386
18.0992
30.3586
37.0002
36.6646
36.6631
31.3096
37.0005
15.8559
36.66
36.6585
37.0008
37.0009
27.8031
34.436
36.1862
36.6451
27.4462
27.5451
29.0701
34.99
31.2853
18.0784
24.2854
15.8552
31.2861
36.6375
34.9872
14.0918
18.0778
34.9872
27.8031
36.9998
36.6286
36.1666
37
36.6229
36.6215
31.2679
18.067
37.0003
36.6177
34.9674
27.4173
27.5162
29.0413
34.9612
31.2565
36.9998
34.6389
15.8549
34.9556
30.2934
34.6389
31.2478
36.9997
34.9481
36.5956
18.0501
25.8935
31.2425
18.05
36.1339
14.9578
18.0501
27.8031
14.204
11.4127
34.4367
36.5917
36.9996
27.4909
34.9361
29.0146
36.9993
36.5805
24.2274
36.579
36.9996
18.0372
36.9997
14.092
34.4367
27.8031
36.568
36.1057
31.2131
18.0301
15.8546
9.43383
34.9174
18.0304
36.5654
27.4686
27.3663
34.9113
36.9985
36.5566
24.2035
36.9987
36.5524
14.0926
18.0216
36.9988
34.4372
27.8031
36.5442
31.1907
34.8931
36.0795
18.0131
9.41708
35.4724
34.8893
15.8534
34.4377
36.998
36.0709
36.5308
36.9982
36.5266
36.5252
31.1717
36.9985
18.001
36.5215
34.8712
27.3229
27.4227
28.9488
34.8651
36.998
15.8533
34.6398
31.1573
30.1986
34.859
36.9981
36.5037
36.9983
36.9983
27.8031
34.4378
27.2972
27.3974
28.9242
34.8385
36.4859
36.0229
17.9753
31.1316
24.1312
31.1307
15.8527
14.0935
36.4842
17.9752
34.8345
34.8331
24.1289
15.8529
34.8328
27.2855
27.3857
9.37673
17.9708
36.4772
15.8521
14.4417
17.9717
36.4785
34.4386
27.8031
17.9678
36.9964
36.0076
31.116
27.2738
28.9032
34.8156
36.9961
36.4611
36.4597
17.9585
34.81
27.264
27.3649
28.8924
15.8508
17.9554
17.9558
31.103
17.5882
27.262
27.3632
28.8911
25.7493
17.9526
11.4156
15.8501
14.962
36.4538
31.1004
15.8503
30.9107
36.4511
17.9522
17.9526
16.2562
16.3023
36.4517
36.995
34.6415
31.0939
30.1347
31.0924
28.8838
31.0908
34.7932
35.3784
34.7902
9.35312
17.9443
29.4374
16.2933
17.9446
27.8031
16.8122
36.436
30.8932
36.4328
17.9399
17.9403
16.2898
17.9411
16.2454
15.8497
17.9426
15.8499
11.9978
17.9446
17.945
30.8974
36.4375
31.0841
36.4354
17.9418
9.35122
16.2912
17.9426
15.8499
16.8134
15.85
15.8501
16.2948
15.8502
11.9982
14.1994
36.9952
36.9953
36.4401
36.4387
35.6383
16.2919
17.9433
15.8509
17.9445
15.8511
14.2001
15.8512
36.996
27.8031
35.6385
36.4345
36.4331
16.2897
17.941
15.8512
14.2003
36.9962
27.8031
36.43
35.6387
36.4266
36.4252
17.9355
30.8807
31.0705
36.4218
26.2197
17.9331
17.9335
16.2348
31.0697
16.587
15.8513
23.4321
27.8031
36.4199
15.8508
36.9956
36.9957
36.4157
35.6387
17.9277
14.2002
17.929
17.9294
15.8514
16.8003
16.8007
17.9313
11.9996
14.2008
10.4471
15.8518
17.9344
17.9348
36.4231
15.8521
36.9969
27.8031
36.9965
35.6395
15.8519
16.2788
36.4155
25.7132
17.9292
25.7137
25.7136
15.8524
31.0635
23.4215
17.9296
15.8525
16.5909
16.2806
17.932
16.2814
17.9328
25.7187
25.7187
17.9331
14.0896
25.7201
17.934
17.9344
31.0699
34.7724
14.2022
25.7202
25.7201
25.72
17.9342
16.2836
17.935
17.9354
15.8538
14.0891
17.9371
15.8538
17.9383
15.8539
17.9395
15.0353
12.0018
15.854
15.8541
10.4516
14.0889
15.8539
17.9447
16.8152
17.9454
17.9458
17.9462
15.8543
15.8544
14.0887
14.2033
25.7426
25.7425
17.9495
25.743
16.2989
10.4576
36.4448
36.1415
27.8031
27.8031
14.2029
17.9459
15.854
15.8541
16.2969
25.7407
14.2033
15.8544
15.8544
25.7441
31.0929
16.5974
17.9509
16.3003
26.2507
17.9516
23.4495
17.9517
16.3011
17.9525
17.9529
36.4487
27.4079
15.8549
29.1592
27.8031
36.1403
27.8031
16.5402
31.0859
17.9451
17.9454
25.7374
25.7374
31.0861
16.5391
17.9447
25.7365
34.7884
31.0839
16.537
17.9432
14.2021
15.8531
15.8532
29.4377
16.4422
21.8912
34.7882
25.7348
17.9439
17.9442
15.8531
36.4379
16.2936
15.8533
17.9457
17.9461
16.5938
17.9473
31.0889
23.4451
36.1374
27.8031
27.8031
29.1602
27.3963
17.9399
17.9403
17.9406
15.8522
10.4546
17.9421
15.8523
17.9433
16.5906
31.0846
17.944
23.4431
17.9441
26.2379
25.7357
17.9443
25.7362
17.9447
16.2941
17.9455
31.0865
34.789
25.7356
27.8031
36.1311
29.1601
36.4302
27.3936
25.7269
25.7268
25.7267
15.8524
15.0365
16.4379
25.7291
29.4289
27.8031
27.8031
36.4242
29.1606
27.3873
17.9324
17.9328
17.9332
21.8761
29.4189
36.9956
30.6685
25.7155
16.4309
17.5638
25.7162
14.1998
25.7172
25.7172
17.9314
25.7176
34.7696
27.8031
36.1108
29.1609
36.4108
27.3774
17.9249
17.9253
17.9256
34.7613
16.5135
25.7073
25.7072
15.8502
17.9253
17.9257
17.9261
16.5156
31.0581
17.9255
25.7091
17.9258
15.8503
25.7107
17.927
25.7112
14.0912
17.9279
16.2773
15.8506
15.8506
16.2793
25.716
25.7159
17.9306
17.931
17.9313
15.8511
15.0376
17.9331
14.0908
17.9341
15.8511
17.9353
15.8512
15.8513
17.9372
14.2004
34.7793
31.0748
25.7252
15.8517
17.9378
25.7268
17.9382
14.201
17.9394
36.9969
25.727
34.779
21.8803
29.4244
17.5666
16.4354
25.7245
17.9366
25.7249
14.201
25.726
24.0751
25.7258
8.07676
14.9604
24.0769
25.7276
25.7275
8.07673
30.6774
36.997
34.7778
21.8791
25.7232
25.7231
17.9358
17.9362
14.2012
16.5902
16.2871
15.8524
15.8524
25.7292
34.7812
31.0766
16.5305
17.9381
15.8523
12.2319
15.8522
17.9406
17.941
30.6797
36.9971
34.7806
21.8817
29.426
25.7253
25.7253
24.0744
17.5666
16.4357
25.7258
17.9376
8.0767
14.2013
25.7284
24.0775
25.7282
11.4143
17.9399
17.9402
25.7301
25.73
30.6779
15.8526
17.1838
25.6823
14.2016
17.9418
12.2317
12.3111
14.2013
15.8524
12.2319
25.6896
17.1879
17.9454
17.9457
16.4629
16.463
15.8524
14.2014
15.8525
25.6958
17.1928
15.8526
16.5912
25.6982
17.9515
15.8527
12.3111
15.8524
15.8525
14.2016
13.7231
8.75498
13.6428
34.1112
36.4531
36.4518
6.65
13.7241
15.8516
14.2006
36.4544
34.1102
36.4515
17.9531
36.4507
34.1064
35.9252
27.2531
17.9493
16.2987
25.5367
17.95
11.1091
15.8512
25.7465
13.6395
15.8512
8.75227
6.65
36.4496
35.9248
34.106
27.2532
17.9481
16.2975
17.9489
25.5359
15.8503
11.1105
25.7453
13.6406
15.85
6.65
6.65
13.7267
15.3387
17.9521
15.8489
11.1158
13.6465
8.44727
11.1173
25.5439
25.7524
17.954
8.75752
34.1172
36.4523
6.65
36.4517
27.2611
35.9228
14.1962
15.3398
36.4486
36.4473
35.9201
27.2558
17.9465
25.5336
16.2959
11.1126
17.9472
25.7434
15.8467
13.6448
8.7533
15.8463
6.65
14.1949
6.65
15.8456
15.8456
17.9521
15.8458
14.1948
13.7301
11.1216
17.131
34.977
36.4544
36.4531
11.1197
24.6475
25.7507
17.9519
8.75854
34.9743
36.4507
6.65
36.45
34.3938
36.4519
14.193
15.3424
6.65
13.7328
15.8433
14.1924
36.4509
34.9737
36.448
17.948
36.4472
36.4506
34.9686
34.3894
17.9443
17.9446
17.945
24.6383
15.8433
11.1167
25.743
11.117
8.75473
36.4479
36.4428
36.4415
34.9659
17.9423
17.9426
17.943
24.6355
11.115
25.7392
15.8424
17.126
8.75339
36.4417
36.4404
36.4427
34.386
17.9403
24.6317
17.9406
11.1136
17.9409
25.7365
15.8417
17.1252
8.75206
15.8413
6.65
17.9432
15.841
17.9443
34.3926
36.4439
36.4399
34.9671
36.4397
34.3859
17.9385
17.9388
24.6301
17.9392
11.1141
15.8403
25.7356
17.1259
15.8403
8.75232
6.65
17.9414
34.3911
36.4393
17.9396
36.4367
36.4354
17.9383
17.9387
34.9657
14.1162
24.6295
15.8394
25.7346
13.7319
15.3227
17.9404
17.9407
15.8394
17.9419
36.44
35.3355
29.4358
36.4362
36.9846
29.432
17.9372
31.0807
36.4321
36.4308
17.9355
35.3362
35.1106
25.7252
15.1326
16.2829
25.7266
25.7265
13.7358
17.9348
17.9352
17.9356
15.8407
13.7314
14.1153
14.1894
17.9385
15.8405
27.3798
15.1328
34.7861
21.982
24.5032
31.0795
36.431
14.9565
35.3359
36.4289
35.336
13.7362
17.9336
15.8402
17.9347
17.935
25.7284
14.1895
15.8405
14.1896
13.7357
11.1129
17.1242
34.9637
36.4326
36.4313
14.1891
6.65
15.8398
15.8398
17.9383
6.65
13.7369
15.3406
17.9396
15.8393
11.1171
17.1288
15.2719
6.65
13.738
15.8385
14.1875
36.4432
34.9741
36.4405
17.9413
36.4397
36.4398
36.4371
34.9677
34.3875
35.5355
15.8381
14.1175
17.9367
36.9829
36.983
35.7427
35.3341
27.8031
33.0428
36.4178
17.9259
25.716
29.4159
33.0429
36.9822
35.536
36.982
35.7436
17.9168
36.4036
17.9164
35.3333
25.7
29.3999
34.7513
36.9825
27.3455
21.948
24.4693
35.3328
22.8769
36.3913
36.39
36.3887
15.837
29.3875
14.9532
36.389
35.7436
36.982
34.7326
27.3292
21.9318
24.4531
33.0434
27.8031
35.5369
36.9802
17.8925
17.8928
11.0749
24.5629
36.3684
35.3314
29.3642
36.9804
29.3617
25.6611
17.889
25.6616
36.9807
35.5368
17.8866
27.8031
33.0439
15.3299
17.8839
17.8843
14.1204
17.8853
17.8857
17.886
33.0439
27.8031
36.9793
22.8408
36.351
36.3483
34.8873
34.3062
17.8773
27.8031
36.9785
35.538
36.9783
35.7468
36.3333
17.8683
17.8687
17.8691
15.8338
15.1563
30.9836
36.3351
36.3338
17.8688
17.8692
15.8342
36.979
36.3317
35.3303
33.0443
27.8031
35.538
36.9783
34.6706
27.2727
17.858
24.3978
36.3162
36.3149
36.3114
34.2732
17.8539
13.7351
15.334
17.8553
17.8557
15.8328
17.8568
36.3157
35.3289
29.3116
36.3119
36.978
29.3078
17.8524
30.9566
36.308
36.3068
35.3295
35.1173
25.6009
16.1972
17.8485
34.2628
36.2989
29.2988
36.9784
35.3296
36.9785
36.2936
36.2924
21.7633
30.938
36.2894
34.8285
36.2846
34.2459
17.8361
36.2843
30.931
35.3293
35.1176
25.5778
25.5777
25.5777
36.9784
35.3296
36.2748
36.2735
36.9786
35.5379
29.2674
27.8031
33.0448
17.8219
17.8223
36.9779
35.7471
36.2575
35.3291
17.8166
15.8333
14.1221
16.9949
27.2124
21.815
24.3367
35.3283
17.8147
36.2526
36.2513
35.3286
36.9775
25.5457
17.8111
34.5981
21.8048
24.3265
35.3284
36.2419
35.7477
17.805
36.9773
14.9477
33.0451
17.8022
35.5387
22.7255
36.2315
15.1631
36.2283
36.2301
36.2289
34.7703
17.7974
17.7977
35.1188
35.3281
25.5227
27.1798
24.3046
34.572
35.3278
35.7483
35.3277
36.9767
33.0454
27.8031
34.556
27.1616
21.7642
35.5396
36.9752
24.2823
17.7768
17.7772
22.6941
25.4964
14.945
17.7781
29.1976
36.198
15.8306
36.1979
36.9755
35.7492
36.1917
33.0459
27.8031
35.54
36.9746
35.3258
17.7657
17.7661
34.532
27.1392
21.7418
24.2636
25.4754
29.1751
22.6739
36.9741
15.8294
14.9439
36.1756
35.3255
17.7608
17.7612
27.1337
34.5232
21.735
24.2569
15.829
35.325
15.1749
14.9435
36.1703
35.7506
30.8139
36.974
15.8293
17.7547
15.8294
17.7559
17.7562
25.4656
14.1787
25.4666
25.4666
21.7309
27.1266
34.5157
35.3253
36.1616
35.7504
17.7506
33.0465
27.8031
36.9735
35.5407
36.9734
35.7511
36.1429
22.6416
25.4409
29.1405
35.3246
36.139
36.9736
24.2237
21.7007
36.1341
34.4841
27.0938
35.3241
16.9169
12.6728
25.028
21.6071
14.9415
36.1288
30.7755
36.127
25.4252
17.729
29.1253
36.1256
36.1244
15.828
35.324
17.727
36.973
14.7676
15.3418
29.1224
25.4222
29.3953
25.4214
17.7267
17.7271
17.7274
29.1225
25.4223
36.1228
29.3934
15.3411
36.1219
15.8287
35.4733
35.3247
14.7683
17.7255
36.9738
36.9738
30.7647
30.7641
36.1156
36.1144
35.3253
35.1216
15.8294
25.41
25.41
25.41
16.0685
17.7199
17.7202
15.172
15.8298
15.8299
9.5814
9.29873
12.016
36.1169
36.1157
29.5491
36.1133
29.5457
36.8363
27.552
17.7179
17.7183
15.8298
17.7194
14.0895
9.29555
15.8296
12.0134
17.7209
6.65
17.7216
9.29853
36.1147
29.5587
36.8423
27.5547
17.7186
17.719
17.7194
14.0909
15.829
9.29749
12.0147
15.8286
17.7217
6.65
8.96737
17.7224
17.7228
8.96834
36.8534
29.5799
36.1144
36.1132
17.72
17.7204
8.9659
14.0938
17.721
14.177
12.0171
9.30091
26.3845
30.468
27.5603
23.0385
29.5938
36.852
36.9721
36.1079
14.1765
6.65
15.8271
36.1095
9.57836
36.1094
15.8274
29.588
35.3234
17.716
36.8464
36.1056
36.8436
27.549
36.1017
17.7121
14.0864
17.7127
17.7131
9.29256
15.8274
12.0102
17.7144
8.9614
15.8271
6.65
30.4595
36.9716
26.3742
25.4027
25.4027
14.1759
15.8269
25.036
25.4047
8.9622
17.7152
25.4054
14.1759
14.176
17.717
27.5553
36.8509
17.7156
36.1065
36.1053
29.5924
17.7136
17.7139
13.4565
14.0896
15.8269
17.7157
36.9719
30.4579
23.0303
25.403
25.4029
25.0334
25.4027
25.4027
14.1763
25.4037
25.4037
23.0296
15.8275
14.1765
13.2264
15.0989
34.4588
36.1065
36.9724
36.103
23.0267
36.9725
26.3679
25.3979
25.3979
14.1767
15.8278
8.95807
25.4002
25.0295
17.7122
14.1767
25.4016
14.1769
15.8279
14.177
17.7156
17.7159
14.1772
25.0348
25.0348
25.4067
25.4066
25.4066
15.8284
14.1775
36.9733
23.0308
26.3742
30.4592
14.1774
14.1775
14.1775
17.7179
15.8287
17.719
17.7193
13.2255
17.7203
17.7206
14.1779
15.8289
34.4665
26.9433
15.8287
17.7213
35.3248
17.7205
26.9422
26.941
21.716
36.1088
15.828
11.976
35.3241
15.8282
36.9731
36.1069
35.5999
36.1032
15.8283
23.0267
30.4556
15.8284
36.9732
17.7128
25.401
25.401
26.3686
17.7126
25.0276
15.8286
25.4015
8.95808
25.4017
17.7136
26.37
25.4014
30.4552
25.4007
23.0244
25.3999
25.0269
14.1776
15.8287
14.1777
14.1778
25.404
8.9595
17.7154
14.1778
20.2296
20.2296
24.7958
8.96082
26.3738
36.9728
25.4028
14.1772
30.4576
36.1038
36.9731
26.9302
35.6002
26.9266
21.702
35.3232
27.8031
27.8031
35.312
34.4336
30.7292
17.6986
17.699
15.8267
23.3821
25.382
36.9715
26.351
23.0071
30.4321
25.3781
25.01
35.3226
26.9083
36.9712
36.9712
36.9713
31.2055
36.0048
36.9709
36.0576
17.6824
14.1753
36.9712
32.6463
15.2726
27.8031
27.8031
35.3214
36.9703
27.8031
27.8031
35.3136
35.3207
34.3848
36.0325
30.6793
26.864
26.8628
21.6397
17.6618
29.0263
30.6746
23.3298
15.8241
34.7762
36.969
36.9691
15.8243
17.659
36.0228
34.3728
26.8542
26.853
36.0174
25.3158
24.9545
14.173
25.3167
15.8241
25.3177
36.969
22.9482
14.1732
14.1733
26.2921
36.0171
36.9691
36.9691
30.043
15.8245
25.3109
30.6593
30.6587
25.3097
30.658
27.8031
27.8031
34.3542
35.3201
35.3142
23.3011
30.645
27.8031
35.3147
34.342
35.3196
35.6029
36.9684
30.6307
17.6321
28.9817
35.3198
30.6283
35.9798
26.8129
26.8117
21.589
36.9679
36.968
23.2756
34.3211
34.718
35.9677
15.8233
35.9676
15.8234
35.9675
17.6215
35.9669
35.9658
36.9685
36.9686
30.0424
30.607
36.9688
36.9688
34.3051
34.304
35.9517
35.9506
36.9691
36.9692
35.945
35.9439
17.6061
15.8247
26.7779
35.9428
21.5535
35.3201
20.0694
25.2384
14.1731
14.1732
15.8242
27.8031
35.3146
35.3198
34.2853
35.6028
36.9686
30.5763
17.5959
35.9283
36.9689
36.9689
30.0428
30.5695
34.2721
36.9692
36.9692
26.747
36.969
31.2065
36.0063
36.9686
35.9011
17.5774
17.5778
27.8031
27.8031
35.6033
35.3191
35.3191
27.8031
27.8031
35.3159
35.8796
34.2296
26.713
26.7118
21.49
30.5214
17.5586
23.1813
28.8722
15.8217
30.5216
34.6222
17.558
35.8725
36.9668
36.9668
15.8221
35.604
27.8031
27.8031
36.9661
35.3171
34.2058
35.3173
30.4999
17.5442
35.8519
26.6874
26.6862
21.4648
28.8459
30.4942
23.1553
36.9654
36.9655
34.5901
15.8208
15.8209
34.1932
35.841
26.677
26.6759
21.4547
35.316
36.9649
35.6053
35.316
17.5278
27.8031
15.8198
27.8031
35.3189
34.1715
30.4672
17.5218
17.5222
23.1312
34.5685
11.9675
35.8195
26.6569
21.4362
35.816
35.3151
36.9641
35.6059
15.8192
17.5157
35.3152
27.8031
27.8031
35.3197
17.5086
23.1132
34.1509
30.4466
17.5078
34.5474
11.9666
35.7986
34.5463
35.7963
28.7943
21.2818
17.5049
15.8187
30.4433
16.6399
36.9636
21.4131
27.8031
27.8031
35.6068
35.3136
26.6216
16.5616
35.7801
26.6198
35.313
34.1269
35.3212
14.5211
28.7726
36.962
36.9621
34.1197
34.1186
35.7664
35.7653
35.3208
27.8031
30.4067
27.8031
17.4785
35.3129
35.6074
36.9617
17.343
14.5209
35.3129
24.4269
19.8902
14.1659
15.8169
14.166
17.4763
25.0521
30.4001
30.0359
16.9061
15.8173
23.3998
25.0509
25.0509
35.7749
26.5905
23.3971
31.1779
29.0005
25.0468
23.3957
25.0468
17.4732
30.0359
36.9622
36.9623
30.3899
25.0413
6.65
23.3909
25.042
28.9947
31.1706
26.5816
35.7625
23.3868
25.0379
23.3868
35.7379
35.7369
34.0869
15.8172
25.0357
36.9621
36.9622
15.0863
15.8175
25.0335
28.7326
30.381
28.7315
33.8138
17.4626
23.3801
15.8179
17.4638
23.3817
28.7319
25.0322
33.8134
17.3322
34.0827
25.0304
36.9631
35.7533
31.1593
28.9783
23.3752
25.0262
23.3751
25.0262
23.3751
25.0262
28.9772
31.1569
25.0248
26.5647
35.7475
23.3711
15.8594
18.6676
16.8876
15.8057
23.3713
17.4571
15.8177
15.8177
28.7242
34.0757
33.8052
36.9627
33.8024
35.7195
28.7175
23.3667
17.4542
25.0184
17.4546
23.3678
25.0189
23.3678
17.3244
25.0194
25.0194
28.7185
35.7189
33.7979
35.7166
15.0879
15.8188
15.8188
34.0698
36.9637
17.4533
34.0677
35.7155
36.964
36.9641
17.4494
23.3595
17.4498
17.4502
15.8196
34.0639
28.7108
33.7891
36.9645
35.7083
23.3561
15.8199
25.0083
25.0083
35.7338
26.5454
31.1397
25.0051
28.9541
23.3532
25.0043
17.4457
16.8789
23.3542
17.4464
15.8199
34.058
28.7049
33.7826
36.9648
35.7025
23.3503
25.0014
23.3503
25.0014
15.8204
33.779
36.9652
34.0508
24.9986
35.6986
23.3464
24.9975
23.3464
17.4416
17.4419
24.9986
23.3475
15.8211
24.9996
17.314
17.4434
25.0007
25.0006
28.9472
31.1367
26.5363
35.7238
23.3456
24.9966
16.8748
15.8315
34.0478
35.6956
33.7705
28.6925
23.3418
24.9928
17.4385
24.9934
17.4389
24.9939
23.3428
23.3428
30.3419
24.9934
30.3414
15.8214
24.9939
30.3419
30.3414
17.4387
24.9933
23.3423
35.6934
24.9923
15.7875
18.6322
17.4385
36.9666
15.8249
33.7653
24.9898
34.041
28.6879
24.9882
13.2306
17.4362
15.8217
17.4373
17.4377
10.4699
30.3402
23.3406
30.3397
15.7867
6.65
30.3403
30.3398
23.3401
23.3401
17.4378
17.4381
30.3403
23.3407
23.3407
17.4382
15.7876
17.4389
15.8224
24.6222
14.1714
6.65
23.3442
15.7896
17.4409
6.65
17.4416
15.8219
10.1011
17.443
17.4434
6.65
10.1024
30.3493
30.3487
23.3491
17.4437
17.4441
15.7935
24.6302
15.822
23.351
14.1711
15.7948
25.0037
10.4763
6.65
30.3528
23.3531
23.3531
17.4465
15.7959
17.4472
15.8223
14.1714
24.6359
6.65
30.3558
15.7975
24.6364
25.007
23.3559
17.4483
14.1711
23.3575
6.65
15.8218
10.691
17.451
10.5742
15.8219
30.3612
25.0126
17.4521
15.8221
10.6908
6.65
15.8217
10.5773
10.6911
15.8216
6.65
15.8213
25.0208
30.3689
25.0203
17.457
6.65
30.3695
25.0209
25.0209
25.0209
22.2995
25.0206
10.6913
17.4577
30.3701
30.3695
15.8214
14.6282
13.2694
17.4588
15.8213
25.0247
6.65
13.2715
17.4603
15.821
35.317
30.3737
13.2713
17.4602
6.65
23.3754
23.3754
17.4609
15.8616
17.4609
17.4612
15.8206
17.4623
15.8207
6.65
13.276
17.4638
6.65
25.0323
17.4645
17.4649
23.3822
15.8685
23.3818
29.8495
30.0929
14.6296
30.3807
29.1607
8.31773
14.1687
14.5075
15.5309
17.4662
25.0356
6.65
25.0362
25.0362
16.3314
17.4667
15.5306
27.7506
35.737
25.0358
25.0358
35.7359
17.466
14.5076
17.4668
8.31804
6.65
17.468
14.1681
17.4691
14.1682
14.5078
15.5303
6.65
14.1678
6.65
17.4726
17.473
35.7464
36.9635
35.7438
35.7427
15.8762
14.1678
14.508
15.5296
17.4727
25.0458
14.1678
6.65
17.4741
17.4744
35.7486
36.9635
35.746
35.7449
17.4717
14.1679
14.508
15.8188
35.7647
34.9317
35.745
30.3919
33.2446
30.3901
31.2997
30.3872
27.8031
27.8031
36.9627
27.8031
30.375
25.0264
31.8976
36.9623
17.456
17.4564
14.1667
14.5086
15.528
6.65
17.4589
14.5089
17.4597
6.65
15.5269
35.7288
35.7278
35.7268
35.7257
23.3735
35.313
36.9619
34.0727
27.8031
15.8169
35.7195
35.7185
23.3663
35.7175
35.7164
29.5654
35.7148
35.3133
36.9622
27.8031
34.0598
35.3131
15.8172
35.7071
34.0572
35.705
14.5088
35.3132
34.0544
35.7022
34.0523
35.7001
35.6991
35.698
24.9969
35.697
17.4395
35.6965
30.3434
30.3429
30.3424
23.3427
14.5084
30.3426
30.3421
24.9935
35.6936
17.4374
17.4377
24.9935
34.0447
35.6926
34.0427
17.4361
14.1676
36.9635
23.3393
35.3147
24.5147
35.3148
34.0384
36.9638
35.6847
35.6837
24.9826
35.6827
35.6816
17.4297
30.3291
30.3286
35.6801
35.679
30.326
35.6775
35.6765
35.6754
23.3233
35.6744
35.6734
35.316
27.8031
35.6688
23.3167
27.8031
27.8031
35.6603
27.8031
35.6552
27.8031
35.6492
36.9634
27.8031
15.8183
27.8031
37.1481
27.8031
32.5017
23.0276
35.6203
36.217
17.3862
35.6166
17.3859
36.9625
17.3842
33.9647
35.3138
35.611
36.9628
35.6084
33.9585
35.6064
35.6054
33.9555
35.6033
23.2513
24.9024
17.3774
35.6028
33.9529
36.9635
35.3147
24.8978
35.5977
17.3738
30.2452
30.2447
30.2442
35.5957
35.5947
35.5937
35.5927
35.5916
17.3699
27.8031
35.5892
35.5882
35.5872
29.4367
22.9891
15.8193
27.8031
27.8031
27.8031
17.3592
23.2247
27.8031
27.8031
27.8031
36.9622
17.3462
27.8031
37.1465
17.3401
32.502
35.5432
35.5422
36.2173
36.9619
12.7164
35.5358
35.5348
27.8031
12.7166
35.3127
35.5312
35.5302
35.5292
22.9366
29.378
17.3271
23.1772
35.5281
35.5271
35.5261
35.525
30.172
30.1715
35.523
24.8222
24.8222
17.3236
17.324
17.3244
23.1727
14.1668
24.3535
33.8758
35.5236
33.8737
36.9629
35.3141
35.3141
27.8031
29.3654
35.5146
35.5136
27.8031
27.8031
30.1532
17.312
30.1533
33.8559
35.5038
30.1508
35.5023
35.3137
35.4997
35.4987
29.348
35.4972
15.818
22.9035
27.8031
23.1429
27.8031
17.3021
27.8031
27.8031
27.8031
27.8031
17.2894
36.9609
35.4674
35.4664
27.8031
17.2821
37.1446
32.5027
12.7173
35.4531
36.2184
35.4489
36.9607
33.796
33.795
36.9608
35.312
24.7402
35.4399
17.2678
30.0875
30.087
30.0865
24.7383
30.0861
30.0856
30.0851
17.2664
35.4371
33.7872
35.4351
33.7853
36.9618
35.313
24.7305
35.4302
23.0784
17.2617
15.8779
14.1663
14.5088
15.5275
17.2645
24.7343
6.65
24.735
24.735
23.2693
17.2651
15.5272
29.8771
35.4354
24.7348
24.7348
35.4345
17.2645
24.7344
24.7344
24.7344
23.2682
24.7342
17.2648
15.8779
36.9621
17.2648
14.1664
24.7358
29.8752
17.2656
17.2659
29.8755
24.7357
24.7357
24.7357
23.269
17.2658
14.5087
15.8778
6.65
17.2675
14.1661
14.1662
6.65
17.2696
17.27
35.4423
36.9619
35.4399
35.4389
35.3132
33.7875
35.4354
33.7855
35.4334
35.4324
24.7318
23.2653
24.7316
17.2632
29.8715
35.4312
35.4303
35.4293
33.7794
26.2678
26.2667
27.8031
35.4227
17.2565
36.9617
33.7861
15.817
35.4208
35.4198
17.2547
23.2538
24.7195
17.2549
29.8604
15.8782
24.7204
24.7204
24.7204
35.4201
23.0684
35.4191
35.4182
29.0731
35.4167
33.7811
36.9625
33.7644
27.8031
26.2512
15.8171
36.962
35.4086
26.2485
17.2463
17.2466
24.7076
15.5961
17.2474
30.0564
17.2475
30.0564
33.759
35.4069
30.054
33.7566
35.4045
36.9625
35.3137
17.2428
24.7015
35.4011
14.167
17.2433
24.7021
29.0578
15.8182
17.2441
15.8183
35.3143
33.7535
36.9633
35.3999
35.3989
24.6983
35.398
17.2407
30.0455
30.0451
30.0446
36.9638
26.2338
26.2327
27.8031
35.39
36.9629
35.3876
35.3866
35.3856
35.3846
35.3837
35.3827
33.7329
35.3808
23.0291
29.036
15.8187
17.2297
26.2203
35.3795
26.2182
36.9631
36.9631
33.7397
17.2249
35.3738
17.2246
24.6738
24.6738
35.3734
26.2119
27.8031
36.9629
15.8182
17.2218
33.7205
33.7195
36.9632
35.3144
24.6649
35.3645
17.2184
30.0121
30.0116
35.3631
30.0102
35.3617
35.3607
35.3597
35.3588
17.2148
17.2152
15.8193
33.711
15.8194
35.3599
35.359
23.0074
35.358
17.2145
35.3156
35.3561
36.9646
35.3537
33.7039
35.3518
33.7019
35.3499
35.3489
35.3479
15.8203
33.6991
15.5571
35.3476
35.3466
17.2072
33.7116
36.9655
35.3437
35.3428
35.3418
35.3408
35.3399
24.6394
26.1761
26.1751
27.8031
36.9649
17.1986
36.965
33.6974
15.8203
17.1981
35.3326
35.3317
33.6818
24.6302
35.3298
35.3288
35.3278
35.3269
37.1532
32.4997
27.8031
27.8031
36.2149
27.8031
27.8031
36.9642
27.8031
27.8031
36.9635
27.8031
35.2767
22.9252
17.1599
24.1034
29.9243
17.16
29.9244
29.9239
14.1678
24.577
17.1606
29.925
23.1045
20.7636
23.7085
17.1598
17.1602
27.8031
35.2747
26.1136
36.9629
26.1111
33.6351
35.2687
35.2678
33.6179
36.9628
15.8181
15.8181
29.9145
20.7539
29.9132
29.9128
24.5648
17.1522
24.5654
35.2648
17.152
27.8031
26.1028
26.1018
36.9621
36.9622
15.8174
33.6235
35.2571
35.2562
33.6064
17.1454
24.5554
15.8178
15.4955
15.818
15.818
33.6096
35.2575
35.2566
35.2556
33.6058
36.9632
35.3143
24.5514
35.2509
17.1428
29.8985
29.8981
29.8976
35.2491
35.2482
35.2472
35.2463
35.2453
17.1393
23.0728
29.8928
23.6789
22.8938
24.07
27.8031
27.8031
27.8031
36.9629
37.1483
27.8031
27.8031
27.8031
32.502
36.2174
29.0518
36.9618
35.1984
35.313
35.196
17.1058
27.8031
35.1938
33.544
17.1036
35.1924
35.1915
14.1662
22.5999
35.1915
35.1906
17.1022
33.5556
35.1892
35.1883
33.5385
27.8031
26.0256
35.1833
36.9618
26.0221
17.0954
15.8168
17.0964
24.4824
15.4459
17.0972
24.4835
29.8309
29.8305
29.8301
17.0968
35.1821
35.1811
24.4809
27.8031
36.962
27.8031
27.8031
32.5024
37.1453
36.2179
27.8031
36.9609
27.8031
27.8031
17.0662
17.0666
14.1646
36.9604
35.1372
35.1363
33.4865
27.8031
25.9753
36.96
35.1299
25.9719
17.0602
15.8151
17.0613
24.4305
27.8031
27.8031
27.8031
36.959
37.1414
27.8031
27.8031
27.8031
32.5044
36.2206
36.9579
17.0313
24.3866
25.9308
35.0846
25.9289
36.9575
24.3818
27.8031
15.2223
17.0267
17.0271
32.5051
36.9569
27.8031
37.1371
36.9567
27.8031
27.8031
27.8031
14.1599
35.0466
35.0456
35.0447
22.6936
35.0439
35.0429
27.8031
25.8875
36.9555
16.9987
36.9556
33.402
35.0358
15.8109
35.0359
16.9971
33.3866
24.3355
27.8031
37.1355
36.2225
36.9557
27.8031
27.8031
27.8031
36.9547
27.8031
27.8031
27.8031
16.967
16.9674
23.847
24.2927
22.6417
14.1582
34.9929
29.6401
23.3985
29.6397
34.9912
33.3556
33.3405
36.9544
27.8031
15.8093
25.8351
36.9539
34.9837
25.8318
16.9608
16.9612
16.9615
27.8031
34.9813
34.9804
24.2805
24.2805
24.2806
29.6278
15.809
34.9803
35.3051
27.8031
34.9762
22.6252
27.8031
27.8031
34.9685
27.8031
34.9639
27.8031
34.9583
36.9527
27.8031
15.8076
27.8031
37.129
27.8031
32.5084
22.362
34.9318
36.2259
16.9244
34.9285
16.9242
36.9518
16.9228
33.277
24.226
15.0734
15.8069
24.2268
29.5739
25.7765
29.5722
34.9237
25.7742
29.5697
16.9198
27.8031
36.9511
27.8031
27.8031
32.5092
37.1261
27.8031
36.2272
27.8031
36.9497
27.8031
16.891
16.8914
14.1537
34.881
34.8801
28.7267
35.3009
34.8774
27.8031
22.3095
16.8883
35.3007
34.8739
34.873
28.7196
34.8717
15.805
22.3059
27.8031
22.5186
27.8031
16.8817
27.8031
27.8031
27.8031
27.8031
16.87
36.948
34.8443
34.8434
27.8031
16.8633
37.1218
32.5109
12.7274
34.8311
36.2292
34.8273
36.9478
36.2291
32.511
27.8031
27.8031
27.8031
36.9467
27.8031
37.1191
14.1506
27.8031
16.8288
27.8031
27.8031
16.8245
16.8249
33.133
34.781
34.7802
29.4274
34.7789
34.778
34.7771
28.6229
35.2973
34.7745
16.8199
27.8031
22.2148
34.7724
27.8031
27.8031
36.9453
27.8031
32.5127
36.2316
37.1164
36.9449
27.8031
27.8031
27.8031
16.7895
16.7899
14.1483
34.7313
34.7304
28.5759
35.2954
34.7278
27.8031
33.0763
22.1705
16.7863
34.7248
34.724
16.7856
34.7237
34.7228
16.7849
27.8031
27.8031
27.8031
36.9435
36.9436
27.8031
36.233
32.5139
34.6903
27.8031
16.7603
37.113
27.8031
27.8031
14.1465
22.1264
34.6764
35.2935
27.8031
34.6725
28.5175
16.7504
22.122
34.6718
34.6709
16.7496
16.75
35.2936
27.8031
15.7973
34.6691
27.8031
27.8031
27.8031
36.9413
28.4961
27.8031
27.8031
27.8031
27.8031
36.9402
12.7334
32.5159
36.2358
37.1078
36.9399
16.7151
36.2358
29.2653
32.5159
27.8031
27.8031
27.8031
36.939
27.8031
37.1057
16.6926
16.693
33.2786
27.8031
35.2897
27.8031
27.8031
25.4398
34.5736
32.9238
34.5719
34.571
27.8031
27.8031
27.8031
27.8031
32.5181
37.1019
36.2388
27.8031
27.8031
36.9358
27.8031
16.6528
16.6532
14.1398
34.5302
28.3739
34.5289
32.8792
35.2871
34.5259
34.5251
27.8031
34.5225
21.9856
34.5217
16.6481
34.5214
16.648
20.0362
29.1686
22.8834
22.1706
23.4308
23.8218
16.6478
23.8224
32.5186
36.9358
37.1009
27.8031
27.8031
36.2399
27.8031
36.9349
27.8031
27.8031
27.8031
27.8031
27.8031
36.9334
37.0967
27.8031
27.8031
27.8031
32.5208
27.8031
36.2426
36.932
28.2806
16.5907
34.437
34.4362
35.2834
34.434
16.5886
32.7849
27.8031
34.4313
14.1364
34.4315
34.4307
21.9011
34.4298
23.7307
23.3503
16.5859
34.4297
29.0771
22.31
19.9471
16.5849
22.7844
29.0766
14.1365
35.2835
27.8031
28.2699
34.4257
34.4249
22.0746
27.8031
15.7872
27.8031
27.8031
21.8884
27.8031
34.4105
27.8031
27.8031
36.9305
34.3966
16.5631
27.8031
37.0915
16.5576
32.5221
34.3844
36.2441
34.3808
16.5525
36.9304
12.7411
14.549
23.6802
23.6803
29.0269
15.7854
29.0276
29.0273
34.3787
25.2504
34.3766
25.2486
29.0229
33.0649
14.1342
35.2812
25.2461
34.372
34.3712
36.9299
36.2444
16.5423
16.5427
32.5224
27.8031
16.5374
16.5378
27.8031
27.8031
36.9291
36.9292
37.0895
27.8031
25.21
