16.3536
16.3536
16.3536
8.5446
8.98508
12.3537
9.63677
25.0322
27.1948
7.07061
11.5136
15.8927
19.1813
12.1688
12.1935
16.2018
8.99797
12.5524
11.8168
7.95459
20.8067
20.5839
19.2136
19.226
19.2377
16.6075
9.53691
19.3681
27.13
16.1089
19.3724
16.7368
19.3836
16.2271
7.79941
16.8384
19.4808
16.3103
27.4841
12.1319
19.4485
27.2869
16.186
16.8047
19.4481
19.4503
7.77545
19.4491
34.1005
19.2568
7.63274
19.2654
9.67522
32.5051
34.075
32.077
27.1096
29.2092
18.7907
18.803
18.815
18.8267
18.8381
16.2076
8.97656
18.912
26.5568
15.6671
18.934
16.3014
18.9515
15.7475
7.27959
16.3737
19.0222
15.8142
26.8119
11.6609
19.0287
26.8065
15.7788
16.4014
19.0489
19.0549
7.33972
19.0628
34.1253
18.9626
7.27748
18.973
9.19717
32.0943
34.1081
31.8483
24.2748
29.0765
18.7063
18.7148
11.364
26.8032
18.6955
18.7038
18.712
18.72
15.5011
26.8647
26.8287
26.7933
18.1328
10.1994
18.6779
15.4569
26.8068
18.7008
25.6647
25.7898
34.0931
34.0966
34.1001
27.9274
34.1069
14.7782
30.4603
17.8737
25.0368
15.2297
25.56
17.8718
25.5581
14.8005
34.1354
25.7802
25.6725
34.0946
34.0977
34.1007
26.9001
34.1067
29.4088
17.1758
17.1926
21.9143
29.4003
8.71306
16.463
34.103
29.233
34.1085
34.1112
25.6727
25.7961
16.6298
33.4557
21.0263
16.6016
25.9101
23.6536
28.5088
33.337
23.5494
28.4057
28.3722
33.2029
28.2766
16.4235
14.781
25.6898
16.4597
16.4779
23.4877
20.8456
20.8412
16.4922
25.6651
34.1139
25.4526
34.1185
32.8173
34.123
32.6537
16.0856
16.1046
27.7889
20.2587
15.4947
20.284
27.789
25.1253
34.1423
34.1444
13.6294
34.148
25.7731
7.4725
25.6681
32.0874
27.1725
32.0202
7.21134
14.949
32.0125
34.0988
15.5882
27.0342
12.9533
27.0423
27.0227
15.589
22.0901
22.1697
15.614
27.0658
12.3662
12.9923
6.32841
22.2624
27.1317
27.1127
27.0938
27.0751
27.0566
29.6656
26.9978
12.3213
15.5871
15.6046
6.32774
27.0835
14.7765
22.1685
27.1148
27.097
15.6378
27.1037
13.0017
12.4048
6.32833
8.38371
15.6986
27.2018
15.7034
27.2073
22.2455
13.0687
14.78
27.2579
6.32906
32.1426
8.43098
15.7446
27.2715
13.1073
27.2763
27.2594
15.7422
22.3188
22.3969
15.7609
27.2901
12.5149
27.2908
15.765
27.2952
22.3334
13.1291
14.7907
27.3406
6.32492
32.2252
8.46884
27.3315
27.3155
15.7806
27.3197
13.1427
12.5427
6.32749
8.51278
15.8296
27.3991
12.601
15.8424
15.8554
6.33098
27.4607
14.7671
22.5323
13.2543
6.33273
22.6513
27.5246
27.509
27.4936
27.4782
27.463
30.0792
27.416
27.4012
27.3864
14.7746
22.5333
20.4138
32.2861
22.5053
30.0128
27.349
14.7833
15.8238
32.2636
32.2337
30.3296
34.1164
31.4794
13.0508
32.0661
8.35265
27.1734
27.1603
24.5089
32.0124
31.9843
15.6325
12.3777
8.31486
32.0025
31.9748
30.327
22.0727
34.122
26.9821
15.5597
12.3065
31.4855
26.9459
26.9341
26.9224
31.7896
26.8846
26.8732
31.7408
31.7152
30.3216
30.1419
31.6193
31.5943
34.1332
31.5306
23.9885
31.4984
26.5641
31.4334
26.5299
7.89726
23.8965
12.6253
34.141
12.6128
15.2663
15.2782
11.9893
15.299
21.7143
31.472
31.5085
31.3988
34.1488
30.313
21.5448
26.423
26.4138
26.4046
12.7389
31.2901
31.268
34.1508
31.211
7.13256
15.1322
31.2174
34.1498
30.3124
31.5091
31.0632
31.0422
31.0214
23.4817
26.112
26.104
14.9848
12.3549
31.011
6.99437
7.61403
31.0157
30.9954
21.2195
26.0989
30.972
26.0711
29.4562
26.043
23.3977
26.028
34.1592
14.8826
21.0826
34.162
30.8002
32.5399
34.1643
34.1652
14.8342
25.8123
14.8361
25.8223
25.8156
25.8089
12.1981
14.8406
14.8415
23.2254
31.5369
34.176
30.2986
30.6337
25.7342
25.7278
30.6032
30.5855
20.8109
30.5731
25.6738
30.5495
14.8494
12.3489
6.81442
34.176
25.6632
25.6572
25.6512
14.8475
14.8483
14.8492
14.85
6.81348
12.2047
31.5407
34.1798
30.5843
14.8496
14.8504
20.8409
12.3475
18.7517
30.6218
25.7228
28.3645
25.7001
14.8541
30.6029
10.2919
25.7155
20.8337
18.1967
25.7192
20.8373
25.7181
12.4806
25.7102
30.5872
30.5712
30.2939
30.525
29.0396
22.9718
30.4875
34.1851
30.446
31.5485
30.3947
25.4967
25.4916
34.1897
34.1905
30.3187
30.3037
31.5545
30.2538
22.7177
25.3517
25.347
30.2249
12.2237
7.40329
30.238
14.8649
30.2386
6.80669
20.4745
12.2214
20.4945
25.3765
14.8651
14.8658
34.1984
34.1991
34.1998
32.5972
14.8689
14.8696
14.8703
14.871
6.80442
14.8676
20.4729
25.3551
14.8697
20.4877
17.8509
23.7042
14.8721
25.3935
25.389
16.9275
16.8101
25.3615
25.3571
25.3527
22.7096
22.7159
25.3396
22.7072
31.5598
14.8669
30.1966
16.8506
25.2891
16.7281
30.157
25.2604
6.30065
16.8452
16.7276
31.5334
25.2107
22.5785
22.5638
14.8425
30.105
6.30525
20.3466
14.8384
25.2518
22.6151
16.8318
25.2337
31.5293
22.5625
25.1868
30.0666
22.5315
14.839
20.3108
6.30635
25.2091
22.5725
14.8358
25.2234
20.3414
20.3461
6.30697
20.366
12.5652
25.2618
34.1663
25.7629
20.3237
34.1624
20.2993
20.304
17.6669
14.8331
34.1657
30.0682
25.6479
22.5171
22.5029
31.5244
16.7014
25.0922
29.9727
16.5669
14.8221
25.0885
29.969
6.31175
22.4554
25.0848
17.5611
20.2075
25.0907
20.2087
34.1543
6.31206
14.8176
25.0918
23.3919
25.0846
6.31313
14.8145
20.2377
25.121
16.7378
12.5411
16.6317
20.2331
25.1164
22.474
31.5026
29.959
16.6921
25.0549
16.5702
14.8011
25.0628
29.944
22.4155
6.31871
25.0596
16.5844
31.488
22.3848
25.0101
22.3679
29.8883
14.7974
6.32067
20.148
14.7937
25.0513
22.4151
23.3391
20.1623
20.1667
20.1711
12.5255
20.1873
29.9556
34.1314
6.3199
34.1272
34.1278
14.7965
25.7765
29.8858
25.6621
24.9673
20.085
20.0894
20.0938
34.123
20.0804
17.849
14.7895
21.4029
24.9614
27.2059
22.3091
34.1192
31.4815
22.2712
34.121
20.0106
31.4839
34.1227
34.1233
21.2661
29.7125
24.8178
24.4596
6.32412
27.0725
19.9355
34.1166
31.479
34.1178
34.1184
21.1823
29.6223
24.7279
31.4774
26.9562
22.0599
34.1174
34.118
19.784
21.0982
29.5388
24.6447
24.2962
6.32574
29.5372
24.6431
21.0801
34.1078
19.7306
29.4999
6.32783
31.467
19.7234
34.1064
19.712
29.4814
27.072
34.1087
34.1093
34.1098
19.5896
21.8348
19.5923
29.3618
25.6665
31.4702
25.6678
6.32953
34.1007
29.7652
19.4784
25.7876
19.4503
17.26
19.4569
6.3333
19.4752
24.3603
19.4781
24.3631
34.0928
34.0934
20.7886
34.0837
14.7585
17.2405
19.4295
19.4342
6.33507
24.3327
19.4505
34.087
19.4404
34.0881
24.3107
31.4431
34.0665
14.7583
34.0631
26.5235
19.3874
29.1575
21.6247
6.33362
23.9837
14.7572
21.651
26.5366
34.0535
34.039
31.3864
6.33401
24.2508
20.7198
34.0094
24.2226
29.1058
6.33606
14.7512
34.0097
19.3422
24.2275
19.3452
21.5907
19.3483
34.0063
33.9922
33.9782
20.663
26.427
21.5318
29.0552
24.1626
19.2803
23.878
14.755
29.059
29.0514
6.33541
19.2907
19.2953
19.2999
24.1854
6.336
19.3156
33.974
22.3324
24.1764
24.1749
19.2925
19.2971
19.3016
33.9602
19.2926
11.3805
14.751
20.6691
24.1789
26.4252
21.53
33.9417
31.2901
33.9149
24.1285
31.262
33.8869
33.8737
20.5637
33.8492
14.7501
6.33763
31.2207
33.8458
33.8327
19.1654
19.1699
26.3033
21.4084
31.1822
26.2819
21.387
33.7991
33.7862
19.119
20.4804
28.8788
23.9868
23.707
6.33755
28.8808
21.3485
33.7608
19.0936
31.1145
26.2145
19.0786
33.7377
23.9518
28.8358
6.33697
14.7488
31.1013
19.0723
23.9582
19.0757
21.3214
19.0791
33.7384
33.726
33.7136
20.4034
26.1649
21.2702
28.7945
19.0213
11.1104
19.0279
6.33751
19.0443
23.9302
19.0476
23.9336
31.0679
34.0817
19.0211
21.2668
26.1539
23.6197
28.7828
28.7762
23.8845
31.0189
28.7567
11.0658
28.7522
23.8606
23.5778
28.7429
18.9697
18.9742
28.7454
28.739
28.7326
23.841
23.8401
18.9575
34.0884
23.8264
34.0893
33.5767
34.0902
14.7587
25.6741
30.899
25.6751
18.8443
25.7928
10.9098
18.8255
33.4854
20.4314
23.6912
34.0797
28.5482
23.6571
23.382
28.5399
18.767
18.7715
14.7501
28.5581
33.4407
33.4294
20.3725
23.6356
33.4086
18.7418
23.6282
18.7457
25.6769
25.6781
18.7
33.3603
34.0783
25.6787
31.4377
18.626
18.6306
23.5171
33.2903
34.078
33.2634
14.7468
34.0793
20.2065
10.6765
18.5845
18.5891
28.3607
33.2438
34.0773
30.5739
25.6789
25.6801
25.7981
33.1342
28.235
33.1182
33.1077
33.0972
23.3131
18.4306
25.681
25.6822
23.2698
34.0672
34.0676
34.068
18.3263
25.6825
18.3024
10.4177
32.9656
28.0666
28.0614
18.2892
18.2939
22.9369
28.0648
14.735
14.7354
15.6756
28.0886
18.3163
23.2033
23.2031
23.2028
25.7988
34.0678
25.6827
34.0654
23.122
34.0663
14.7347
18.2295
21.9216
18.2329
23.12
14.732
32.8902
32.8803
23.0968
18.2142
27.9862
18.214
19.8523
32.8673
14.7336
18.2156
32.8765
34.0669
10.3051
18.1987
18.2033
27.9753
32.8594
14.7353
14.7357
11.1316
19.5984
18.208
25.3417
20.4492
20.4489
23.0899
19.6307
32.8631
18.1971
14.7356
27.9784
25.3353
18.2013
18.2059
14.7377
6.34209
20.4768
20.4765
32.8915
25.3547
20.4622
20.4619
6.34219
19.6542
19.614
23.105
18.2223
14.733
18.2359
28.0081
19.6203
25.3572
19.6541
23.1049
18.2222
20.4683
20.468
14.7334
6.34372
18.2459
18.2504
20.4965
25.3841
28.0177
32.9022
19.6631
23.1178
18.235
19.6244
6.34459
20.4837
25.3716
28.0052
32.8897
19.6584
23.1055
18.2226
19.6162
18.2194
6.3456
11.1727
18.2377
14.7263
6.34646
18.2611
19.6553
23.1471
32.9215
34.0568
23.1153
34.0576
18.2145
18.2188
18.2231
19.6125
23.1091
6.34634
23.1192
32.8937
14.7252
32.8934
18.227
19.6273
32.8813
6.3474
23.1079
14.7221
19.6892
28.0011
18.2284
14.7231
19.6412
32.8914
6.34851
28.0033
23.1134
19.6933
14.7196
25.3682
18.2338
18.238
20.4842
20.4838
28.0101
32.8951
19.6839
23.1108
18.2278
19.6325
18.2247
18.2289
28.0014
6.34828
11.1906
18.2419
19.6454
23.1279
23.1277
32.9026
6.34899
32.9037
19.645
32.8879
27.9898
14.7164
18.2253
18.2294
18.2335
18.2376
34.0503
6.34955
14.7163
18.2385
23.1255
28.0109
34.0498
34.0502
34.0506
32.8411
18.1746
11.1305
18.182
14.7197
15.7352
14.7193
18.2015
18.2055
23.0926
18.2095
14.5488
20.4582
18.2161
23.1032
6.34847
18.2296
18.2336
18.2376
32.8999
32.3201
34.052
25.3336
30.2191
18.1907
14.7215
18.2028
6.34813
32.3206
25.6891
15.734
18.1869
23.074
34.0492
18.1743
34.0499
32.8163
15.6931
18.1486
23.0358
14.4919
18.1552
6.34974
14.7158
18.1807
14.7165
14.7169
14.7172
15.7578
18.2114
6.35004
18.2246
23.1117
18.2284
14.7161
14.5831
18.2428
14.7159
14.7163
23.1495
18.2662
15.8157
18.2688
14.7171
23.1676
14.7178
18.292
6.34957
28.074
28.0699
18.2966
20.5426
23.1834
14.6405
18.3025
15.8519
18.3051
14.7172
14.7175
18.3281
23.2151
6.34952
28.1098
28.1057
20.5747
18.3321
15.6942
18.3395
14.7184
18.3508
28.1238
18.3504
28.1233
14.6868
23.2357
23.2354
6.34895
23.2441
14.7008
14.7172
15.916
18.3692
6.35
23.265
20.6238
14.7158
18.3925
28.1655
28.1614
18.3879
15.7498
20.6375
18.3948
15.7567
18.4019
23.2888
6.3491
14.7553
18.4162
28.1893
15.9619
23.2979
28.1838
14.7173
14.7176
16.3966
15.7891
18.4342
13.0444
6.34978
15.8118
16.428
18.459
6.46824
14.7134
14.7138
18.4857
16.4627
14.7134
25.6912
25.692
6.35306
25.6937
34.0374
19.8573
19.8538
34.0336
34.034
25.6958
15.7101
18.3552
14.7009
25.6962
6.35725
25.6979
25.6987
34.0251
34.0255
28.0582
34.0261
13.0141
14.6946
18.2693
18.2728
18.2763
18.2799
15.7084
17.924
6.35819
15.657
16.3063
25.6991
25.6999
25.7007
34.0203
14.6886
34.021
34.0213
25.701
19.6253
19.6221
25.7034
6.36439
19.6088
30.1616
27.9024
19.5936
25.7063
25.2342
22.9827
14.6753
14.6756
16.1518
15.4777
18.1229
12.9902
12.9905
6.36669
18.1488
18.1523
18.1558
14.6753
14.6756
18.1771
14.6763
18.1876
18.191
18.1945
18.198
15.6262
16.4122
6.36572
6.36651
15.5831
16.2646
18.2304
6.48582
14.6728
14.6731
15.6808
18.2595
32.9232
30.397
28.0174
15.602
18.247
25.7071
18.2375
18.2409
18.2443
16.2861
14.6728
25.7077
25.7085
6.36948
25.7101
33.9979
19.6774
19.6742
33.9946
33.9949
25.712
25.7127
25.7135
33.9898
33.9902
25.714
25.7148
25.7155
33.9851
29.9843
17.9555
25.7159
25.7166
22.8078
27.6939
15.279
25.0558
19.4236
19.4207
19.4177
19.4148
19.4119
19.409
27.6583
27.655
22.7656
30.076
27.644
27.6407
16.0668
24.2774
9.60376
33.9711
6.38244
14.6376
19.3846
19.3817
19.3789
19.376
17.8407
9.59916
17.8457
25.7263
25.727
16.0046
17.8118
30.0345
32.468
27.5711
17.7979
22.6854
27.5716
27.5684
33.9607
29.804
27.5454
22.6562
33.962
33.9624
25.7261
25.7268
25.7276
25.7283
25.729
25.7298
25.7305
22.4815
25.7311
17.5829
17.5865
19.1408
22.4691
19.138
25.7328
33.946
25.7334
33.9448
25.734
25.7347
25.7354
33.9403
29.457
25.7358
25.7366
22.2805
17.3968
27.1703
24.5292
14.7531
18.9652
18.9628
15.542
18.964
18.9615
18.9591
18.9566
17.3727
17.3764
14.5979
17.387
14.5985
6.40059
13.6567
25.7414
25.7422
33.9257
33.926
25.7426
25.7433
17.2872
33.9236
25.7437
29.2861
25.7442
14.5992
27.0144
15.4193
22.1288
25.7448
24.3624
18.8228
18.8205
18.8182
18.8159
18.8136
26.9755
26.9729
26.9702
33.9139
31.8457
15.3674
33.9148
14.5915
33.9155
33.9158
26.8918
25.7472
25.7479
21.9379
25.7484
17.0246
25.7489
25.7496
25.7503
25.751
25.7517
25.7524
33.904
25.7529
33.9029
25.7534
25.7541
25.7548
25.7555
25.7562
28.7808
33.8964
21.6296
18.3747
26.5114
18.3699
23.8668
18.3651
16.7291
18.3666
18.3647
18.3627
14.0793
26.4945
29.06
26.4859
31.3739
14.5581
16.7156
14.0779
14.9532
25.7594
25.7601
25.7608
33.8866
16.6659
16.6698
18.3166
18.3147
18.3128
23.7932
16.6596
8.53445
16.6657
25.7631
25.7638
25.7645
16.6303
25.765
33.878
14.546
25.7653
13.9408
33.8776
25.7657
18.2061
18.2043
18.2024
23.6668
16.5333
8.42434
16.5395
25.7685
25.7691
16.5208
25.7696
14.5363
13.8742
33.8692
25.7698
25.7704
33.8669
18.1118
25.7716
25.7722
21.2912
25.7727
14.5301
6.43341
6.55647
14.528
18.1028
25.7749
21.288
25.7754
14.5248
14.5251
6.55844
13.8341
14.593
18.1072
23.5466
18.103
18.1013
16.406
8.32582
16.4122
25.7781
25.7787
25.7793
25.78
25.7806
33.8468
25.7811
33.8459
25.7815
16.269
25.782
16.2607
21.1494
21.1504
21.1514
33.8453
16.257
16.261
12.7929
25.7814
25.782
33.8441
25.7825
17.9103
17.9087
17.9072
25.785
25.7856
25.7862
25.7868
33.8346
17.8272
17.8257
33.8326
25.7884
28.0862
25.7888
33.8308
25.7893
20.9161
20.9172
25.8031
23.163
17.7575
17.756
25.7905
25.7911
25.7917
17.7127
25.7929
17.6955
33.8218
33.8221
25.7938
27.9185
25.7943
33.8204
25.7947
20.7493
20.7505
25.6363
22.9964
17.6067
25.7953
33.8185
25.7957
25.7963
25.7969
25.7975
25.7981
33.8131
27.7691
25.7984
25.799
20.6023
25.488
15.7601
17.4771
22.8493
13.1179
17.4775
17.4762
14.1325
17.479
17.4778
17.4765
20.5942
20.5955
20.5968
25.4825
20.5965
20.5978
33.8078
14.4757
25.8013
33.8073
25.8017
25.8023
25.8029
25.8035
25.8041
25.8047
27.6183
25.8051
33.8001
20.4593
25.3451
33.8011
20.4522
25.338
33.8021
33.8024
25.8043
25.8049
25.8055
25.8061
25.8067
25.8072
25.8078
25.8084
20.3079
17.2079
15.7411
17.2106
20.308
15.7407
25.8095
25.8101
25.8107
25.8112
15.7367
14.4567
27.4062
25.1501
33.7901
33.7904
20.2372
33.791
25.8104
25.811
25.8116
25.8122
25.8127
25.8133
25.8139
15.7318
25.8143
20.1223
17.039
17.0381
15.7293
13.7649
15.7291
14.4491
15.7298
20.1444
25.03
20.1446
20.1461
33.7834
27.2772
20.1371
15.7323
14.4523
18.8701
20.151
12.7669
20.1531
6.47394
15.7322
20.1669
20.1683
15.7331
20.174
12.7894
15.7332
25.8135
6.47434
25.8147
25.8152
33.7815
33.7818
25.0009
25.8153
17.1405
33.7805
20.0774
18.7984
25.8159
25.8165
25.817
33.7782
15.7264
33.7789
25.8171
17.0438
24.877
33.7776
25.8178
17.007
24.8383
24.8372
20.671
25.8186
24.0405
19.9335
6.47918
19.9432
18.6627
6.47946
12.5886
6.48029
14.4403
18.6874
15.7212
14.4412
18.6999
19.9837
12.6193
19.9859
6.48006
15.7211
19.9996
20.0012
15.722
20.0068
18.7261
6.47965
12.6526
6.48048
11.7985
20.0331
12.671
15.7204
25.8206
6.48134
25.8217
25.8222
33.7689
33.7692
24.8624
25.8222
17.0226
33.768
18.6567
12.5865
15.7159
25.8231
25.8236
25.8242
6.48495
16.9898
33.7636
16.9719
33.763
20.6286
6.48625
25.8265
24.7549
19.8698
18.5859
25.8266
25.8272
25.8277
33.7591
33.7594
25.8279
19.7876
19.7892
24.6749
24.674
33.76
25.8276
33.7593
25.828
19.7214
25.8283
25.8288
25.8294
25.8299
25.8304
25.831
11.7269
16.6181
12.3275
15.6989
15.6992
18.3739
25.8324
25.8329
25.8334
33.749
25.8338
33.7484
25.8342
33.7478
25.8345
11.6195
25.8356
24.4124
16.5013
24.4096
24.4088
19.5236
23.6193
20.3079
12.2086
16.6251
15.6921
19.5262
15.6927
24.4163
19.5312
33.7458
33.7461
24.3906
33.7467
24.3592
33.7473
25.8348
25.8353
11.7718
6.49591
14.4127
19.3914
19.3931
15.6939
15.6942
6.49557
25.8358
25.8364
33.7439
33.7442
25.8365
25.8371
33.7427
25.8374
25.8379
25.8384
25.8389
33.7394
25.8393
25.8398
33.738
25.8401
25.8407
24.0554
24.0548
25.8408
25.8413
19.1514
24.0377
11.2523
16.1436
19.1515
15.6823
19.1575
14.4026
11.7907
23.2628
19.9766
16.2871
16.2866
15.6818
33.7343
25.8422
25.8428
25.8433
25.8438
25.8443
25.8448
15.6772
25.8451
33.7288
25.8454
7.78621
11.7706
19.0535
14.0613
15.3954
19.0634
19.0652
19.0671
28.8428
16.1934
23.9488
16.192
19.885
23.1481
23.9449
15.6754
15.6757
7.78625
15.3955
15.6753
28.8536
16.205
23.9595
23.959
23.9584
14.3957
33.7285
33.7287
25.8455
33.7282
33.7285
33.7288
25.8455
23.8584
25.8458
33.7277
14.3955
33.6171
25.8458
23.0082
16.049
23.8035
16.0477
15.6745
15.6747
7.78681
25.847
25.8475
25.848
33.7239
25.8483
25.8488
25.8493
33.7216
25.8496
25.8501
28.5802
23.6883
15.9431
23.6864
18.8014
15.3853
18.8074
14.022
15.8254
33.7203
7.79071
15.6676
33.72
33.7203
15.791
25.8509
25.8514
25.8519
15.6651
25.8522
25.8527
33.716
33.7163
14.3841
18.6976
15.6649
18.7038
15.6655
14.3855
11.7736
33.7186
25.8515
25.8519
25.8524
33.7164
25.8527
25.8532
25.8537
25.8542
33.7134
23.4902
23.4899
10.7385
23.4905
15.6291
25.8549
25.8554
33.7114
33.7117
25.8556
25.856
25.8565
33.7095
23.3844
23.3841
25.8565
25.8569
11.7348
23.374
18.489
33.7097
33.7099
25.8566
33.7094
25.8569
25.8573
15.6559
15.6562
15.6565
25.8573
25.2304
33.7074
15.6555
18.4071
18.4091
23.296
33.076
15.565
19.2691
22.4849
23.2887
15.6564
15.6567
7.79744
25.8576
25.8581
25.8586
11.1439
33.7057
25.8591
33.7052
25.8594
11.76
33.705
33.7053
25.8594
33.7048
33.705
33.7053
14.3731
25.8592
23.1358
25.8595
25.8599
25.8604
25.8608
33.7023
10.3398
15.2312
33.701
33.7013
25.8617
25.8622
23.0252
25.8625
23.0173
23.0172
18.1321
15.6482
22.2169
19.0192
25.8623
25.8627
25.8632
33.6984
25.8635
25.864
25.8644
25.8649
33.6956
25.8652
22.9117
22.9116
22.9115
10.1891
10.8048
18.0291
15.0844
22.1065
18.9249
15.2122
15.2123
18.0275
16.7288
10.1982
25.8671
25.8675
15.6391
25.8678
25.8682
25.8687
14.3568
33.6896
33.6899
22.8465
33.6905
25.8683
25.8688
22.8138
33.6895
22.8006
17.9156
33.6904
25.8684
33.6899
25.8686
25.8691
25.8695
25.87
25.8704
25.8709
25.8713
15.6328
9.99376
15.6324
14.8892
10.6167
17.8203
15.6318
7.81249
21.9031
18.7494
15.0301
15.0303
22.713
14.3501
25.8731
25.8735
7.81427
15.6285
21.8972
18.7503
15.0294
15.0295
22.7079
25.8749
14.3467
24.6822
25.8756
25.876
33.6774
25.8763
13.841
15.6248
27.5654
15.0006
22.6744
17.7894
22.6766
22.6767
17.7916
17.7938
17.796
14.8775
17.7972
33.6784
22.676
22.676
14.9987
22.6752
17.7902
15.3232
17.7965
13.8492
14.8809
7.81587
15.6259
33.6784
22.686
22.686
22.6861
27.5742
33.6798
15.3245
13.8513
33.6802
33.6804
17.7713
15.6287
33.6812
25.8739
25.8744
25.8748
25.8752
25.8757
17.6722
25.8759
25.8764
25.8768
25.8772
15.6232
14.3432
16.331
17.6375
10.4521
17.6414
6.53735
15.6235
17.6553
17.6575
15.6243
17.664
10.4774
15.6245
25.8767
6.53743
25.8776
25.878
33.6742
33.6745
22.5144
25.878
14.8317
33.6737
17.6029
16.3003
25.8783
25.8787
25.8792
33.6724
15.6204
33.6729
25.8791
14.7671
22.4329
33.6722
25.8796
14.7423
22.4069
22.407
18.469
25.8801
21.5797
17.5106
6.54054
17.5203
15.6186
16.2213
10.351
15.6187
25.8803
25.8807
25.8811
25.8816
33.6685
25.8818
25.8822
25.8826
25.8831
33.6661
25.8833
22.313
22.3132
22.3134
9.63823
14.5298
21.4963
18.3908
13.8047
15.3029
17.4369
17.4391
17.4413
27.2165
14.6706
25.8837
25.8841
25.8845
9.62467
25.8853
14.5044
33.6618
33.6621
33.6624
25.8857
22.2387
25.8859
25.8863
22.2234
15.6089
22.2278
17.3428
21.4115
18.3145
21.4114
14.581
22.2297
14.5811
15.609
15.6092
7.82651
25.8866
25.8871
25.8875
33.6591
25.8877
25.8881
25.8885
10.1322
33.6572
25.889
17.2669
25.8892
33.6564
25.8895
25.8899
25.8903
33.6547
25.8905
25.8909
25.8913
25.8917
33.6524
22.0524
22.0527
9.39912
22.0544
14.2906
17.1687
10.029
21.2363
18.1653
14.4253
14.4257
17.1717
15.8646
15.2831
15.5993
26.9574
14.4354
22.0676
22.0679
22.0682
17.1831
33.6526
33.6528
25.8917
25.8921
33.6518
25.8923
25.8927
25.8931
25.8935
25.8939
25.8943
14.3157
17.0852
17.0875
15.5968
15.597
13.7606
15.2805
9.34347
25.8942
25.8946
15.5956
25.8949
25.8953
14.3143
21.968
21.9683
14.3433
26.8556
33.6474
17.0736
15.278
13.7563
17.084
33.6483
33.6485
25.8944
14.1782
25.8952
25.8956
25.896
25.8964
7.8371
25.8972
25.8976
33.6432
18.9752
15.5906
25.8981
14.2066
17.9546
20.9982
21.8232
15.59
15.5902
7.83858
16.9499
16.9522
25.8984
25.8987
25.8991
25.8995
25.8999
25.9003
25.9007
25.9011
18.877
25.9019
25.9023
33.636
33.6363
25.9023
9.67788
25.9029
33.635
25.9031
21.6423
21.6427
25.9032
16.7514
15.4414
21.6416
25.9031
17.7851
14.0324
20.8087
14.0331
9.01344
21.6371
21.6376
14.0361
21.6377
16.7525
15.2577
16.759
13.7196
13.9174
7.84465
33.6328
25.9046
25.905
33.6319
33.6321
25.905
25.9054
25.9058
33.6306
9.58061
21.5682
21.5687
25.9059
25.9062
21.557
16.6719
15.361
17.7212
20.7342
13.9657
13.9662
13.8356
16.676
16.6783
26.4533
21.5648
23.6204
18.7255
14.2962
16.6812
15.577
16.6878
15.3768
25.9066
25.9069
25.9073
25.9077
25.9081
25.9084
25.9088
33.6259
25.909
25.9094
33.625
33.6253
33.6255
33.6258
18.5843
21.4122
7.84966
21.4162
33.6254
13.8231
21.4113
31.1903
25.9094
25.9098
25.9102
25.9105
33.6233
8.7539
13.6456
33.6224
33.6227
25.9112
25.9116
21.3243
25.9118
21.319
21.3195
16.4344
15.5699
20.4965
17.5058
25.9115
25.9118
33.6214
25.9121
25.9124
33.6205
25.9126
25.913
21.2531
21.2536
25.9131
25.9134
16.3569
9.28209
21.247
15.0465
8.65102
16.3657
13.5447
20.4223
17.4425
13.6777
13.6783
33.6176
33.6178
33.618
25.9142
25.9146
25.915
25.9153
25.9157
33.6155
25.9159
25.9163
25.9166
21.1028
25.9169
11.6686
21.1021
13.5332
25.9172
14.2806
33.6135
18.2863
30.8724
20.2587
17.2928
13.524
13.5247
15.5602
33.6127
25.9177
25.9181
25.9185
25.9188
25.9192
25.9196
15.5574
25.9198
33.6094
25.92
7.86063
9.07853
16.1366
13.333
16.1389
7.8612
25.9171
21.0294
25.9166
21.0289
21.0295
15.2233
32.743
30.0535
28.075
33.6089
13.4536
21.0143
13.6594
25.9204
25.9208
33.6079
33.6081
25.9208
25.9212
25.9215
33.6068
25.9217
20.9395
20.9401
9.00204
25.9219
20.9373
16.0521
16.0545
14.7395
20.1109
17.1627
13.3888
8.36813
13.3921
13.2605
33.6051
20.9375
16.0523
15.5535
7.86266
20.9482
13.3939
20.9488
25.8359
33.6058
33.606
33.6063
15.2199
25.922
25.9223
25.9227
25.923
25.9234
15.9618
33.6042
13.6492
25.9234
25.9238
25.9241
18.0253
25.9248
25.9252
17.0298
20.7984
13.2513
13.2521
15.5482
15.5484
7.86603
33.6005
25.9259
25.9263
25.9266
25.927
25.9273
25.9277
25.928
20.7463
20.747
20.7478
25.6347
33.5981
15.2086
13.6356
33.5985
33.5987
15.842
15.5468
33.5994
25.9267
25.927
25.9274
25.9277
25.928
25.9284
25.9287
25.9291
25.9294
12.9437
25.9301
25.9305
25.9308
15.5406
25.931
25.9314
33.5922
33.5924
14.26
20.5644
25.9311
25.9314
25.9318
33.5916
25.9319
25.9323
25.9326
33.5903
25.9328
33.5901
25.933
20.4813
7.93196
20.4839
12.8239
20.4848
19.6467
16.7481
15.6007
12.8283
25.3753
7.87385
20.4918
15.1962
25.3828
20.4958
13.6167
12.9727
20.5007
25.9334
25.9338
25.9341
33.5882
25.9343
33.5879
25.9345
33.5876
25.9347
7.88317
25.9353
20.4257
12.7708
20.4265
20.4273
15.5421
19.5911
16.7002
8.53321
12.9115
15.5338
25.9356
25.936
25.9363
33.585
25.9365
25.9368
33.5842
25.937
33.584
25.9372
25.9375
33.5832
33.5834
25.9375
20.2955
17.5363
33.5829
30.0678
7.87804
12.7755
16.5723
7.87873
25.9387
25.9391
7.87973
25.9398
25.9401
25.9404
25.9408
25.9411
25.9414
25.9418
33.577
33.5773
33.5775
25.9416
20.1583
33.5775
33.5777
20.1442
20.1451
14.2457
12.5095
7.88165
25.9417
25.942
25.9423
13.5876
15.5239
25.03
12.6381
20.1437
15.5241
20.1471
20.148
15.5248
15.5251
15.5253
12.5154
33.5774
15.5253
15.5255
15.5257
14.2457
25.941
17.4134
25.9417
25.942
25.9423
25.9427
25.943
25.9433
7.88398
25.944
25.9443
33.5733
33.5736
25.9443
33.5733
33.5736
33.5738
20.0201
20.021
20.0219
12.5209
14.2416
7.88416
24.9181
20.0317
24.9183
20.0319
27.1716
15.5228
33.5754
15.5232
33.5758
26.1813
33.5757
12.518
22.167
12.5167
25.9437
25.9441
33.5737
25.9442
33.5735
25.9444
33.5732
25.9446
25.9449
25.9452
33.572
25.9454
25.9457
25.946
19.883
25.9462
19.8776
12.3832
17.1404
33.57
19.8736
11.6251
29.6573
14.2382
19.8839
7.88635
33.5709
33.5711
33.5713
25.9459
25.9462
25.9465
25.9469
25.9472
25.9475
19.7838
12.2926
25.9479
33.5681
25.9481
19.7591
25.9483
25.9486
19.7477
19.7487
11.6223
17.0213
24.6396
14.2349
33.5679
15.1675
25.9482
25.9485
25.9488
25.9492
25.9495
25.9498
25.9501
25.9504
33.5646
16.9292
25.9509
33.5639
33.5641
33.5643
33.5646
19.6211
7.89078
19.6257
33.5648
19.6229
12.1383
29.401
33.565
33.5653
26.7513
25.95
25.9503
24.4823
33.565
12.2199
29.3666
19.5878
26.7271
24.4718
19.586
19.5871
14.2335
19.5939
24.4801
19.5943
12.1063
19.5958
15.5145
15.1662
15.5149
13.5696
11.9861
33.5671
7.88914
15.5145
33.5671
33.5673
33.5675
25.9485
33.5673
25.9487
25.949
33.5666
33.5669
25.949
25.9493
19.497
25.9495
25.9498
25.9501
25.9504
11.6192
33.5648
25.9504
14.2319
29.2432
19.4646
11.9798
16.7367
19.4649
16.737
24.3499
33.5644
21.623
33.5642
19.4541
25.9507
25.951
24.3301
25.9512
19.4401
25.9513
24.3204
21.5991
15.5106
26.5727
21.5969
14.2303
7.89198
19.439
19.4401
25.9517
25.952
25.9523
25.9526
25.9529
25.9532
25.9535
16.6474
25.9541
33.5593
25.9543
7.89492
33.5587
33.5589
33.5591
33.5593
19.3119
19.313
33.56
19.3105
11.8341
26.1941
21.4787
19.3053
33.5595
24.188
25.954
25.9543
19.2923
25.9545
24.1744
25.9546
21.4556
26.4183
14.2257
7.89527
15.5057
21.4632
15.5055
33.5582
15.506
15.5062
7.89512
24.1822
19.2965
24.1828
19.2971
32.681
28.1752
28.1208
33.5592
19.2833
15.156
25.9542
25.9545
25.9548
29.0445
25.9549
19.2604
19.2615
19.2626
33.5588
24.1455
26.1947
26.3937
21.4253
33.5587
33.5589
33.5592
25.9544
14.2262
25.9546
33.5587
25.9547
25.955
25.9553
14.2249
25.9555
25.9558
25.9561
25.9564
33.5562
25.9565
25.9568
25.9571
25.9574
33.5547
33.5549
33.5551
33.5553
25.9571
19.0986
16.3864
19.0987
33.5551
7.89758
11.632
28.8767
19.0985
11.6096
25.9574
25.9577
33.5543
25.9578
25.9581
33.5537
33.5539
25.9581
33.5537
33.5539
25.9581
25.9584
25.9587
18.9893
25.9589
33.5526
16.2723
18.9806
28.7578
11.5154
11.6071
18.9861
7.89928
16.2821
14.2194
23.8808
33.5525
33.5527
18.9884
33.5531
25.9586
23.863
25.9588
18.9718
33.5529
11.6184
28.7433
33.553
14.2205
26.1054
26.1992
14.2206
18.9676
23.8541
18.9684
33.5542
26.1986
23.8477
21.1416
33.5539
26.0939
25.958
25.9583
25.9586
33.553
14.2205
33.5535
33.5537
15.5015
25.9581
33.5537
26.0667
33.5541
25.958
23.8009
25.9581
33.5537
18.9034
11.5547
28.6813
23.7888
26.0408
18.9013
18.9024
14.2221
14.2223
33.5552
26.0492
18.9097
33.5559
33.5561
23.7897
18.9039
33.5567
25.9561
25.9564
33.5561
33.5504
11.5243
26.1888
14.2231
28.657
14.2235
21.0607
26.0201
33.5492
25.9564
21.0486
25.9395
33.5343
26.1734
33.5272
25.9572
21.0286
21.0269
18.8453
23.7319
7.89813
25.9581
15.5013
25.9582
18.8416
15.5013
15.5015
14.2214
23.7405
23.7402
18.8544
25.9932
33.5224
33.5192
26.1581
33.5122
33.5554
21.0129
14.2225
33.5074
25.957
25.9573
25.8949
11.4692
33.5541
25.9579
14.2212
25.8871
25.9584
30.9161
20.9802
25.9588
33.5527
25.9589
20.9571
25.9595
25.9598
33.2301
25.9601
30.9126
25.8173
33.5507
25.9604
25.8047
33.3908
33.3876
20.9019
30.7438
33.379
25.7859
25.9609
26.0195
33.3632
25.7717
18.6878
25.9614
20.8723
23.5671
20.8701
18.679
15.4962
7.90217
25.9621
15.4956
23.5707
25.9621
18.6783
14.2155
25.9621
20.8685
30.9104
20.8605
25.9628
25.9631
33.5467
25.9632
25.9635
33.2067
14.2134
15.4939
14.2138
10.8304
15.494
8.03915
10.8307
15.4936
6.62399
8.03975
7.42955
25.9641
15.4928
6.62455
15.4926
15.4928
15.493
15.4932
10.8311
15.4932
25.964
25.9643
25.9646
15.4922
33.5449
33.5451
25.9644
30.9065
11.7502
18.6467
25.9645
33.5447
12.3386
18.635
25.9645
16.4762
6.62497
10.8323
8.041
15.4915
25.9652
25.9655
11.7403
25.9659
12.338
6.62651
18.6339
33.5426
33.5428
7.42637
16.4752
15.4908
8.04159
15.4907
25.9658
25.966
6.62663
25.9666
33.5418
33.542
11.7211
30.9037
25.9666
15.4894
14.2093
13.7273
15.4896
8.04257
13.7276
15.4892
25.9669
25.9671
25.9674
15.4882
33.5409
33.5411
25.9673
33.5409
11.6824
18.5705
25.9674
30.9024
14.3001
18.559
25.9674
23.438
6.62782
15.4881
6.62795
15.4879
15.4881
15.4883
15.4885
15.4887
8.04325
15.4886
25.9673
25.9676
6.62816
25.9681
33.5397
33.5399
11.6792
33.5399
25.9681
23.4331
23.4329
14.2917
11.6628
33.5399
25.9681
25.9683
25.9686
25.9689
25.9692
25.9694
18.4995
25.9696
25.5963
15.4849
33.5375
8.04606
33.5374
15.4851
7.9101
7.91037
30.8987
23.3719
18.4861
14.2401
11.6084
18.4891
15.4852
7.91007
33.5374
25.9699
25.9701
25.9704
25.9707
25.971
25.9712
25.9715
25.5489
15.4822
7.91222
25.9722
25.9724
25.9727
25.973
25.9732
33.5326
18.4026
7.91355
23.2928
23.2927
14.1747
11.5377
18.4087
28.8747
15.4804
15.4806
15.4808
14.2007
15.4811
14.201
25.9725
25.9728
33.5333
25.9729
33.5331
25.973
33.5329
25.9732
30.8944
25.9733
25.4715
18.3589
18.3601
15.4801
15.4803
14.2002
15.4807
15.4809
15.4811
30.8954
33.5339
33.5341
25.9723
25.9725
25.9728
30.8949
33.5334
25.9728
25.973
25.9733
25.9736
25.9738
33.5318
18.2859
25.9738
25.9741
25.3887
15.4786
7.91482
7.91508
8.05165
18.2843
13.7379
25.9753
33.5298
25.9754
25.9757
25.9759
33.5289
25.976
33.5288
25.3493
25.9764
30.8899
18.2217
7.91675
18.2249
7.91687
15.4756
15.4758
15.476
15.4762
14.1961
11.5656
7.91629
25.3692
25.9765
11.5539
25.9766
25.9769
25.9771
33.5273
14.1947
33.5276
30.8895
33.528
25.9767
25.977
15.475
15.4752
15.4754
11.5647
12.8342
15.476
15.4762
15.4764
15.4766
27.9988
10.6621
25.9761
25.9764
33.5283
33.5285
25.9763
25.9766
33.528
25.9767
8.05377
30.8892
25.9771
18.1588
25.2777
18.1567
23.0437
23.0436
14.195
33.528
33.5281
33.5283
25.9765
33.5282
33.5284
33.5285
25.9763
32.7668
27.8715
13.8768
22.9815
22.9814
18.0955
18.0968
15.477
7.91597
15.4768
25.9758
33.5291
25.9759
25.9761
25.9764
25.9767
33.5279
33.5281
18.0556
25.9765
25.9768
15.4753
25.9769
25.9771
25.9774
25.9776
33.5266
25.9778
15.4739
25.9779
25.9781
25.9784
25.1138
22.8754
13.7831
25.9788
25.9791
25.9793
7.9199
25.9798
7.92041
33.5232
33.5234
30.8853
25.9799
33.5235
25.98
25.9803
17.9261
17.9274
11.5491
22.8197
22.8197
15.4714
11.0865
22.8245
22.8245
17.9386
17.9399
15.4722
7.91948
33.5245
25.9793
25.9795
25.9798
15.4712
8.05691
25.9801
25.9804
25.9806
33.5225
30.8844
25.9806
25.9808
25.9811
25.9814
25.9816
33.5212
17.8583
25.9816
25.9818
24.9771
15.468
8.05941
17.8509
13.7469
7.92279
7.92304
15.4672
24.9918
25.9831
25.9833
25.9836
7.92416
33.5182
33.5183
7.92414
25.9841
30.8795
33.518
25.984
17.8037
11.5438
15.4658
15.4659
27.5919
22.7012
17.8153
10.2745
17.8174
15.4665
17.8212
15.4669
15.4671
7.92323
24.9612
25.9834
25.9836
25.9839
11.5438
25.984
33.5179
33.5181
30.8799
14.1857
33.5186
25.9836
25.9838
17.7747
25.9839
17.7716
17.7729
27.5494
17.7729
22.6601
15.4664
33.5191
12.8252
33.5195
17.7679
33.5198
25.9827
25.983
25.9832
25.9834
25.9837
33.5183
25.9838
25.9841
25.9843
25.9846
25.9848
33.5168
33.517
25.9848
8.06245
25.9852
33.5162
25.9853
30.8778
17.6248
25.9853
13.751
17.624
15.4636
24.7647
22.5109
13.4504
10.792
22.513
7.92589
25.9858
25.986
33.5151
25.9862
24.7427
25.9867
33.5143
33.5145
25.9866
25.9869
30.8757
7.92732
17.5713
7.92743
17.5747
8.0648
22.4641
22.4641
15.4615
13.4144
10.7533
15.4615
17.588
22.4753
13.4204
22.4765
10.7594
28.092
14.1816
33.5146
19.8369
32.2559
25.9867
25.9869
32.245
14.1813
17.5801
25.9868
22.4632
19.8248
11.5506
15.4617
33.5144
15.4621
33.5147
33.5149
25.9863
15.4623
14.1822
14.1823
14.1825
15.463
22.4692
17.5833
17.5846
10.0488
15.4634
17.5893
12.8222
15.4639
12.8225
7.92542
33.5164
33.5166
7.9254
15.464
15.4642
15.4643
12.823
15.4647
27.3865
22.4962
10.0705
17.611
17.6123
17.6136
