16.8647
16.8647
16.8647
8.81162
9.26587
12.7398
9.93792
25.8145
28.0446
7.29157
11.8734
16.3893
19.7807
12.549
12.5745
16.7081
9.27915
12.9447
12.186
8.20317
21.4569
21.2272
28.274
25.3618
27.9068
16.2324
16.3773
19.7517
16.5221
16.6436
14.3762
20.085
15.9726
8.07861
28.693
28.5534
19.8608
15.8924
28.3966
28.2785
28.1663
28.0596
16.2664
16.9135
16.3638
15.9694
28.184
28.0903
19.5663
28.0153
32.8781
16.1105
19.4829
32.8357
16.0866
27.8241
25.0314
27.6827
16.0213
16.0905
19.462
16.1681
16.2318
13.8661
19.6443
15.4875
7.54911
28.1177
28.0538
19.5544
15.4781
27.9893
27.9306
27.8736
27.8181
16.0868
16.7317
16.1482
15.6873
27.9059
27.8541
19.4238
27.8152
32.7527
16.0111
19.38
32.7314
16.0001
27.7095
19.3404
27.6776
35.247
19.223
16.5092
16.8131
19.2523
12.0012
19.2714
7.12053
11.8147
11.7434
27.5747
27.5373
27.5007
19.196
27.477
27.442
19.1608
27.4202
32.3871
19.0974
19.1071
32.3361
19.067
19.0767
27.2851
11.5512
27.259
27.2294
27.2004
19.012
16.2976
19.0311
15.799
27.2165
19.0248
19.034
16.319
19.052
15.8012
11.8013
19.0709
11.4593
27.2576
15.8162
19.0521
27.2478
11.5104
19.0448
19.053
27.2484
32.2344
27.1642
18.9914
24.4313
32.5657
18.9246
18.9332
18.6189
27.0677
18.9313
18.9397
6.7387
18.9513
18.9593
18.5262
27.1149
18.9574
18.9652
27.115
27.0941
32.0886
18.913
10.6282
18.9135
18.9213
18.9289
29.3559
18.9042
27.0216
18.8997
27.0131
32.0113
18.8643
26.9574
10.5527
18.8538
18.8613
18.8688
18.8762
16.1916
26.987
31.988
18.8503
18.8577
10.5494
29.2398
18.8299
18.8372
26.9177
18.834
31.931
29.168
18.786
32.5908
18.7491
18.7565
16.2476
31.8141
18.7374
6.50682
18.7478
26.7876
18.7456
31.8042
18.7272
16.0103
26.7635
18.7324
31.7811
26.7209
15.3767
26.7406
11.979
26.7347
26.721
18.7078
18.7147
18.7216
26.7363
31.7461
18.6964
28.9993
18.68
18.6869
18.4043
26.6859
18.6887
6.4775
18.6978
31.7285
18.682
31.7035
25.5116
26.6221
23.2411
18.6285
18.6352
31.6375
26.5798
15.3818
31.6234
18.6124
26.5752
25.4285
35.3143
26.4696
18.5395
18.5463
26.4777
28.7719
18.5262
18.5328
18.5395
31.4903
15.8023
26.4435
12.3099
18.5331
6.48072
18.5426
31.5057
18.5297
31.4853
25.7592
25.2602
31.4329
18.4824
31.4135
26.3582
15.3793
31.4034
18.4649
26.3573
32.5996
25.1468
25.5618
18.3963
18.4028
31.2902
18.3918
25.5431
26.2342
25.1257
23.502
31.2351
18.3564
18.3629
18.3693
15.3958
31.263
31.2374
18.3602
26.1929
18.3614
25.1268
25.4547
18.3544
18.3607
18.3669
15.4051
31.2547
26.2014
23.4797
23.4718
26.1778
31.1988
18.3388
33.2681
15.4104
26.4164
23.3271
15.3994
33.2755
26.4204
31.21
35.315
15.3802
35.3171
34.5146
35.3176
35.3187
15.3839
17.9525
24.9772
34.3441
35.317
25.4755
15.3832
26.4889
17.8493
17.8564
15.3752
17.8805
15.3773
25.513
15.3793
15.3804
17.9348
17.9415
17.9481
17.9548
17.9614
14.6671
17.9824
24.6858
15.3863
15.2762
15.2826
18.013
6.4778
18.0228
14.6746
30.7515
35.3161
30.6981
22.9264
27.9529
17.9797
15.2618
17.9921
15.387
6.47835
18.0171
15.299
15.379
16.3096
18.0462
24.8088
15.3777
15.3384
18.0682
18.074
6.48018
18.083
35.3078
18.0676
26.4266
26.5471
35.2906
35.2915
35.2924
27.7573
35.2943
15.3593
30.4519
17.8244
24.5287
17.8268
16.1253
25.4207
15.1088
17.8389
17.8449
17.8509
15.3646
25.4719
22.7454
30.495
27.7575
35.305
35.3059
15.3924
35.3074
26.5441
8.95595
26.432
35.2041
30.1415
35.1606
8.73747
16.7518
35.1402
35.1126
35.2777
16.6783
27.2865
17.5225
15.1534
17.5351
17.5414
17.5477
22.2831
8.83855
26.5542
26.4389
35.2605
35.2614
29.8058
35.2631
35.264
26.4402
26.561
17.2291
34.6126
21.7977
17.2186
26.8397
24.5156
29.5454
34.5676
24.4761
26.5608
26.445
35.242
35.2428
34.3379
26.558
34.3019
29.2429
17.0035
17.0106
21.4959
29.2499
8.19645
16.3022
26.4473
35.2352
26.4185
35.2369
34.1187
35.2386
34.052
16.8432
16.8504
29.0147
21.2481
16.1409
8.05264
29.0144
16.848
29.0134
14.4674
8.20088
35.2328
26.2516
35.2345
35.2353
33.9019
26.5676
28.7952
33.8209
26.4507
33.7505
7.85732
16.1133
35.219
26.4549
35.213
33.6219
33.6018
20.7896
16.5359
35.217
26.4555
7.86673
14.0992
35.2059
28.4534
35.2076
35.2084
33.4012
33.382
35.2107
35.2115
23.2068
25.5186
26.5757
23.1537
16.2936
23.1658
15.2744
35.2112
23.1593
23.1604
15.7357
7.54201
16.3065
15.2719
23.2064
23.2074
23.2084
16.3305
35.2118
30.5402
30.522
35.214
23.1284
15.2795
33.2184
13.8978
20.4213
23.1433
13.7561
27.2605
33.2188
35.2151
15.2798
23.1249
35.2173
16.2592
30.4582
16.255
30.4512
23.0853
23.0865
16.2529
35.2232
16.2366
35.2246
27.1248
32.5013
33.0506
35.2233
35.2241
22.9037
26.4526
35.2194
35.2201
34.1577
35.221
27.7308
32.5017
35.2231
22.6421
35.2245
22.6192
29.9698
32.6747
26.6739
29.9276
22.5633
22.5654
15.9069
35.2267
35.2274
35.228
34.1774
35.2288
35.2295
32.5095
26.9365
32.3385
26.4517
35.2221
32.5021
24.4893
27.2041
22.1666
15.2894
7.07646
15.6567
29.5545
29.5401
35.2233
35.224
15.2886
32.2206
26.2227
12.5627
22.1468
32.5035
35.2248
34.1692
35.2256
35.2262
35.2269
32.5068
35.2281
26.4513
26.9397
31.8716
15.2844
26.84
32.5011
21.7819
24.0959
15.3808
15.3886
12.5648
21.822
29.1741
29.161
15.2914
21.8181
15.4098
21.8322
21.8353
15.4218
15.2952
21.8683
12.7203
21.8821
15.454
21.8959
15.4636
21.9096
26.9444
21.9074
12.7479
15.4793
26.9637
21.9267
26.9615
15.4824
21.9351
15.4917
6.50247
19.2366
6.91488
15.5096
15.5168
6.50511
22.0021
27.037
24.3113
27.027
32.0605
32.0478
26.9967
12.7791
27.0021
26.9971
24.2715
15.501
21.7605
21.5834
29.319
21.9562
12.5763
32.0476
12.7837
27.0067
13.8748
32.0578
21.9743
15.517
15.5239
24.3087
33.3617
15.5096
27.0073
15.5134
33.7247
35.241
31.9649
26.9141
35.2427
12.5831
35.2438
35.2444
35.2449
31.8454
35.246
21.3126
29.0744
31.7835
15.3352
26.7433
31.7779
31.7664
6.64454
26.7212
21.6846
21.6875
21.6904
26.7257
24.0008
13.3962
26.7167
15.3209
24.0018
15.3251
31.7673
26.7171
15.3219
15.3287
21.7002
13.8959
26.7521
31.787
26.7367
13.8992
15.347
12.5925
12.6409
15.3716
15.3782
21.7718
21.5288
29.1275
21.336
15.3817
13.9059
31.8647
35.2561
35.2566
12.597
6.81491
13.231
35.2515
35.252
35.2525
31.7253
35.2535
35.254
35.2545
33.7194
33.3767
34.5014
13.1768
15.3144
35.2509
6.76856
15.3118
15.3123
15.3128
31.5405
13.8952
35.2499
35.2504
35.2509
35.2514
33.7208
31.38
33.3731
34.5112
35.2502
31.2936
15.3152
15.3157
15.3162
15.3167
13.1766
13.8972
15.315
6.76849
13.02
21.3085
35.2457
15.3102
21.3049
35.2472
35.2477
35.2482
31.2998
35.2491
33.7218
34.5233
33.3693
35.2475
15.312
15.3125
31.1692
13.1783
15.3112
6.76987
15.3082
15.3087
13.8867
35.2453
35.2458
35.2463
35.2468
35.2472
33.7226
34.5312
33.3668
13.18
15.3075
6.77124
15.3046
15.3051
35.2415
15.306
31.0263
15.307
25.9879
25.9852
25.9824
15.3088
31.0345
35.2457
35.2462
35.2467
13.1793
35.245
35.2455
6.77046
30.9153
30.9066
34.5394
26.4457
25.8065
35.2399
20.732
30.808
20.7271
35.2417
20.7163
26.446
7.03925
20.7137
30.7897
15.301
25.7519
25.7496
25.7472
15.3028
12.5792
33.3847
35.24
32.5446
35.2409
26.4465
35.2373
35.2377
26.4475
35.2342
35.2346
35.2351
12.178
35.2331
35.2336
32.7606
20.3804
35.2349
20.3649
27.003
35.2335
32.7605
32.5385
35.2348
35.2352
35.2357
33.3797
35.2363
35.2368
26.4478
26.4491
35.2294
15.2939
20.0796
25.1176
35.2312
25.0918
35.2321
20.0264
20.0305
25.0687
7.04122
20.046
25.0841
15.2964
25.0923
26.4491
26.4504
35.2257
33.3661
35.2264
15.2908
35.2273
35.2277
35.2281
19.8509
32.5331
35.2294
33.2165
35.229
35.2294
15.2939
26.5687
26.7227
35.2241
26.7237
27.0093
33.2239
35.2187
35.2191
35.2196
20.8254
29.5815
19.5031
35.2172
19.485
35.2181
13.1425
12.5587
26.4538
26.4551
35.2121
24.4349
33.3482
19.3772
20.696
29.4439
19.3657
35.2109
26.5755
26.73
33.2342
27.017
24.284
19.2488
35.2036
13.1251
19.2363
35.2047
35.2051
19.1921
35.206
24.2097
24.2092
29.2462
15.2716
19.1783
15.2725
11.9298
15.2733
19.2078
19.2125
24.2518
24.2512
19.2161
34.3345
15.2762
19.2196
24.2589
20.5382
15.274
29.3015
19.2234
35.2113
15.2757
14.8249
19.221
19.2256
20.5452
29.2931
35.2101
35.2105
35.2109
35.2113
32.5157
34.2444
34.2337
24.1439
15.2773
19.1235
15.2781
15.2785
19.1578
19.1624
33.2266
24.1748
24.1744
15.2798
24.1836
15.2806
11.8946
15.2814
19.1721
19.1766
24.216
15.283
14.8379
15.2835
20.5201
29.2774
19.1992
35.2174
19.1783
15.2821
15.2825
19.2116
26.4537
15.28
26.4547
20.4828
35.2099
24.1683
33.2303
29.1795
19.1014
35.2108
26.5755
26.7299
27.0164
19.0224
19.027
35.2047
13.1265
35.2054
15.2697
35.2062
26.4581
33.3355
26.4591
35.2005
35.2009
35.2013
32.5056
18.8269
35.2024
35.2028
35.2032
15.2675
32.7283
12.5441
33.2347
35.204
26.578
26.7325
27.0194
35.1974
35.1978
18.6488
33.7681
28.7167
11.3758
23.6794
15.2641
23.689
18.6538
35.2013
18.6349
28.7123
23.6703
14.8086
18.6442
18.649
18.6537
23.6937
15.2684
28.7453
13.1265
18.6771
15.2698
33.2336
35.2055
26.5774
18.6311
35.2035
35.2039
26.7314
19.9032
35.1989
35.1993
27.0192
15.2619
18.5171
35.1987
26.4606
28.5501
26.4616
15.2575
35.1939
23.4781
33.3239
11.1609
23.4649
28.5023
23.4607
15.2603
23.4703
15.2611
15.2614
15.2618
15.2622
18.4768
18.4815
18.4862
7.79909
23.5393
18.5039
15.2638
15.2641
15.2645
15.2649
28.6227
18.5453
18.5499
15.2663
15.2667
14.8091
18.586
28.6636
15.2679
15.2682
33.7194
26.599
12.5451
28.6774
15.2699
26.3836
26.6119
26.3745
33.7135
28.6626
15.27
14.646
15.2695
15.2698
18.6282
18.6327
15.2709
15.2712
14.8171
7.79264
15.2711
15.2715
18.7018
18.7062
15.2725
15.2729
15.2732
15.2736
15.2739
26.5305
33.8774
26.7582
28.8219
28.8175
23.7753
20.2518
15.2729
18.7454
20.2643
28.8161
23.7739
15.2719
15.2723
35.2087
35.209
33.841
35.2097
33.7398
28.7411
33.3177
34.5401
33.7446
28.6938
15.2737
15.2741
15.2744
15.2748
13.1962
13.8246
15.2738
6.7838
15.272
28.7831
35.2087
33.8043
35.2094
13.1969
33.7815
35.2087
6.78426
28.7157
28.7115
34.5328
24.9785
23.6369
35.2052
18.5762
15.2698
13.8187
28.6749
33.7133
35.207
12.5471
6.7848
13.199
35.2042
35.2045
33.3124
33.7422
35.2036
28.5788
35.2043
35.2046
35.2049
33.7421
33.3111
34.517
13.1997
15.2667
33.5161
6.78647
15.2653
15.2656
15.2659
28.501
13.8128
15.2667
34.513
15.2671
35.2034
35.2038
35.2041
35.2044
33.4759
28.4256
33.742
33.4426
28.3923
33.3121
33.4191
35.2051
35.2055
35.2058
35.2061
33.7415
34.5215
33.3127
13.199
15.2679
6.78609
15.2662
15.2665
15.2669
35.2032
35.2035
33.2983
28.2482
35.2045
33.7423
34.5146
33.3106
33.2112
15.2679
15.2683
28.186
13.1992
15.2676
6.7862
15.2659
15.2663
13.8128
15.2667
20.4827
28.2449
23.2038
19.6906
12.5417
18.1703
15.2664
18.1828
15.2671
18.1953
23.2358
18.2
12.5442
15.2686
23.2568
15.2693
6.51395
18.2382
23.2786
20.5547
23.2793
28.3173
28.3138
23.2726
12.5451
18.2447
15.2698
12.546
15.2704
6.51352
18.282
15.2686
18.298
18.3021
23.3425
15.2698
18.3144
15.2704
6.51353
15.6112
6.7202
15.2665
28.427
24.8412
23.3757
28.4139
23.3724
15.2658
15.2661
12.3126
15.266
15.2663
15.2666
15.2669
15.2672
23.457
15.2678
15.2681
28.5107
15.2687
33.5577
15.2693
15.2696
15.2699
15.2702
32.4859
23.5003
28.5386
15.2714
23.5045
15.272
23.5123
23.1456
15.2728
15.2731
15.2734
15.2737
15.274
15.2742
23.5727
28.611
23.2034
23.5691
15.2756
15.2759
15.2762
23.5954
15.2767
23.6029
23.2382
15.2775
15.2777
15.278
23.6289
23.629
28.6674
15.2792
23.6304
15.2798
18.6039
18.6076
15.2806
23.655
12.5571
23.6624
15.2818
23.6698
23.6698
15.2826
16.1045
18.6444
12.5593
23.6917
11.8649
23.6982
11.865
15.2833
12.5595
6.5089
23.7272
15.2818
16.1653
23.7415
23.7415
15.2829
23.7487
15.2834
11.8651
6.50912
13.6141
15.2803
23.7835
15.2808
23.7906
16.2178
15.2817
15.2819
23.8117
6.50937
28.8583
13.6144
15.2798
28.8678
29.9496
33.8989
32.4951
15.28
28.8451
13.6143
23.8089
23.8089
21.0849
28.8475
28.8439
15.2813
11.8667
33.8966
28.8464
28.8429
32.4973
28.8288
21.0626
23.7865
23.7865
28.8251
15.2836
13.612
28.8346
15.2836
28.838
7.03816
18.7645
28.8432
23.8009
23.8009
27.3034
23.7971
21.0737
28.8358
29.911
21.0615
28.8241
28.8206
23.7784
28.8171
33.8568
32.5008
33.8396
18.7142
13.6104
28.7989
32.5013
28.7852
33.825
29.8507
18.6916
23.7316
23.7316
23.7316
12.7546
28.7764
28.773
33.8128
28.7628
7.03666
15.2861
28.7714
35.2227
7.0369
15.2856
32.5012
33.8029
28.7529
20.9868
29.8251
15.286
15.2862
28.7551
28.7518
18.6731
12.7543
15.2869
23.7258
28.7646
28.7612
29.8319
27.2157
28.7465
28.7432
33.7832
28.7332
20.9672
32.5037
23.6813
28.72
23.678
13.6082
20.9604
15.2891
33.7726
23.684
28.7228
28.7195
29.7864
28.7084
27.1727
20.939
28.7018
33.7419
28.692
32.5062
28.679
23.6371
23.6371
13.6065
20.9194
33.7251
15.2918
23.6432
28.6819
23.64
27.1482
23.6367
29.7415
28.6678
28.6646
28.6615
20.896
33.7017
20.8891
32.5091
28.6423
13.6048
23.6063
15.294
33.695
18.5697
20.8857
32.5103
33.6823
29.6951
28.6251
23.5833
23.5834
28.6221
28.619
18.5404
28.6192
23.5775
28.6162
15.2968
12.7466
7.03258
33.6738
29.6865
32.51
28.6072
28.6041
28.601
20.8351
23.5594
23.5595
15.2964
15.2967
28.6112
7.03235
13.6038
28.6188
28.6157
18.537
28.6159
24.9913
23.5657
28.6045
23.5628
15.2951
15.2954
12.2865
15.2953
15.2955
15.2958
15.296
15.2962
23.6322
15.2967
15.297
28.6838
15.2975
33.7305
15.2979
15.2982
15.2984
15.2987
35.2349
23.6673
28.7062
15.2996
23.6705
15.3001
23.6768
21.9749
15.3007
15.3009
15.3012
15.3014
15.3016
23.7203
15.3021
23.7265
22.0256
15.3027
15.3029
15.3032
23.748
23.748
28.7869
15.3041
21.033
15.3046
18.7202
18.7233
15.3053
23.7694
33.852
21.0452
33.8458
25.0426
18.7117
23.7517
8.55885
28.7996
18.7205
18.7236
23.7635
22.0642
15.3058
15.3061
23.7785
28.8176
22.0767
23.7753
15.3071
15.3073
15.3075
18.7595
21.0814
8.54866
22.1101
23.808
23.8079
23.8079
15.309
15.3092
28.862
33.9025
35.2459
35.2461
13.1955
12.8875
35.2461
33.8655
35.2465
28.8069
35.247
33.8325
18.7068
25.0255
26.6971
23.7248
15.3082
23.7307
12.5845
23.7367
23.7367
15.3093
16.1709
18.7086
15.31
23.7545
11.8454
12.5859
6.49987
18.7352
23.7752
23.7752
23.7751
23.7751
23.7751
26.5087
28.8112
23.7691
28.8082
18.7291
10.617
18.7368
16.5658
15.3101
23.7855
15.3106
23.7942
15.311
23.8
15.3115
23.8058
16.2341
15.3121
15.3123
23.8231
6.49901
28.8688
13.5937
23.8316
23.8315
23.8315
15.3111
15.3113
15.3116
12.5877
12.5879
15.3122
18.8374
18.8403
15.3129
23.8887
12.5892
15.3135
13.5918
28.9472
28.9442
29.9767
33.9781
32.5284
23.8805
23.8804
28.9196
23.8773
12.59
23.8858
23.8857
12.5907
28.9335
33.9744
28.9248
28.9218
32.5312
28.9103
21.1441
23.8679
23.8678
28.9071
15.3171
13.5895
28.9147
15.3171
28.9174
7.02353
18.8422
15.3165
23.8877
12.5928
15.3172
29.9709
32.5318
28.9256
28.9227
28.9198
21.1536
23.8775
23.8774
15.318
15.3182
28.9278
7.02304
13.5894
28.9339
28.931
18.8516
23.8915
23.8914
18.8541
33.9773
21.1645
28.9277
12.73
35.2544
35.2546
26.4412
23.8628
32.5324
23.8543
28.8937
28.8908
33.9319
29.9111
35.2533
33.9057
33.9001
16.6018
28.8533
23.8111
26.5462
23.8083
15.3189
28.8558
10.6124
23.8182
18.7809
18.7836
23.8236
18.7863
23.8262
10.1711
35.2542
26.4413
33.8917
23.8029
33.8861
35.2531
33.8669
23.7781
28.8175
28.8147
18.7354
12.7304
25.8247
28.8163
23.3281
12.5936
23.7793
28.8186
28.8159
29.8413
28.8067
27.2908
21.0377
28.8011
33.8423
28.7929
32.5341
28.7821
23.74
23.74
13.588
21.0212
33.828
15.3195
23.7448
23.7448
23.7448
21.0212
27.2729
18.7046
33.8279
28.7786
35.2572
35.2574
18.6832
26.4402
12.7292
35.2555
33.7877
33.7824
23.6938
15.3204
15.3206
23.7046
28.7439
23.702
27.2308
23.6992
20.9757
7.02167
12.5966
32.5362
33.784
28.7347
20.9687
29.7556
15.3209
15.3211
28.7365
28.7339
18.6546
12.7278
15.3215
28.744
29.7646
33.7791
32.5366
15.3215
28.7273
13.5865
23.6901
23.6901
20.966
28.7295
28.7269
15.3224
11.8367
23.6949
28.7343
28.7317
29.751
27.2129
28.7202
28.7176
33.759
28.7098
20.9438
32.5384
23.6602
28.6995
23.6577
13.5853
20.9387
15.3235
33.7509
15.3239
15.3241
15.3243
7.02052
15.3234
18.6525
23.6925
15.324
28.7371
23.6952
23.6952
27.2267
23.6926
20.969
28.732
29.7474
20.9599
28.7234
28.7208
23.6789
28.7183
33.7598
32.5411
33.747
18.6211
13.5837
28.7051
32.5414
28.6949
33.7364
29.7035
18.6045
23.6446
23.6446
23.6447
12.7243
28.6887
28.6862
33.7277
28.6786
7.01946
15.3259
28.6852
35.2623
9.97116
18.5992
15.3252
33.7278
18.6019
28.6813
23.6395
20.9154
33.723
23.6346
26.4386
35.2609
28.6569
35.2612
23.6077
7.02003
35.2605
21.6221
33.6824
25.8054
15.3247
32.5402
15.3251
28.6332
20.8672
32.541
33.6675
29.6355
28.6126
23.5709
23.571
28.6103
28.6079
18.5287
28.6081
23.5664
28.6058
15.327
12.7239
7.01955
33.6609
23.5727
23.5727
35.2623
34.5432
33.6387
32.692
23.5431
35.2629
35.2631
30.9066
15.3275
12.6036
18.4963
23.5364
15.3282
15.3284
35.2646
35.2648
35.2649
31.9477
15.3292
23.5199
15.3296
23.5251
28.5644
12.606
35.2663
15.3305
12.6066
15.3309
23.5381
27.0747
18.4981
24.7913
33.615
23.5268
28.5662
28.5638
15.3304
15.3306
8.06737
15.331
25.8657
28.584
15.3315
15.3317
15.3319
15.3321
15.3322
23.5696
33.6532
16.9308
23.5672
33.6507
23.5625
15.3332
15.3334
21.5997
23.5725
15.3338
17.7695
15.3339
15.3341
21.6195
23.592
17.7824
23.5943
15.3347
15.3349
18.569
21.8659
15.3351
15.3353
15.3355
15.3356
33.7168
23.6284
15.3362
21.6615
23.6333
15.3366
17.8221
15.3367
15.3369
15.3371
15.3373
15.3374
23.6717
21.7004
23.6717
15.3381
23.2639
18.6387
15.3383
18.6459
15.3386
28.7302
18.6507
23.2762
8.07557
17.8746
28.7394
23.6975
21.7267
15.3396
33.786
33.7813
23.2762
26.4343
18.6459
23.686
8.07514
28.7327
18.6531
23.6932
17.8699
15.3392
15.3394
23.7048
33.7887
35.2758
35.276
15.3402
18.6509
26.0098
35.2767
35.2769
28.7095
33.7514
33.7468
23.6583
26.4337
26.5521
28.6781
35.2746
26.5525
35.2733
25.3912
35.2725
33.6778
25.9083
23.5873
28.6268
15.3374
15.3376
15.3377
15.3379
15.3381
18.571
28.6506
15.3386
35.2747
33.6904
35.275
35.2752
23.5837
26.5523
25.3566
25.886
15.3373
15.3374
28.6139
15.3378
15.3379
18.5439
18.5462
15.3384
15.3386
33.6795
35.2749
35.275
35.2752
15.3394
35.2755
15.3398
18.5287
26.5521
15.3386
25.3454
25.8759
15.338
18.5218
23.562
28.6015
28.5993
18.5199
23.56
33.6439
15.3393
35.2754
15.3396
35.2757
18.5114
35.2761
25.3231
35.2753
26.5523
15.338
15.3382
35.2743
33.6037
26.5526
15.3372
15.3373
14.6595
15.7611
14.5247
15.3376
6.49077
23.5419
15.3363
15.3364
15.3366
23.5603
14.5262
15.3369
18.2042
6.49103
18.5408
14.6626
18.5497
23.5899
15.3357
15.8347
18.5612
8.07278
6.4912
14.531
18.2528
23.6172
15.3347
15.862
6.49161
8.07003
18.5981
14.5332
15.3338
18.6114
18.2903
8.07051
23.6579
18.6202
35.2704
26.554
35.2691
25.4228
35.2683
33.704
25.9345
23.6135
28.6531
15.3332
15.3334
15.3335
15.3337
15.3338
18.596
28.6757
15.3343
35.2704
33.7158
35.2708
35.2709
23.6099
26.5537
25.3895
25.9131
15.3331
15.3333
28.6406
15.3336
15.3337
18.57
18.5722
15.3342
15.3344
26.554
35.2691
35.2692
28.6332
35.2696
25.9017
35.2699
33.6581
15.3343
15.3344
23.5788
18.541
15.3349
15.3351
8.07179
28.6362
18.5566
33.6807
35.2718
35.272
35.2721
15.3363
35.2724
15.3367
18.5311
26.5531
15.3356
25.3528
25.879
15.335
18.5246
23.5647
28.6044
28.6023
18.5228
18.525
15.3361
20.1045
15.336
25.8925
35.2723
35.2724
33.6407
35.2727
35.2729
23.5354
28.5751
26.553
25.3102
28.5577
35.2712
33.5916
23.5035
35.2717
35.2718
26.5534
25.2653
25.7902
15.3339
15.3341
15.3342
15.3344
28.5265
18.447
18.4493
15.335
15.3352
15.3353
23.5026
33.5866
35.2717
35.2719
15.3361
18.4503
25.8093
35.2725
35.2727
28.5112
33.5537
33.5495
23.4615
26.435
26.5535
28.4833
35.2707
26.5538
35.2695
25.2054
35.2687
33.4879
25.7187
23.398
28.4376
15.3336
15.3337
15.3339
15.334
15.3342
18.38
28.4597
15.3346
33.5065
35.2709
35.2711
35.2712
15.3354
35.2715
15.3357
18.3584
26.5534
15.3347
25.1816
25.7069
15.3341
18.3525
23.3928
28.4324
28.4304
35.2708
33.4668
35.2711
35.2713
23.3626
26.5536
25.1423
25.6668
15.3335
15.3337
28.3942
15.334
15.3342
18.3235
18.3257
15.3346
15.3348
15.3349
25.6976
35.2712
35.2713
33.4467
35.2716
35.2718
23.3427
28.3822
26.5533
25.1196
28.3658
35.2702
33.4003
23.3125
35.2706
35.2708
26.5538
25.0771
25.6008
15.3329
15.3331
15.3332
15.3334
28.3368
18.2575
18.2598
15.334
15.3341
33.3925
33.3886
22.8959
26.436
18.2551
23.2954
33.3794
33.3755
22.885
26.4363
18.2421
23.2824
8.06888
28.3283
18.249
23.2893
17.4842
15.3329
18.2577
22.8961
8.06962
17.498
28.3456
23.3043
21.3317
15.3335
23.3088
21.3363
23.3091
15.3341
22.9094
18.2754
15.3343
18.2818
15.3345
28.3657
15.3348
15.335
15.3351
15.3353
23.3432
33.4273
16.6983
23.3414
33.4256
15.3359
15.3361
15.3362
15.3364
30.7218
23.3546
23.3548
15.337
15.3371
21.3917
23.3634
15.3375
17.5486
15.3376
24.621
33.4544
23.3665
28.4062
28.4043
15.3369
15.337
8.07373
15.3373
25.7023
28.4212
15.3377
35.2738
26.5527
35.2727
25.1447
35.272
33.4325
25.6635
23.3429
28.3825
15.3368
15.3369
15.337
15.3372
15.3373
18.3237
28.4035
15.3378
18.3281
18.3302
25.1543
15.3374
26.5529
19.8954
35.272
15.3362
35.2723
35.2724
28.3809
35.2727
33.4179
23.3301
15.3372
35.2733
33.4107
23.3229
35.2737
35.2738
26.5527
25.0844
25.6127
15.3361
15.3362
15.3364
15.3365
28.348
18.2686
18.2707
15.3371
15.3372
26.553
35.272
35.2722
28.3343
35.2725
25.6042
35.2727
33.362
15.3371
15.3372
23.2825
18.2445
15.3376
15.3378
15.3379
28.3384
33.3812
24.5379
30.6516
23.2845
24.5306
30.6428
23.2758
28.3154
28.3137
19.8068
23.2723
18.2343
35.2724
33.353
35.2727
35.2729
23.2503
26.553
25.0285
25.5557
15.3353
15.3354
28.2828
15.3357
15.3358
18.2115
18.2136
15.3363
15.3364
33.346
35.2726
35.2728
35.2729
15.3371
35.2732
15.3374
18.2002
26.5528
15.3364
25.0217
25.5499
15.3359
18.1952
23.2356
28.2752
28.2735
15.3366
23.2363
33.3206
35.2729
35.2731
15.3373
18.1858
25.5448
35.2736
35.2738
28.249
33.2919
33.2883
23.2008
26.4346
26.553
28.2246
18.1453
23.1857
33.2699
15.3365
35.2725
15.3367
35.2728
18.1393
35.2731
24.9572
35.2724
26.5532
15.3354
33.2416
33.2381
22.743
26.4355
18.1054
23.1458
15.3346
28.1912
18.112
23.1523
17.3404
15.3351
15.3353
25.4811
35.2715
35.2716
33.2321
35.2719
35.272
23.1301
28.1697
26.5532
24.9078
28.155
18.0757
22.7108
15.3347
17.3108
28.1632
23.1223
21.1502
15.3351
23.1266
19.6629
18.0885
15.3354
18.0964
25.4554
15.3358
23.1409
21.1692
23.1413
15.3362
22.7367
18.1071
15.3364
15.3365
23.1554
33.2396
35.2729
35.273
15.3372
18.1052
25.4643
35.2736
35.2737
28.169
33.212
33.2086
23.1212
26.4347
26.553
28.1455
33.1885
35.2721
35.2722
35.2724
15.3366
35.2727
15.3368
18.044
26.553
15.3359
24.8666
25.3942
15.3354
18.0396
23.08
28.1196
28.118
33.161
33.1576
22.6616
26.4354
18.0252
23.0657
15.3352
28.1109
18.0317
18.0338
23.0742
33.1584
15.336
35.2721
15.3363
35.2723
18.0282
35.2726
24.8472
35.272
26.5533
15.335
18.0094
22.6434
15.3351
17.243
28.0967
23.0558
21.084
15.3356
35.2716
33.1389
35.2719
35.272
23.0377
26.5533
24.8175
25.344
15.3346
15.3347
28.0709
15.3349
15.3351
17.9994
18.0014
15.3355
15.3356
35.2717
33.1266
23.0393
15.3361
19.5795
12.612
18.0124
18.0144
23.0549
15.3366
18.0206
15.3369
18.0264
26.553
35.2719
35.272
28.0841
35.2723
25.355
35.2726
33.1137
15.3369
15.337
23.0341
17.996
15.3374
15.3375
15.3377
28.0889
33.1321
33.1287
22.6288
26.4348
17.9966
23.037
15.3371
18.0045
23.0449
21.0737
23.0453
15.3377
22.6376
18.011
15.3378
18.0168
33.1412
28.0932
24.2968
30.411
23.0444
18.0062
22.6356
15.3373
17.2332
15.3374
23.0579
21.0868
23.0583
15.3379
22.65
18.0239
15.338
18.0297
15.3383
21.1027
23.074
17.2518
23.0761
15.3387
15.3388
18.0471
22.7026
15.339
21.1204
23.0915
15.3393
15.3395
15.3396
15.3397
15.3398
15.34
15.3401
15.3402
15.3403
15.3405
15.3732
23.1378
18.0996
15.3774
15.3411
18.1072
15.3414
23.153
12.6175
15.3417
6.48933
18.1262
18.1282
23.1685
23.1687
18.7265
18.1299
20.6097
18.1317
23.1721
15.3406
15.4133
18.1395
18.1414
6.48957
12.6157
15.34
15.4304
23.195
15.3404
15.4362
6.48973
15.3394
18.1699
15.3396
15.3397
18.1791
12.6159
15.3401
18.7873
23.2278
15.3397
20.6724
18.1931
15.3397
15.3399
15.34
15.3401
23.2512
23.2514
12.6164
15.4925
23.2571
23.2572
18.8152
18.2184
15.3404
30.6277
18.2223
23.2626
18.2243
23.1888
15.3402
15.3403
23.2709
12.6164
30.6385
23.2714
23.2716
18.2334
7.19495
23.2777
15.3419
18.2447
20.7215
15.342
23.2901
18.2518
20.7283
30.6558
23.2113
23.2862
15.3415
23.2916
7.19522
18.2573
23.2976
18.8533
18.2587
18.2605
15.3422
15.5417
15.5435
23.308
15.3427
15.3428
15.5526
28.3568
33.4001
24.5507
20.5835
23.3079
15.1306
23.3095
18.2712
15.3423
18.2783
15.5559
15.3427
15.1456
20.6011
15.3427
15.568
23.3325
15.343
18.2977
18.2995
20.6155
15.1603
15.3433
15.3434
28.3881
15.3437
23.3503
15.5878
15.344
15.3441
15.5965
15.3444
15.6018
23.3663
15.6037
18.3298
15.345
15.3451
18.3402
15.6177
18.3437
15.3456
18.349
15.3458
15.346
12.6219
15.6369
23.4013
18.363
15.6406
15.3467
18.37
15.3469
23.4153
12.623
12.6231
15.3474
15.6647
12.6235
6.48746
23.4363
15.3467
15.3468
18.4081
23.4483
15.3471
15.6891
18.4151
18.4169
6.48751
12.6223
15.3465
12.6225
6.48777
18.4362
18.438
23.4781
23.4782
22.2198
18.4392
20.0852
23.4792
12.6213
15.72
6.48812
15.3444
18.453
18.4547
18.4564
12.6208
15.7373
23.5017
15.3453
15.7425
6.48816
12.6202
18.4754
15.3446
15.3447
18.4839
12.6208
15.345
15.7696
23.534
15.3454
15.7748
15.3456
18.5057
18.5074
33.6325
12.622
6.48794
18.5128
15.7903
23.5546
15.3454
18.5196
18.5213
20.8371
15.3779
15.3456
15.3457
28.6095
28.608
33.6514
24.7982
20.8344
23.5587
15.3762
23.5601
18.5217
15.3452
18.5283
15.8058
15.3456
18.535
15.3458
15.3459
23.5817
15.8191
15.3463
15.824
15.4036
20.8654
15.3464
15.8319
15.8336
28.6381
23.5964
28.6366
15.3471
15.3472
15.8387
23.6031
15.8404
18.5663
15.3478
15.3479
18.5761
18.5778
18.5794
15.3484
15.3485
15.3486
30.9937
33.7112
15.349
15.3491
18.5926
16.2143
33.7194
15.3495
23.6343
15.8717
15.3499
15.35
15.8798
15.3502
15.3503
15.3504
15.3506
31.0247
23.657
24.8861
33.7378
33.7347
31.0109
33.7284
15.3502
12.6262
15.8838
23.6481
18.6097
15.8871
15.3509
18.6161
15.3511
23.661
15.3513
15.9015
23.6658
15.3517
15.9064
6.48616
12.6266
18.6389
15.3509
15.3511
18.6468
15.3513
15.3514
15.9321
23.6964
15.3517
15.9369
15.352
18.6675
18.6691
33.7945
15.3524
6.48595
18.6742
23.7142
15.3516
15.9547
6.48618
15.3506
18.6871
18.6887
18.6903
15.3511
15.9708
18.6966
18.6981
15.3515
18.7044
23.7444
12.6278
6.48612
18.7126
18.7141
23.7541
23.7541
22.4881
18.7149
20.3514
15.3506
15.3507
15.3508
15.3509
15.351
15.3511
23.7734
23.7734
15.3515
15.3516
16.0185
15.3518
6.48613
23.7892
15.3509
15.351
15.3511
15.3512
15.3513
15.3514
15.3516
15.3517
23.8216
35.2878
15.352
15.3521
35.2881
35.2883
33.8994
33.8963
31.1725
33.89
15.3529
15.353
15.3531
33.8993
23.8106
15.3534
23.8152
27.0045
35.2889
35.289
23.7943
35.2892
31.7251
30.3306
32.4961
18.7339
23.7739
15.3521
16.0143
15.3523
23.7816
15.3525
23.7862
15.3528
35.2888
15.353
35.289
27.0047
15.3525
31.7254
23.7706
23.7706
22.5036
18.7314
15.3514
31.1408
18.7344
23.7744
18.7359
24.455
15.3512
15.3513
23.7811
18.7426
20.3775
31.1472
24.459
23.7768
15.3509
22.5158
18.7422
23.7822
27.0057
35.2858
15.35
35.286
31.7262
35.2853
30.3321
32.4983
23.7431
23.7431
15.349
22.4847
23.7469
15.3486
20.3501
18.7112
12.6246
15.3488
15.3489
15.349
23.7663
18.7279
18.7294
25.2678
26.4314
15.3475
35.2835
35.2836
35.2837
22.4833
23.7438
12.6233
33.8324
33.8294
15.3477
23.7439
31.1088
23.7409
23.7409
18.7024
13.1003
23.7458
15.349
18.7118
20.3511
15.3491
23.7561
15.3493
22.4972
15.3488
15.3489
18.7288
18.7303
23.7703
18.7318
20.3707
15.3493
25.006
33.8559
33.853
31.1293
33.847
15.3487
15.3488
15.3489
15.349
23.7733
23.7733
15.3494
15.3495
25.0104
33.8607
16.3536
33.8592
18.732
31.137
33.8547
15.3491
15.3492
15.3493
15.3494
31.1444
33.8621
15.3497
15.3498
18.7424
16.3641
33.8695
16.3626
18.7438
15.3504
23.7867
15.3506
15.3507
15.3509
14.9372
31.1609
18.7544
14.9357
28.8337
31.1567
23.7887
18.7502
15.3494
15.3495
33.8817
35.2857
35.2858
35.2859
35.286
15.3502
15.3503
15.3504
18.7413
18.7427
33.8684
16.3615
35.2868
35.2869
23.7695
35.2871
18.7251
14.9046
35.2862
15.3504
26.6244
23.7541
28.7946
31.1176
15.3499
23.7526
15.9898
15.3502
15.3503
15.9971
15.3506
15.3507
15.3508
15.3509
15.351
31.1454
23.7774
18.7389
15.3514
15.3515
23.7847
16.0219
15.3518
16.0263
15.352
15.3521
18.7607
16.0379
23.8021
15.3525
15.3526
18.7722
15.3529
23.8151
16.0523
15.3532
15.3533
16.0595
15.3535
15.3536
12.6296
18.7938
18.7952
15.354
16.0753
15.3542
18.8038
15.3544
15.3545
23.851
18.8124
15.3548
16.0924
6.48514
15.354
15.3541
18.8269
18.8283
15.3544
12.6303
6.48529
18.8386
18.84
23.8799
23.8799
16.5283
15.3531
18.8432
21.6677
23.8816
23.8816
16.5305
23.8806
15.3528
31.25
18.8434
23.8833
18.8447
22.1575
9.19762
15.3533
23.8886
31.2539
23.8857
23.8857
18.8471
9.19813
15.3549
23.895
23.8949
21.6795
15.3553
23.8977
16.544
23.8966
15.3547
15.3548
21.6868
12.6309
15.3551
15.3552
15.3553
23.9148
23.9148
21.6994
31.2786
23.9104
22.1798
15.355
23.9121
16.5587
9.19827
18.8761
23.916
15.3555
18.8802
16.1574
18.883
18.8844
15.356
6.4848
15.3551
15.3552
15.3553
18.9013
15.3555
15.3556
18.9097
15.3558
18.9138
6.48485
15.3549
15.355
15.3551
18.9293
18.9306
15.3554
18.9348
6.48496
18.9391
15.3547
15.3548
15.3549
16.2245
15.3551
15.3552
18.957
18.9583
18.9597
15.3556
18.9651
18.9665
15.3559
16.2463
18.9719
34.0979
15.3563
18.9745
15.3565
6.48466
15.3555
15.3556
18.987
15.3558
15.3559
16.6809
18.9956
18.9969
15.3554
24.0395
19.0008
15.3557
19.0049
15.3559
15.356
15.3561
19.0143
15.3563
19.0183
29.0991
19.0182
24.058
15.3568
15.3569
29.1071
19.0261
29.1069
19.026
24.0658
15.3575
15.3576
19.0353
15.3578
15.3579
15.358
29.127
19.046
15.3583
35.2943
35.2944
30.5007
28.1535
19.0241
19.0254
35.2929
15.357
35.293
15.3572
34.9264
31.5198
34.1437
33.9204
29.0911
24.0487
15.3573
31.4169
29.0894
31.4126
29.0852
34.129
24.0399
35.2939
24.0343
18.9956
15.3583
15.3584
15.3585
15.3586
19.009
15.3588
19.013
15.359
19.0183
15.3592
24.0622
34.1484
34.9243
35.2953
33.9175
35.2953
31.4078
29.0803
30.5003
35.2947
15.3589
35.2949
35.295
28.153
32.5188
33.7377
29.0368
23.9945
29.0353
29.0339
23.9916
34.0777
34.9259
31.4427
34.0675
34.0647
35.2937
26.4285
35.2928
35.2929
28.1537
35.292
32.5196
33.7387
35.2911
15.3553
15.3554
30.5017
35.2905
15.3547
35.2907
33.9233
33.9982
31.3725
34.9289
28.9428
28.9414
18.8606
26.547
31.6554
35.2895
32.5206
35.289
33.7399
28.9099
30.5026
35.2879
15.3521
28.8967
23.8546
15.3524
15.3525
15.3526
15.3527
30.5026
35.2878
35.2879
35.288
23.8399
28.1553
32.5215
33.7411
15.3504
28.8649
15.3506
15.3507
28.8689
28.1557
32.522
33.7418
35.2849
35.285
15.3492
31.2737
33.8834
35.2851
31.156
35.2853
33.9303
28.8205
28.8191
23.7771
33.8631
35.2858
33.8564
35.2859
33.8497
31.2326
34.9337
23.754
15.3501
35.2861
30.5035
23.7437
33.7417
35.2851
32.5223
23.7265
35.2846
28.1564
28.7555
33.7995
33.7968
18.6696
15.3483
15.3484
33.8009
33.7982
15.3487
15.3488
18.6777
33.8036
18.6764
24.9483
18.674
15.3483
15.3484
23.7194
15.3486
18.1794
15.3486
33.8118
15.3488
18.1828
15.3488
23.7297
15.349
18.1888
15.349
18.6975
15.3492
15.3493
18.2012
23.7466
18.7079
15.0818
23.749
15.3495
18.7143
23.7543
23.7543
23.7543
23.7543
23.7543
23.7543
19.6877
28.7945
15.3499
15.35
19.9444
14.8992
33.8416
23.7301
23.7513
23.7513
26.3549
20.0555
19.6854
23.7472
23.7472
23.7472
18.7085
33.8344
23.7459
23.7459
33.8318
23.7433
23.7433
15.3479
28.7865
23.7446
19.6811
18.7054
18.7067
18.708
19.9361
14.8909
23.7251
28.7835
19.9325
14.8873
23.7382
23.7218
23.7365
33.8224
20.9163
28.7728
19.674
22.9538
15.3426
23.7323
14.8831
19.9274
28.7695
18.6889
23.7289
18.6902
22.9564
28.7688
15.3407
20.9179
33.8151
23.7265
18.6878
18.6891
28.7698
33.8138
19.9225
14.8772
23.7219
23.7128
23.7202
23.7202
15.3391
23.7241
18.6854
19.6748
23.7249
18.6862
18.6875
14.8829
23.7188
28.7655
23.7235
18.6848
15.3383
28.7694
22.9575
20.9171
18.685
33.811
23.7225
23.7225
33.8085
23.7199
19.921
14.8758
23.7121
15.3359
33.8048
23.7162
23.7162
18.6775
23.7175
23.7175
18.6788
28.7595
22.95
20.91
19.6686
23.7134
23.7134
23.7134
19.9177
23.7089
28.7502
23.7082
18.6695
15.3348
22.9484
18.6726
28.7533
20.9085
33.7957
23.7072
23.7072
19.6641
23.7067
33.7928
33.7902
23.7017
23.7017
26.3039
23.7004
23.7004
20.024
23.6983
15.334
15.3341
28.7453
33.7894
26.3031
20.0235
19.6554
23.697
23.697
18.6583
23.6983
33.7843
23.6958
23.6958
23.6958
23.6958
23.6958
23.6959
19.6529
28.7361
15.334
15.3341
19.9068
14.8616
33.7833
22.8393
23.6931
19.902
22.8372
28.7299
23.688
18.6492
15.3313
22.933
18.6523
28.733
27.9686
33.7755
23.687
23.687
14.8534
19.8978
28.7245
18.6438
23.6838
18.6451
22.9277
28.7238
15.329
27.9661
33.7701
23.6816
18.6429
18.6441
14.8529
22.8343
28.7222
23.6803
18.6416
15.3282
28.7261
22.9282
27.9646
18.6418
33.7679
23.6794
23.6794
33.7654
23.6769
23.6769
33.763
15.3282
23.677
23.677
23.677
19.6425
28.7173
18.6366
28.7173
33.7614
19.8866
14.8414
23.6698
22.8229
23.6682
23.6682
15.3268
23.6719
18.6332
19.641
23.6728
18.634
18.6353
27.959
22.9202
33.7578
33.7554
35.2622
19.8785
14.8333
22.8155
15.3243
35.2603
15.3245
26.439
26.4392
26.4395
28.6764
26.558
35.2572
18.5851
32.5367
23.6215
33.7075
35.2576
27.9059
28.6532
22.8648
35.2569
26.4401
26.4404
26.4407
35.2544
26.5592
32.5331
33.6524
15.318
18.529
19.7964
35.2532
19.7904
23.5599
26.1604
19.9063
19.541
28.5968
27.8564
33.6394
33.637
35.2515
33.6297
33.6273
35.2518
26.4418
26.4421
26.4423
35.2493
32.5287
26.5609
27.8023
28.5354
22.7596
33.5777
35.248
18.4458
19.721
15.3114
19.7237
15.3106
23.488
18.4492
18.4505
12.5878
22.6707
14.6844
19.7288
18.4498
28.5304
15.3093
18.4536
23.4937
22.7638
33.5778
26.0892
19.846
28.5269
22.7568
33.5693
33.5669
35.2441
18.435
18.4363
6.50002
18.4404
35.2436
26.4445
26.4447
32.5214
26.5635
35.2414
35.2415
35.2416
33.5216
33.5192
19.6746
23.429
19.6736
28.4675
26.4456
35.2395
26.4458
26.5646
32.5174
35.2382
35.2382
33.4732
35.2384
19.6283
19.6274
23.3763
28.4168
20.9606
23.3753
23.3754
33.4612
23.3732
25.9721
19.3779
23.3718
33.4576
33.4553
23.3672
23.3673
25.9663
23.3663
23.3664
19.7337
23.3645
15.3013
15.3014
28.4112
33.4554
35.2377
27.6857
28.4015
22.6412
35.237
26.4467
26.4469
26.4472
26.5661
35.2339
32.5134
15.2981
33.4064
19.5719
18.2775
35.2336
19.5673
33.3966
33.3944
19.5616
19.5607
26.5672
23.2969
23.297
15.2949
23.2996
23.2997
23.2998
33.3856
18.2587
23.2989
15.2955
12.8925
18.266
23.3062
23.3063
18.2675
18.2688
18.2701
6.50416
15.2952
23.3168
12.5713
23.3193
23.3194
15.2957
23.322
23.0524
18.2833
18.2846
15.2961
33.4129
33.4106
35.2324
28.3596
23.3181
28.3586
28.3575
35.2328
23.0432
35.233
15.2971
15.2972
33.401
18.2741
12.5743
18.2779
18.2792
15.2977
15.2978
18.2877
12.5739
18.2915
22.5294
28.3706
18.2902
18.2915
12.574
6.50341
26.4479
35.2326
26.4481
26.4484
35.2311
35.2312
26.5673
35.2306
23.2906
28.331
33.3753
15.295
15.2951
12.572
15.2952
12.5712
13.6777
13.4225
33.3911
35.2314
35.2315
35.2315
18.2539
25.6138
28.3334
12.8922
28.3345
28.3335
28.3324
33.3767
12.572
28.3315
33.3758
6.50403
31.2425
28.3287
33.373
15.2958
33.3732
26.4484
26.4486
35.2304
19.5236
19.5228
26.4494
32.5075
35.2282
35.2283
33.3278
33.3255
35.2286
15.2927
15.2928
28.2807
23.2393
22.9689
18.2006
15.2932
18.2054
15.2934
35.2295
26.4492
32.5081
26.4494
35.2281
35.2282
26.5684
35.2276
33.2914
33.2892
23.2014
19.4635
19.4626
28.238
18.1577
33.2836
18.1568
33.2826
33.2804
31.1434
28.2307
15.291
12.567
33.281
12.5681
6.50571
15.2906
18.1619
28.2424
28.2414
33.2857
35.2271
30.3077
33.2777
33.2755
33.2734
35.2273
33.2678
28.2203
28.2193
35.2277
33.2603
24.4799
35.2271
26.45
25.4803
12.8964
18.123
18.1243
33.2501
35.2266
35.2267
33.2413
25.4731
35.227
33.2348
28.1873
26.45
33.2263
33.2241
35.2266
35.2267
28.17
28.169
28.168
25.4462
28.1659
33.2103
18.0836
12.8956
30.239
35.2272
18.0814
33.2072
26.4499
28.1544
18.0743
18.0755
15.2909
15.291
23.123
22.852
12.8958
28.1656
28.1646
28.1636
33.2079
28.1604
30.2316
35.2274
33.1991
33.197
33.1948
33.1927
33.1905
35.228
18.0606
24.4079
28.1381
33.1824
12.8956
28.1371
26.4499
35.2267
35.2268
18.0452
25.4049
33.17
15.2911
12.8958
18.048
15.2912
18.0528
23.0931
18.0542
23.0945
23.0947
22.8239
33.1804
18.0538
15.2919
15.292
15.2921
12.8951
15.292
28.1483
28.1473
33.1916
35.2284
30.2114
33.1839
33.1818
33.1797
33.1776
35.2287
33.1722
18.0456
12.8945
18.049
35.2289
28.1262
28.1252
24.3897
33.1666
26.4495
35.2277
25.3901
33.1551
35.228
35.2281
35.2282
25.3773
18.0179
28.0983
28.0973
28.0963
28.0954
12.8946
33.1419
35.2287
26.4494
18.0069
15.2921
28.0909
28.0899
28.0889
30.1584
33.131
33.1289
33.1268
28.0794
12.8946
33.1259
33.1238
35.2288
15.2928
35.2289
35.229
15.2931
25.352
17.9926
28.073
28.0721
28.0711
33.1155
15.2937
17.9924
23.0328
9.20492
17.9943
15.2713
15.2934
18.0003
23.0407
23.0408
14.6998
14.2564
23.0399
23.04
23.0402
20.3161
20.3229
15.2929
23.0441
23.0443
6.5051
15.2924
18.0115
18.0127
14.8082
14.7157
18.0158
14.2734
23.0554
18.0165
14.2748
14.719
18.0166
14.8103
18.0201
23.0604
23.0605
6.50597
23.0633
15.3002
18.0256
28.1061
18.0259
6.50608
15.2896
35.2256
15.2897
23.0704
18.0315
18.0328
6.50615
18.0366
14.8112
33.1646
35.2254
23.0739
24.3844
23.0711
15.2889
28.1138
30.4375
15.2892
24.3849
15.3079
15.3091
23.0737
18.0347
6.50656
15.2881
15.2882
23.0823
18.0434
18.0447
20.3674
23.0851
32.5041
15.2888
23.0855
20.3681
32.5044
20.3584
23.0828
14.748
14.3043
18.0428
15.2882
23.0865
20.3662
23.0868
6.50667
23.0895
20.3654
32.5033
23.0867
14.7536
15.2877
18.0507
14.3142
23.0904
23.0905
20.3702
6.50707
14.7623
18.0539
32.5016
23.091
20.3736
23.0913
15.2866
20.3706
6.50728
23.0976
18.0587
20.3785
15.2863
23.1025
18.0636
18.0648
18.066
14.8137
23.1084
30.4735
28.1467
35.2229
15.2869
6.50719
33.194
33.192
24.419
23.1015
23.1016
18.0627
6.50754
23.1056
15.2854
14.7797
14.3356
32.4996
23.1049
20.3874
15.2845
20.3843
23.1086
6.50796
18.0723
15.2841
23.1159
20.3918
20.3986
23.1163
6.50803
32.4992
18.0769
14.7898
14.3456
12.5587
15.3561
14.3503
18.0809
32.4977
23.1181
20.4006
23.1183
20.3942
15.2828
6.50861
18.0854
15.2822
23.1291
20.4088
18.0902
18.0914
15.2827
18.096
20.412
23.1364
14.8107
14.3664
23.1354
23.1356
20.4114
20.4115
20.4184
15.2822
20.4218
32.4978
20.4122
23.1366
14.8113
14.367
18.0965
15.2816
23.1401
20.4198
23.1404
6.50894
20.4188
20.4256
23.1433
20.4192
14.8198
14.3754
18.1034
23.1436
20.4233
15.2806
23.1472
23.1473
23.1475
6.50927
15.2803
18.1144
18.1155
12.1236
14.8357
18.1184
14.3923
20.4337
18.119
23.1593
18.1203
6.50971
15.279
15.279
23.1676
18.1286
18.1298
18.131
28.2116
20.446
20.4462
32.4951
23.1675
14.8462
15.2794
18.1314
14.4059
23.171
23.1711
20.4508
6.50989
14.8545
18.1343
32.4934
20.4473
20.4541
23.1718
15.2784
20.4509
6.51009
18.1387
15.278
18.1432
14.4197
14.8649
18.1433
12.1268
18.1465
23.1867
23.1868
6.51056
23.1894
18.1505
18.1516
6.51071
18.1553
12.1276
33.2834
35.2122
20.4683
24.5212
23.1899
15.2757
28.2326
30.5564
15.276
24.5214
18.1507
20.4734
20.4668
32.491
18.149
23.1893
30.5545
18.1483
33.2744
12.1277
28.229
28.2281
28.2271
15.2763
23.188
32.4918
20.4647
20.461
23.1853
20.4679
23.1855
35.2129
15.277
18.1458
28.2264
33.2709
15.2773
28.2257
28.2247
15.2776
20.4662
23.1868
23.1869
23.187
18.148
18.1492
15.2782
20.4684
23.1928
18.1538
6.51011
23.1965
15.2779
28.2403
28.2393
30.5632
28.2364
28.2355
35.2144
28.2315
23.1902
33.2762
28.2287
35.2148
28.2248
24.5085
23.1808
15.2784
26.7627
24.6269
33.2648
33.2628
28.2154
18.135
23.1752
28.2157
30.541
35.214
33.2553
18.1284
23.1687
15.2783
23.171
15.2784
15.2785
23.1765
20.4562
15.2788
20.4557
18.1409
18.1421
28.2227
18.1423
6.50985
15.2786
35.2147
15.2787
23.1864
23.1865
20.4662
23.1867
18.1477
18.1488
32.4947
15.2794
20.465
20.4719
20.4653
14.4238
18.1499
32.4945
20.4629
20.4697
23.1874
15.2794
18.1505
14.8698
14.4253
32.4938
20.4625
20.4693
15.2787
24.5143
33.2723
18.1454
18.1465
23.1868
28.2273
23.1859
18.147
18.1481
24.5136
33.2715
24.5097
24.508
28.2187
33.2632
33.2613
18.1344
15.2771
18.1377
15.4179
23.1791
23.1792
23.1793
23.1794
18.1404
18.1415
15.2779
33.2708
24.5093
24.5075
35.2127
33.2606
15.2768
28.2153
18.1349
15.2771
33.2632
18.1363
15.2773
28.2201
15.4188
23.1799
30.5452
23.1781
23.1782
12.126
23.1803
30.5456
28.2189
33.2634
23.1756
28.2161
28.2152
18.1348
24.5007
18.1333
18.1344
15.2779
23.1768
15.2781
20.4574
23.1791
20.4552
33.2652
35.2145
28.2149
30.5388
24.497
28.2094
24.4942
33.2513
24.4904
23.1609
33.2469
18.12
15.2771
23.1624
18.1234
23.1636
18.1246
12.1264
15.2774
23.1689
23.1691
33.255
35.2138
24.4908
28.2021
24.4881
18.119
15.2767
24.4894
23.1587
30.524
33.2428
15.2763
18.1181
33.2442
12.1273
18.1192
20.4352
28.2
24.4867
24.485
24.4832
35.2108
33.2337
15.2749
28.1885
18.1081
15.2751
33.2363
18.1094
15.2754
28.1932
23.1519
15.392
30.5183
23.1513
23.1514
28.1919
28.191
15.3897
28.1912
33.2358
15.2763
24.4796
24.4779
23.1459
23.146
24.4761
33.2294
35.2107
17.6097
28.1802
20.4146
23.139
15.275
18.1021
15.2751
18.1053
23.1456
28.1861
35.2115
18.1028
33.2289
28.1816
33.2262
28.1788
35.212
26.7167
24.4618
33.2155
28.1681
24.5762
33.2102
23.1225
15.2746
18.0866
23.1268
35.2109
35.211
28.1606
35.2111
30.4821
24.4435
33.1969
24.4398
33.1924
35.2102
28.1422
18.0618
15.2744
15.3441
33.1911
15.2746
18.0674
15.2748
28.1501
30.474
28.1474
28.1465
18.0661
28.1468
33.1914
23.1037
15.2755
23.1069
24.4365
24.4347
17.574
24.4341
33.1861
35.2098
28.1359
33.1805
15.274
30.4601
23.0931
28.1336
35.2103
28.1299
18.0495
28.1301
24.4197
12.1297
24.4201
18.0465
35.2093
33.1698
28.1225
28.1216
28.1207
15.2737
15.2738
18.0456
15.2739
18.0488
23.0891
23.0892
15.2742
15.2743
15.2744
23.0965
20.3763
15.2746
23.0999
24.4306
24.4289
24.4272
33.1781
35.209
18.0485
15.3287
28.1302
15.2732
15.2733
33.18
28.1326
15.2736
28.1339
18.0535
30.4589
18.0528
18.0539
15.274
18.058
20.374
23.0984
14.785
14.34
23.0976
23.0977
20.3736
20.3737
20.3805
15.2737
18.0621
14.3443
14.7899
18.0622
12.1308
18.0652
23.1055
23.1056
6.51201
20.3904
32.4878
20.3811
23.1055
14.7944
14.3493
18.0654
15.2717
23.1087
20.3884
23.109
6.51235
23.1114
18.0724
18.0734
18.0745
12.1319
23.1167
30.482
28.1554
35.2079
15.2719
6.51236
33.2026
33.2008
24.4481
20.3863
20.3931
20.3865
6.51267
32.4858
18.0712
14.8033
14.358
15.2696
18.0744
23.1146
18.0756
18.0766
20.3965
23.117
23.1171
23.1173
33.2033
24.4522
24.4505
35.2051
33.1936
15.2692
28.1483
18.0679
15.2695
33.1961
18.0693
15.2697
15.3524
18.0744
14.8075
14.3621
32.4843
20.3867
20.3935
23.1112
23.1113
20.391
23.1115
18.0725
18.0736
32.485
15.2697
20.3898
20.3966
20.39
15.27
24.4534
33.1998
18.0729
24.4508
24.4492
18.069
33.1952
18.0683
35.2046
15.2686
23.1088
20.3846
23.109
23.1091
28.1496
14.8024
18.0688
32.4841
20.3821
20.3889
23.1066
15.2691
20.3854
6.51331
23.1121
18.073
20.3929
15.2688
24.4549
24.4533
24.4516
35.2031
33.1921
15.2672
28.1468
18.0664
15.2674
33.1946
18.0677
15.2677
28.1513
23.1101
15.3501
30.4765
23.1094
23.1096
20.3921
20.3855
32.4837
15.2684
12.1349
23.112
30.4774
18.0711
23.1114
15.2687
23.1135
15.2689
15.269
23.1186
20.3983
15.2692
18.0826
23.1229
23.123
30.4884
15.2696
15.2696
23.1272
18.0881
18.0892
33.2154
28.1681
28.1673
15.2702
20.4047
20.4048
32.4858
15.2705
30.4947
18.0884
33.2146
12.1327
28.1692
28.1683
28.1675
15.2709
6.63188
15.2704
15.2705
24.4709
33.2181
24.4674
24.4658
28.1658
33.2105
33.2087
18.0818
28.1625
30.4865
15.2693
23.1215
28.162
18.0815
15.2696
23.1238
15.3638
15.2698
15.2699
18.0907
18.0917
15.2701
15.2702
23.1378
15.4673
18.0998
15.38
28.1815
15.2706
20.418
23.1424
18.1033
28.184
33.2287
23.1409
15.2711
23.144
17.6254
20.4208
20.4275
23.1452
20.4211
14.8359
14.3906
18.1053
23.1455
20.4252
23.1458
23.1459
23.146
33.2321
35.2071
24.4772
28.1796
24.4747
18.0967
15.2701
24.4759
23.1365
30.5019
33.2208
15.2698
18.0958
33.2221
12.1335
18.0969
20.4129
28.1777
23.1365
23.1366
23.1367
23.1368
18.0977
18.0987
15.2706
20.4176
18.1028
18.1038
28.1845
18.104
6.51267
15.2704
35.2065
15.2706
23.1477
23.1479
18.1088
23.149
23.1491
15.271
15.2711
15.2712
18.1168
23.1571
18.118
20.4339
23.1583
18.1192
18.1202
23.1605
23.1606
20.4402
15.272
15.2721
23.1656
15.2722
33.2537
35.2084
28.2037
30.5278
24.4944
28.1987
24.4919
33.241
24.4884
23.1508
33.237
18.11
15.2711
18.113
28.1937
28.1929
30.5169
28.1903
23.149
35.2077
15.2717
24.4832
24.4816
33.2296
24.4781
33.2255
18.0985
18.0995
12.1332
23.1415
20.4174
23.1418
15.2704
18.1046
15.2706
18.1076
23.1478
28.1884
35.2069
18.1052
33.2315
6.63184
33.2311
20.4191
23.1434
33.2296
18.1026
30.5082
18.1019
26.4569
15.2705
26.4571
26.4573
28.1746
33.2193
15.2695
30.4989
23.1318
28.1724
28.1716
24.4677
24.4661
24.4645
33.2091
35.2042
18.0795
15.3596
28.1613
15.2684
15.2685
33.2108
28.1635
15.2687
28.1647
18.0842
30.4898
23.1227
35.2051
23.1202
17.608
28.1617
18.0812
18.0822
15.2694
15.2695
20.4047
20.4023
18.0873
35.2058
33.211
28.1637
28.1629
28.1621
15.2702
15.2702
18.0863
15.2704
15.2705
18.0912
18.0922
24.4688
33.2161
23.1284
24.4654
24.4638
15.269
33.2126
20.4006
18.0857
35.2054
35.2054
23.1208
28.1613
24.4578
33.2037
24.4544
33.1997
35.2046
18.0701
15.2687
15.2688
28.1555
28.1547
30.4788
28.1522
28.1514
26.4575
26.4577
26.4579
26.4581
26.4583
26.4585
15.2657
26.4587
26.4589
35.2007
35.2007
21.2753
28.1013
28.1005
35.2008
28.0971
23.0559
28.0965
15.2651
24.4018
15.2646
18.0184
18.0194
15.2648
15.3917
15.2649
23.0664
18.0272
18.0283
15.2652
26.4589
26.4591
26.4593
26.4595
26.4597
26.4599
35.1978
26.4601
26.4603
33.1082
15.2608
15.2609
12.5038
33.1139
20.302
33.1123
35.1971
6.63553
28.0639
15.2607
9.24108
35.1962
35.1963
28.0584
33.1032
23.0156
28.0561
28.0554
17.975
15.2608
17.9788
26.6227
24.3668
28.055
15.26
33.1017
23.0141
24.4839
33.0979
26.4608
26.461
26.4612
26.4614
26.4616
26.4618
35.1924
21.2031
26.4621
33.0542
35.1919
28.0045
32.4713
33.0467
15.2561
15.2562
35.1923
6.63733
33.0486
28.0014
35.192
27.9981
24.3128
22.9548
15.2556
26.5688
24.4319
33.0392
33.0376
27.9904
17.91
22.9504
27.9908
30.3163
35.1914
33.0314
35.1915
17.9012
15.2556
22.9434
17.4745
27.9848
15.1836
17.9055
15.2559
33.0336
35.1921
22.9436
27.984
20.2187
9.1654
35.1919
35.1919
15.2559
17.4685
22.9395
22.9396
15.2686
30.3059
26.4621
26.4623
15.2552
17.8954
26.4624
33.0185
33.0168
15.2549
35.191
15.255
15.2551
15.2552
17.8952
35.1914
26.4624
35.1909
26.4626
26.5822
35.1899
35.19
35.19
27.945
26.4629
26.4631
26.4633
26.4635
26.4637
26.4639
32.9552
26.464
35.1863
35.1864
27.899
27.8983
32.9431
9.08575
32.9419
35.1862
35.1863
26.4642
26.4644
26.5842
35.1848
32.4642
32.9131
35.185
35.185
26.4647
35.1846
21.6434
27.8543
27.8536
22.8127
32.8986
32.897
24.295
27.8477
24.1731
27.8448
35.1838
27.8416
35.1839
32.883
35.1841
26.465
32.4629
27.8253
22.7844
35.1838
35.1839
27.8189
35.184
26.465
22.7708
20.0493
14.0482
35.1832
35.1832
26.4653
26.4655
26.4657
26.4659
32.8268
26.4661
24.2257
26.3603
32.8163
24.1014
35.1793
32.4587
22.7212
22.7213
32.8071
32.8055
6.64213
15.2432
26.4668
26.467
26.4672
26.4674
26.4676
35.1766
26.4677
26.4679
20.9398
32.7669
35.1756
27.7174
32.455
32.7597
15.2398
35.1759
21.5149
32.7584
27.7113
27.7106
30.0362
22.6683
32.754
32.7525
27.7054
35.1763
35.1763
35.1764
26.4678
35.176
26.468
27.0208
35.1752
35.1752
26.4682
26.4684
15.2382
35.1743
35.1814
35.1743
35.1744
35.1745
17.5295
26.4685
24.8898
32.6517
35.1742
26.1973
35.174
26.4687
32.6378
26.4689
26.5889
27.5814
24.0426
23.9214
35.1716
35.1717
35.1718
27.566
27.5653
35.172
26.5892
32.6048
26.4696
35.1711
26.4697
32.45
26.654
22.5009
19.7769
32.5866
27.5396
26.47
26.4702
26.4704
32.5695
26.4705
35.1685
26.4707
26.4709
26.4711
18.8038
18.8033
32.5427
13.7569
22.4555
15.2295
19.7336
35.1657
35.1658
15.2298
27.4923
32.5371
27.4902
35.1662
23.8379
26.4718
32.4445
35.1653
26.4719
35.1648
32.4442
27.4646
35.165
26.472
32.935
30.5472
29.3844
26.4724
35.1636
26.4725
26.4727
26.4729
26.4731
35.1615
26.4733
32.4587
35.1612
13.6746
22.3668
35.1608
26.4736
26.4737
26.4739
15.2232
26.4741
26.4743
35.1584
35.1584
26.4744
26.4746
26.4748
26.475
26.4752
26.4754
26.4756
35.1549
35.155
32.3531
13.5824
35.1546
22.2605
26.4758
26.476
26.4762
26.4764
26.4766
26.4768
35.1517
35.1518
15.2157
27.2422
35.152
35.1521
35.1521
15.2161
26.4768
26.477
35.1513
35.1513
27.0326
26.4772
35.1506
26.4774
35.1502
35.2147
35.1502
35.1503
26.4775
26.4777
26.5982
35.1489
35.149
35.149
27.1336
32.1784
8.37293
27.1321
26.4781
26.5986
26.4784
32.1667
26.6635
33.3577
26.4789
26.479
26.4792
26.4794
26.4796
26.4798
32.1261
35.1438
35.1439
26.4799
27.0712
32.116
32.423
20.3432
35.1436
20.9163
26.4801
26.4803
26.4805
26.4807
26.4809
26.4811
26.4813
26.4815
35.1394
32.0694
20.3065
35.1395
27.0205
32.4189
32.0631
35.1398
26.4815
26.4817
32.4182
35.1389
35.139
32.4184
26.9945
35.1392
32.0371
26.4817
26.4819
26.4821
35.1379
26.4822
26.4824
26.4826
35.1365
35.1366
31.9947
15.2006
35.1368
26.4826
26.4828
26.483
26.4832
26.4834
13.2154
35.1339
26.4837
15.1974
35.1336
18.2376
18.2371
31.9306
25.5405
31.9275
26.8808
23.3979
23.276
35.1317
35.1317
26.8713
26.8707
32.4113
35.132
35.1321
27.0423
24.1356
35.132
26.4845
26.4847
35.1311
35.1311
35.1312
35.1313
26.4848
35.1309
26.4849
16.7078
26.7877
35.2439
15.1944
15.1945
26.7889
26.485
26.4852
26.4854
26.4855
26.4857
26.4859
26.4861
26.4863
31.797
35.127
26.4864
35.1266
26.7425
20.0496
32.406
31.7853
35.1268
13.0518
18.9731
18.9758
35.1265
26.4866
35.1261
26.4868
26.487
26.4871
31.7555
26.4873
26.4875
35.1239
31.7408
23.103
25.3625
35.1233
31.7338
32.4027
21.6452
26.6845
26.684
35.1237
26.6806
26.6801
35.1239
31.7219
29.0013
26.4876
19.9839
26.4878
26.488
26.4882
26.4884
26.4885
35.1212
26.4887
26.4889
31.6769
15.1843
35.1205
35.1206
26.6182
26.6177
35.1208
27.0482
26.489
26.4892
35.1196
35.1197
26.4893
35.1193
26.4894
35.1189
35.119
16.5032
35.262
23.8338
15.183
35.1193
26.4895
26.4896
15.1822
35.1185
32.3979
26.4897
32.3975
26.4899
26.4901
35.1173
26.5258
23.0643
31.5689
32.8811
26.4903
29.4068
35.1164
30.5776
22.9302
21.47
31.5544
32.7509
25.1873
26.5039
31.5487
28.8281
26.4909
26.4911
26.4913
26.4915
26.4916
31.5232
26.4918
26.492
35.1125
35.1126
26.4616
26.4921
31.5037
32.3916
35.1124
26.4922
32.7532
32.8752
30.5806
35.1117
26.4925
32.3906
35.1114
35.1114
26.4303
26.4925
26.4927
26.4929
26.4931
35.1097
26.4109
35.1099
26.4932
26.4934
35.1091
35.1091
27.0543
15.1728
35.109
35.1091
35.1092
35.1092
26.3482
35.1094
26.345
23.6274
6.54912
35.1091
26.4935
27.0545
35.1085
35.1086
35.1086
35.1087
35.1088
26.4936
35.1084
26.4938
35.108
35.1081
35.1082
26.2673
23.5497
35.2798
26.2635
26.4938
26.494
35.1075
16.4917
26.2571
15.1716
26.2587
31.3035
32.3873
35.108
26.4939
26.4941
26.4943
35.1067
26.4944
26.4946
20.1383
26.2279
13.5592
26.2294
26.4948
26.6813
26.6164
33.3812
35.1044
22.7705
18.0968
26.6169
26.4958
35.103
32.8653
32.7584
15.1667
35.1029
15.1668
35.1031
35.1032
27.0575
35.103
35.1031
35.1031
35.1032
26.4958
23.4296
35.1029
32.8653
29.4134
32.7586
26.4961
30.5871
26.4964
26.6179
26.4967
26.4969
26.6836
33.384
35.0996
35.0997
22.6718
35.0993
32.3787
32.3788
17.9899
35.0993
26.4974
26.619
31.1321
26.4977
31.1276
26.0814
26.4979
26.498
35.0974
26.4982
26.4984
35.0966
26.4985
26.4987
26.4989
31.0903
12.4034
35.095
26.4992
33.387
26.4994
26.6211
22.6002
35.0932
17.9239
26.6215
35.0926
26.5001
26.5003
32.8528
32.7651
29.4191
26.5007
35.0909
7.87664
35.0906
26.501
35.0902
35.0903
25.9866
30.5949
35.0903
25.9821
26.5011
26.5012
26.5014
26.5016
35.0887
27.0653
35.0885
35.3147
35.0886
35.0886
35.0887
26.5017
26.5019
35.0879
35.088
25.9032
35.0881
25.9009
35.0883
23.1795
25.8967
15.1523
26.5018
35.0881
26.502
26.5021
26.5023
26.5025
26.5027
35.086
35.0861
30.9069
35.0863
12.2278
26.5029
26.5031
15.1488
26.5032
26.5034
26.5036
20.7882
26.5037
35.0835
35.0835
18.0418
27.0681
26.5039
35.083
35.0831
35.0832
35.0832
26.504
35.0829
35.083
35.083
35.0831
23.0248
25.7422
26.504
26.5041
25.7308
16.4667
35.3259
26.5043
26.5044
35.0817
32.3612
26.5046
26.5047
26.5049
35.0806
35.0807
32.3601
30.6015
15.1445
26.505
29.4248
13.74
32.8398
32.7722
35.08
35.0801
15.1439
26.5052
26.5054
26.6275
26.6931
35.0786
33.3963
22.2692
26.628
26.5063
17.5915
35.0771
26.5065
32.836
35.0768
35.0769
35.0769
32.7741
35.0768
29.4265
26.5067
26.5069
7.88291
25.6396
30.6838
25.6382
30.6052
35.0754
26.5072
26.5074
26.5076
35.0742
35.0743
26.5077
26.5078
26.508
30.6465
35.0732
11.9869
17.0314
20.5573
15.1363
35.0726
26.5084
26.5086
26.5087
26.5089
26.5091
26.5093
35.0702
26.5094
26.5096
35.0694
35.0695
35.0696
35.0696
35.0697
35.0698
35.0699
35.0699
26.5095
22.7734
26.5096
25.4865
25.4862
35.3519
26.5098
26.5099
35.0686
29.4308
26.5102
32.7797
30.6107
26.5105
26.6328
26.5108
35.0664
26.511
26.6989
35.0657
32.3452
32.3452
26.5112
25.4409
35.0656
35.0657
35.0658
27.078
35.0656
26.5113
26.5115
15.1286
29.4327
30.6128
32.7819
32.8222
35.0644
26.5118
35.0641
27.079
35.0639
26.512
35.0636
35.0636
26.5121
35.0633
35.0634
35.0635
35.0635
35.0636
25.3241
35.3636
22.603
25.321
26.5121
26.5122
35.0631
25.3144
20.2753
17.5518
17.5547
35.0634
26.5122
26.5124
35.0627
26.5125
26.5127
35.3674
25.2896
26.5129
26.513
26.5132
26.5134
35.0604
26.5135
26.5137
35.0597
35.0597
6.56961
25.2421
25.2419
15.1233
35.0596
27.0815
35.0595
35.0595
35.0596
35.0597
35.0598
26.5138
32.3388
26.5139
32.3384
26.5141
35.0588
25.1975
21.8186
32.8158
26.5143
30.2357
29.4361
30.6176
35.0579
20.1462
21.6858
32.7862
30.2259
30.2249
25.18
26.5147
26.5149
35.0569
35.3782
26.515
26.5152
26.5154
26.5155
35.0553
35.0554
27.0839
35.0553
25.122
35.0554
35.0555
35.0556
35.0556
35.0557
25.1009
22.3822
25.1004
15.1197
16.5609
35.0557
16.5566
30.1413
26.5157
26.5158
26.516
35.0542
26.5161
35.0539
26.5163
15.1173
26.5164
26.5166
25.0669
11.4852
17.0297
33.4123
26.7054
26.5172
26.5174
26.6401
35.0507
35.0507
26.5176
32.7908
26.6405
32.8062
7.89384
29.4407
6.79143
26.5184
26.5186
26.5188
25.0296
30.6249
35.0477
35.0478
35.0479
26.5189
27.0884
26.5191
35.047
35.047
24.9815
35.0472
26.5192
24.9721
35.0469
26.5193
35.0466
35.0467
35.4012
22.2359
26.5166
35.0419
16.4306
26.5144
24.9496
15.11
15.1101
26.5195
26.5197
35.0456
26.7084
33.4166
26.6427
26.5202
35.0214
21.5719
26.5205
16.9021
32.7706
35.0436
32.7621
29.4092
35.0433
35.0433
35.0434
26.4767
24.9075
26.4748
29.9487
30.5797
23.6929
29.9446
7.89702
24.901
34.9905
34.9889
21.5425
35.042
35.0421
26.5214
35.0418
27.0917
26.5216
24.8578
35.0414
35.0414
24.849
26.5216
35.0412
26.5218
35.0409
35.0409
35.4148
22.107
16.4251
34.9165
26.3954
26.3938
15.1042
24.8231
15.1043
26.522
35.0403
26.5221
35.4174
26.5223
26.3711
35.0392
26.3625
27.0935
35.0387
34.8638
35.0388
35.0389
35.039
24.7594
35.0391
26.3298
29.2518
32.602
26.3249
32.5933
34.8365
24.7454
32.3176
35.0383
35.0384
26.312
35.4221
24.7335
34.8227
26.5231
26.5233
35.0374
26.5234
15.1009
26.5235
35.0368
27.0946
35.0367
35.0368
6.5795
35.0365
35.0365
35.0366
35.0367
24.6665
21.9474
24.6662
26.5236
26.5238
32.3155
35.0363
35.0363
32.3157
24.6509
34.7401
19.6101
29.6928
21.3017
26.2242
24.6454
29.6884
30.331
32.4867
26.9647
29.141
21.1692
34.726
32.4891
29.6764
29.1343
26.2087
30.3171
32.4706
26.2038
34.7121
26.3235
26.7139
26.525
33.424
26.5252
21.2665
32.312
35.0327
16.5954
35.0326
24.5994
26.5255
32.3117
35.0324
26.5256
34.6774
26.5257
35.0318
27.0976
35.0317
35.0318
35.0318
35.0319
16.416
26.5258
26.5259
35.0313
35.0314
24.5317
21.8125
35.0316
15.0954
24.5283
26.5259
26.526
15.0948
35.4397
32.3798
30.2123
29.0239
26.0979
32.3544
34.5985
33.4261
21.1675
26.716
16.4994
26.527
26.2084
26.5273
24.4932
32.3077
35.0284
35.0285
35.0285
26.5273
35.0283
26.5274
35.028
26.5275
32.307
24.4678
34.5568
26.0549
32.3072
30.164
28.9749
34.5479
21.1238
32.3241
29.4971
19.4143
20.9978
29.4955
26.0423
29.4927
24.4489
21.1166
33.4288
26.7179
26.5286
26.5288
26.1531
35.0245
6.80336
26.0274
34.5205
32.3028
7.90522
32.2716
26.6528
28.9439
26.5298
26.0149
24.4166
30.1271
26.5301
35.0219
26.6535
35.0216
34.4937
35.0218
26.7222
24.3993
24.3992
13.6823
34.4894
16.4062
21.5693
19.36
19.3606
31.7686
15.086
19.3625
19.3631
16.4065
34.4931
19.3635
35.0227
29.4437
35.0228
15.0866
25.9963
26.7207
26.5299
16.4064
26.6533
8.43651
16.4059
29.4389
17.628
19.3557
35.0218
13.6822
26.6535
19.352
26.5303
25.987
35.021
35.0211
34.4713
19.3417
35.0213
15.085
24.3812
34.47
26.7016
21.5488
34.4666
24.3761
16.6127
24.3766
24.3765
16.4058
35.0219
24.3747
26.6967
35.0221
19.3324
25.9689
26.5303
35.0215
26.6537
25.9607
26.654
35.0206
35.0206
34.4422
35.0208
24.3488
13.6812
24.35
26.6719
34.438
19.3085
16.4053
21.52
15.0849
19.3121
31.72
19.3112
13.6817
19.3131
24.3528
26.6537
16.4054
16.4054
26.5304
15.0848
25.9511
35.0208
35.0209
34.4352
34.4337
31.7114
24.3417
24.3416
24.3415
35.0214
16.5752
16.4056
35.0216
26.6602
25.9347
24.3353
26.5304
26.6539
35.0208
19.2886
19.2892
35.021
35.0211
34.4133
35.0212
25.918
26.5307
24.3153
26.6541
24.3125
16.4044
34.4026
16.4046
31.6817
21.4836
16.5477
16.4046
16.4047
19.2752
24.3149
16.4049
35.0209
35.021
25.91
26.5308
26.6543
26.6264
16.4041
35.0202
19.2629
24.3026
19.2634
24.3031
16.4046
13.6809
15.0844
34.3973
16.4048
19.2692
19.2698
16.405
16.4051
19.2731
29.3555
34.4008
29.3532
15.0851
35.0215
17.5435
8.43696
16.4051
16.4052
24.3134
29.356
35.0214
26.6323
25.9072
26.5306
26.6541
34.3911
35.0206
21.4694
31.6649
35.0205
25.892
26.531
26.6104
24.2876
26.6544
35.0197
24.2827
16.5193
34.372
19.2426
16.4041
24.2836
24.2835
13.6806
26.6067
16.4044
24.2853
35.0206
35.0206
34.3689
35.0208
16.4049
16.5143
16.405
24.2796
25.8778
31.6457
26.5307
6.58671
34.3646
21.4465
16.404
26.6544
34.3607
35.0198
25.8682
26.5313
26.6548
26.583
35.019
24.2573
16.4031
24.2586
19.2194
13.6796
19.2213
34.3498
16.4035
15.0833
21.4367
31.6306
19.2219
24.2617
25.8619
35.0193
26.5314
26.6549
34.341
35.0188
26.5698
24.247
24.247
13.6794
34.337
19.2076
16.4033
21.4222
31.6157
19.207
19.2076
15.0831
24.2501
13.6798
24.2513
16.4037
19.2134
19.2141
19.2147
26.6545
34.3406
26.5312
25.8485
35.019
19.2045
35.0192
29.2847
16.4033
24.2426
35.0194
25.8408
26.5315
35.0188
26.655
26.5529
34.319
34.3175
21.4018
31.5943
24.2247
19.1855
24.2253
13.6792
16.4632
24.2271
24.227
16.4032
16.4032
24.2296
19.1904
26.6547
26.5315
19.1858
25.8271
35.0185
15.0823
35.0186
34.3108
35.0188
24.2177
16.4029
16.403
26.5315
25.8193
35.0184
35.0184
24.2114
34.3
35.0186
13.679
24.2082
26.5301
19.1683
34.2967
15.0827
16.4031
21.3844
19.1704
19.171
31.5788
16.4032
16.4033
24.2119
29.2545
15.0832
15.0832
9.33781
15.7256
13.6791
21.4941
16.4539
16.4543
24.2182
15.7275
21.4947
15.9472
19.179
16.4034
16.4569
16.4573
15.0833
6.58709
16.4033
16.4034
16.4034
16.4035
16.4036
35.0196
6.58706
15.083
16.4034
19.1957
24.2354
35.0196
35.0197
35.0198
29.2708
13.6797
9.33738
9.33743
16.4039
17.7267
19.1938
19.1944
29.2768
6.58688
29.2783
15.7438
29.277
24.2335
15.0833
16.4037
15.0834
15.7478
29.2809
6.58713
24.2398
19.2006
15.9698
15.083
21.5199
16.4035
16.4035
9.33784
13.6794
15.0833
6.58706
16.4034
17.7488
19.2147
29.2971
35.0195
19.2117
35.0196
16.4037
19.2114
15.9788
29.2944
16.4039
15.0836
24.2542
21.5312
16.4042
16.4042
12.3599
6.58676
16.4984
16.4988
13.68
16.4042
17.7589
19.2267
6.58679
19.2296
29.312
15.0838
29.3132
16.5064
21.5474
24.2702
29.3128
15.9945
19.2308
16.4046
15.7796
16.4043
6.58677
29.3175
21.5511
16.5108
16.5112
6.5868
16.0046
15.7868
19.2383
16.4037
15.0834
16.4038
16.4039
15.7927
29.3261
6.58707
19.2457
15.0831
16.0165
24.2879
16.4035
16.526
21.5668
24.2896
29.3323
16.0163
19.2501
16.4039
15.7999
6.58708
16.5298
16.5301
24.2941
29.3367
16.0218
19.2546
16.4036
15.8048
16.4034
16.4034
24.2976
6.58712
16.4032
16.4033
24.3023
29.345
15.0832
15.0832
14.2768
15.816
13.6791
21.5845
16.5441
16.5445
29.3512
21.5848
16.5445
16.5448
6.58702
19.7319
15.8211
19.2719
16.4032
15.0829
16.4033
19.7373
15.8263
29.3589
21.5925
16.4032
16.4032
24.3178
16.4034
16.5558
15.0832
24.3215
12.3592
16.5607
16.4038
16.4038
16.4039
16.404
19.7483
15.0837
19.293
15.0838
21.6118
16.5714
21.6123
24.335
16.5716
21.6127
24.3354
29.3781
19.7505
19.296
16.4048
15.8445
16.4045
6.58665
15.084
15.8502
29.3841
6.58689
24.3428
19.3036
19.7626
15.0835
21.6229
16.404
16.4041
14.2762
16.4041
17.8444
19.3119
19.3124
29.395
6.58679
29.3964
15.8616
29.3951
24.3515
15.0835
16.4039
16.404
24.3559
16.4041
16.4042
16.4042
16.4043
19.3217
19.7786
29.4047
16.4045
15.0842
24.3643
21.6414
16.4047
16.4048
12.3605
6.5865
16.6083
16.6086
16.4047
15.8815
29.4161
6.58668
19.3356
15.0839
19.7947
24.3777
16.4044
24.3788
15.8869
21.6555
19.796
19.3395
16.4043
16.6174
16.6177
15.0842
6.58667
16.4042
16.4043
19.3491
24.3888
16.6256
16.6259
24.3898
14.2754
13.6805
15.0844
6.58657
16.4045
17.8906
19.3588
29.4413
35.0206
19.3558
35.0207
16.4048
17.887
19.3559
29.4385
24.3948
29.4376
24.3939
29.4367
15.9002
13.6807
15.0846
35.021
14.275
24.3954
16.4051
24.3965
24.3964
15.9034
24.3958
29.4386
19.3558
17.8874
19.3569
35.0211
13.681
24.3957
26.5305
26.5306
15.0844
35.0207
35.0208
14.2752
29.4282
15.8922
24.3841
35.0206
29.4248
24.3811
26.5307
26.5309
35.0202
29.4128
26.531
35.02
26.6544
24.3568
32.2991
35.0199
29.3953
35.02
19.3085
32.2994
35.0202
34.4303
35.0203
35.0204
17.8283
16.4044
24.3367
19.7534
19.298
16.4046
16.4047
21.6174
24.3401
29.3828
15.8468
29.3816
19.2989
24.3386
17.8311
19.2998
15.0845
24.3421
35.0209
26.5307
17.8289
19.2974
29.3799
29.3792
24.3356
35.0208
29.3762
13.6808
24.3339
15.0848
14.2748
15.8447
16.4048
35.0209
35.0209
26.5306
26.5308
26.5309
16.404
32.2994
34.4088
35.0202
35.0203
34.4026
13.6802
16.4045
35.0205
15.0843
35.0207
16.4047
35.0208
24.3102
19.271
35.021
26.5306
26.6541
35.0204
35.0205
26.5308
35.0202
32.2996
35.0204
35.0204
35.0205
29.3176
24.2741
32.3
34.3596
19.2301
15.7773
29.3121
21.5457
16.4047
16.4048
24.271
19.2318
19.2324
29.3148
29.3141
24.2706
29.3133
24.2698
35.0213
35.0214
35.0215
26.5304
26.5306
26.5307
35.0205
19.2084
17.7409
34.3374
19.208
29.2904
15.0845
19.2104
19.211
17.7428
24.2512
29.2938
24.2503
15.0848
15.7598
29.295
35.0209
24.2495
13.6809
14.2749
24.2518
29.2945
15.7579
24.2505
29.2932
19.2106
17.7422
35.021
19.2095
24.2493
26.5305
35.0209
26.5307
35.0206
32.3001
15.0845
26.5307
29.2744
29.2737
35.0206
26.5308
35.0204
26.5309
35.0201
20.7661
21.2733
26.5312
24.2082
35.0194
16.4035
34.2961
24.2059
26.5279
29.2478
19.1652
16.4039
15.0836
16.5716
15.0837
29.2532
24.2098
24.2098
24.2097
35.0204
29.2502
19.1677
17.7004
26.5309
26.531
29.2444
19.1618
35.02
24.1969
26.531
35.0198
35.0198
13.6797
26.6544
32.299
35.0198
35.0198
26.5311
16.4036
35.0196
35.0197
26.5312
29.2071
26.5313
29.2039
34.2494
15.083
21.2235
20.7149
26.481
16.4029
24.1596
19.1203
16.4031
19.1221
24.1619
17.6574
26.5314
35.0189
35.019
32.2983
35.0191
26.5315
26.5316
26.5317
35.0182
26.5319
26.6554
26.5321
26.5323
24.1175
35.0171
35.0172
26.5323
35.0169
35.017
15.6166
30.631
35.0165
26.5326
32.2955
30.9725
35.0162
26.5328
32.2952
26.5329
32.295
24.0745
29.117
24.0738
16.3999
19.0357
21.1431
20.634
16.3996
24.0747
29.1172
35.0157
15.0795
16.3999
35.0159
14.5758
35.016
15.0798
26.396
26.5328
26.5329
35.0156
26.533
16.4225
35.0154
35.0154
35.0155
29.0956
26.533
26.5332
26.6568
35.0147
35.0148
26.5334
35.0145
35.0146
35.0147
35.0147
32.2941
32.2941
29.058
32.2943
26.5333
35.0147
34.0932
24.0033
26.5334
26.657
35.0143
35.0144
35.0144
34.0741
35.0146
35.0146
32.294
29.0181
26.5334
35.0145
35.0146
26.5335
35.0143
26.5336
34.0441
16.3981
35.0142
26.5337
26.5338
26.5339
35.0133
34.0292
35.0134
35.0135
28.9772
26.2559
35.0137
28.9739
16.2941
35.0139
35.0139
26.5338
28.963
26.5339
26.6575
35.0132
35.0132
35.0133
35.0133
35.0134
35.0135
32.2928
26.5339
26.5341
35.013
26.5342
26.6579
23.8726
28.9148
35.0126
35.0126
35.0127
35.0128
32.2922
15.3775
35.0126
35.0126
23.8533
23.8533
32.2921
32.2922
28.8891
35.013
33.9312
23.8417
26.5341
26.5343
26.5344
26.5345
26.5347
35.0116
35.0117
35.0118
26.5347
26.5349
35.0112
28.8496
28.849
33.8944
16.3955
26.1276
20.3707
20.8792
23.8035
23.8035
16.1666
15.075
18.7667
16.3954
15.0752
11.9821
15.0752
18.7741
18.7747
16.3957
15.0755
7.91058
23.8186
21.0952
13.6715
12.3513
18.7824
15.0755
15.0756
28.7568
35.0118
15.0755
18.7839
28.866
6.59048
33.9136
23.824
16.3958
11.9812
26.5347
16.3956
20.3899
26.535
12.3506
20.3893
7.91105
18.7838
18.7844
18.785
11.9843
21.1033
23.8267
16.3948
15.0745
15.0746
18.793
13.6709
6.5909
16.3948
16.3948
15.0746
12.3506
6.59093
18.8053
15.0745
18.8078
16.3949
28.7573
20.4126
11.9847
23.8469
18.8076
21.1241
23.8474
7.91109
13.6703
6.59119
18.8123
11.9853
15.0739
16.3943
16.3943
23.8583
12.35
15.0742
6.59113
20.4315
23.8631
28.9053
15.0738
16.3941
18.8262
18.8268
23.8667
16.3944
20.4349
23.8669
28.9091
15.074
23.868
16.3944
35.0105
18.8281
21.5485
23.8677
23.8677
15.0743
6.5911
18.8323
23.8722
18.8329
11.9846
18.8353
18.8359
15.0743
15.0744
21.1568
23.8801
6.59099
16.3946
18.8441
13.6706
15.0744
7.91103
6.59116
23.89
18.8507
18.8513
18.8519
15.0741
15.0742
15.0743
18.858
21.1746
23.8978
7.91103
13.6704
18.8606
16.3947
6.59107
11.9849
15.0741
16.3945
23.9086
13.6705
16.3946
18.8717
18.8723
16.3948
23.9134
18.8741
23.914
7.91091
18.8755
6.59101
16.3945
21.1954
18.8794
18.88
16.3948
23.921
23.921
18.8817
7.91094
6.59106
11.9848
6.59121
7.91136
18.8899
18.8905
23.9303
15.0737
15.0737
15.0738
18.8965
16.3942
15.074
18.4363
15.074
16.3943
16.3944
18.9049
16.3945
12.7941
16.1835
16.1841
16.3946
13.6705
16.3947
18.9125
6.59101
12.7941
16.3944
23.9566
18.4531
18.9178
23.9576
16.3946
16.3947
16.3947
15.0745
16.3948
6.59098
32.4782
25.5781
18.4603
16.3942
18.9256
35.0103
16.3944
35.0104
29.0046
12.7941
16.3944
18.4604
16.3944
15.0742
15.0742
16.3946
18.9316
6.59107
23.9735
23.9735
16.21
16.3946
18.4715
16.3946
18.9376
12.794
16.3946
6.5911
15.074
16.3944
15.0742
15.0742
15.0743
18.9521
16.3947
18.4892
16.3947
15.0744
18.9579
15.0746
16.3949
6.59093
24.0028
24.0028
16.3948
16.2405
18.9653
13.6708
16.3951
15.0748
16.3952
24.0104
16.3953
24.0116
12.7935
18.9733
18.9739
6.59074
18.5111
16.3951
6.59088
16.3948
18.9814
16.395
15.0747
12.7937
16.395
15.0747
15.0748
18.9913
12.7936
15.0748
18.5293
16.3951
6.59088
18.9983
16.2747
15.0746
16.395
24.0423
24.0423
16.3952
13.6711
16.3953
19.0065
6.59074
16.3951
16.3952
16.3953
29.0944
32.5616
35.0113
21.3248
29.0904
16.3955
15.0753
18.5446
15.0753
16.3956
16.3957
19.0155
16.3958
12.7932
16.294
16.3958
15.0756
16.3959
6.59049
32.574
25.6747
18.5562
16.3953
19.0235
35.0114
16.3955
35.0115
29.1026
12.7933
16.3955
18.5562
16.3955
15.0753
15.0753
16.3957
19.0293
6.59057
24.0712
24.0711
16.3076
16.3957
18.567
16.3957
6.5906
16.3954
19.0383
16.3956
15.0753
12.7933
16.3956
15.0753
15.0754
13.6716
16.3958
15.0756
16.3959
24.0927
16.3961
24.0938
12.7929
19.0555
19.056
6.5904
16.3959
19.0598
6.59048
16.3957
16.3958
16.3958
29.1476
32.6137
35.0119
21.378
29.1436
19.0612
12.793
15.0757
18.5973
16.396
6.59045
19.0681
16.3444
15.0756
16.396
24.1119
24.1119
16.3961
13.672
35.0123
32.6208
35.0123
26.5345
26.5346
26.5348
16.3954
26.5349
26.535
29.1367
16.395
35.011
29.1353
21.369
15.6133
15.6133
16.3946
15.6144
15.6144
15.7646
19.7183
19.0516
21.3683
16.3937
26.5356
35.0095
26.5358
26.5359
15.6054
26.5362
19.7064
35.0082
35.0082
25.6891
32.5883
29.1119
21.3456
16.3921
29.1123
15.5948
15.745
15.5948
15.5948
29.1101
19.0276
16.3912
25.6869
35.0069
35.007
26.5369
16.3908
26.537
26.5371
29.0966
26.5372
16.39
26.5373
16.3898
35.0058
29.0908
21.3245
15.5763
15.5763
15.5764
15.7267
15.0686
15.5781
19.0081
16.3887
16.2856
32.5738
16.3888
25.6711
35.0046
35.0046
26.538
29.0825
13.6643
16.2771
29.0836
21.3173
19.0011
35.0047
34.1278
25.6595
35.0046
32.559
29.0755
26.538
24.0289
26.5381
26.5382
26.5383
24.0199
18.9806
24.0204
15.0674
16.3878
15.0675
15.5574
15.5575
15.5575
29.0669
15.0668
15.0668
35.0032
15.0669
16.3873
32.5562
25.6514
35.003
16.3871
26.5386
26.5388
26.5389
26.539
26.5392
35.0017
35.0018
26.5393
25.6289
35.0013
32.5306
15.5332
29.0397
19.6373
16.3848
21.2743
16.385
23.9985
18.9592
18.9598
16.2361
15.0649
35.0013
29.0425
29.0419
16.3855
34.0886
23.9987
21.2755
23.9986
15.0655
16.3859
16.3859
32.5328
16.3859
16.386
25.6293
24.002
24.0019
18.9626
18.9631
15.0657
25.6304
26.5393
32.531
35.0014
26.5394
26.5395
26.5397
26.5398
16.3844
35.0004
29.026
16.3845
29.0266
15.52
19.6248
16.2193
16.3842
13.6601
18.9463
23.9862
18.9468
15.5234
15.5234
29.0284
15.6732
15.0634
18.9474
18.9479
23.9877
16.384
15.0637
15.0638
6.59583
23.9943
35
29.0349
23.9918
21.2686
29.0342
18.9518
16.3843
16.3844
16.3844
15.0642
18.5129
16.3845
18.9597
12.8015
16.3845
6.59567
16.3843
15.064
29.0496
24.0064
18.9671
24.0069
15.0643
16.3847
6.59558
15.0641
12.8016
15.7019
15.0638
24.0164
35.0003
24.0146
34.1032
18.974
16.3845
16.3846
15.5527
35.0004
26.5399
26.54
26.5402
26.5403
26.5404
15.0627
34.9991
34.9991
15.0628
6.59627
18.9614
6.63338
15.0624
16.3828
33.8346
26.5406
26.5407
15.5287
15.5287
15.5287
34.9974
15.6769
34.9972
25.6156
26.5415
32.5195
26.5416
26.5417
26.5419
16.3798
26.542
15.0593
34.9957
15.0594
15.5121
15.0592
6.63498
18.9326
15.059
26.5422
26.5423
26.5424
26.5426
34.9943
34.9944
34.9944
25.5933
32.5018
15.4997
19.6052
28.9955
16.3777
21.2304
28.996
15.4992
15.4992
34.9934
25.5886
26.5432
26.5434
32.4924
26.5435
28.9805
26.5436
26.5437
16.3757
34.9918
15.4806
15.4807
15.4807
15.6316
15.4808
16.3745
19.5877
21.2071
28.9727
16.3745
15.482
15.4821
15.633
28.9722
15.0535
34.0194
28.9721
23.929
23.929
18.8896
34.0181
28.9707
34.9903
23.9259
21.2026
28.9682
18.8859
16.3746
16.3746
16.3747
15.0544
16.3748
33.8769
23.9266
26.5442
26.5444
26.7646
26.5446
29.3754
28.9369
23.8938
34.9898
34.9899
26.5447
26.5448
33.9581
34.9895
26.5449
32.1031
34.989
33.9387
34.9891
25.488
26.5452
34.9886
30.8956
18.7871
28.8693
23.8263
34.9887
33.913
16.3728
16.3729
18.7863
28.8685
21.1023
16.3731
33.8872
16.3732
15.0529
18.3606
15.0529
16.3733
16.3734
18.7888
16.3735
12.8098
16.0673
18.368
16.3734
6.60074
16.3732
18.7967
16.3733
15.0531
12.8099
16.3733
15.0531
15.0531
18.8062
12.8098
15.0531
18.3853
16.3735
6.60073
18.813
16.0893
15.053
16.3734
23.8568
23.8568
16.3736
13.6495
23.8591
18.8197
23.8596
15.0536
16.3739
23.863
23.8629
18.8236
18.8242
16.1005
15.054
13.6502
16.3744
16.3745
15.0542
12.809
18.833
6.60025
15.054
18.8372
13.6502
16.3745
15.0542
16.3746
23.8822
16.3747
23.8833
12.8089
18.8449
18.8455
6.60012
12.8091
16.3744
18.424
16.3744
15.0542
15.0542
16.3746
18.8567
6.60017
23.8985
23.8985
16.1349
16.3746
16.3747
15.0544
18.8636
18.8642
23.904
16.375
16.375
18.8669
6.59997
16.3749
16.3749
16.375
28.9545
32.4648
34.9911
21.1852
28.9508
16.1442
16.3753
13.6512
18.8712
16.3755
18.4449
16.3755
15.0552
18.8767
15.0553
16.3757
6.59969
23.9213
23.9213
16.3756
16.1588
18.8836
13.6516
16.161
34.9919
28.9657
28.9651
16.3761
34.0118
23.922
21.1988
23.9219
15.056
16.3764
15.0562
6.63639
18.889
15.056
6.5994
6.63659
15.0555
18.4687
16.3758
18.8989
12.808
16.3758
6.59962
15.0553
16.3757
15.0554
15.0555
15.0555
34.0404
28.993
23.9499
23.9499
28.9923
18.9099
21.2266
16.3763
16.3764
16.3764
15.0562
23.9553
18.916
23.9558
15.0564
16.3768
6.59919
6.59931
16.3763
23.9623
18.923
18.9235
16.1999
16.3766
15.0563
15.0564
12.8074
15.0563
13.6525
6.59922
18.9347
16.3766
16.3766
16.2132
15.0564
16.3768
23.98
16.3769
34.0698
23.9799
15.0568
21.2589
34.9932
29.0228
19.3923
15.5269
16.3769
35.5616
23.9743
26.5433
26.5434
26.7635
26.5437
27.2944
28.9855
23.9424
34.9919
34.992
26.5437
26.5439
34.0074
34.9915
26.5439
26.7768
34.9911
33.9884
34.9912
25.5348
26.5442
34.9907
34.3022
18.8372
26.5443
26.7773
26.5446
26.5447
26.5448
34.9894
26.7651
27.296
34.9891
26.5451
34.9889
34.9889
26.5451
26.3102
23.8019
21.5237
26.5452
26.5453
26.7783
26.5455
34.9879
26.7658
34.3042
27.297
26.5459
26.546
26.5461
35.6014
34.9866
34.9867
34.9867
34.9868
34.9868
26.216
23.7078
26.5461
26.5462
26.5463
26.5464
34.3054
34.9858
26.7669
27.2982
26.5468
26.5469
34.985
34.985
26.547
34.9848
35.6147
34.9849
26.1255
23.6176
21.3389
34.9851
26.1227
23.6147
21.3361
34.3058
26.5469
26.7801
26.5471
34.9844
26.0927
23.5848
21.3061
34.3063
26.5472
26.7805
26.5475
26.5476
26.5477
34.9832
34.9833
27.2996
26.7683
26.5479
34.9827
34.9828
26.548
26.5481
15.0459
32.0655
15.0605
26.6728
35.6435
25.1443
15.0522
26.5488
28.5265
26.5489
33.5695
20.2149
34.9805
33.5658
25.9839
23.4762
34.9807
34.9808
15.0445
34.3087
26.549
26.7824
26.5492
15.0133
15.0134
32.0176
26.6741
20.1801
34.9788
27.3023
26.5499
34.9784
34.9785
26.7707
25.0693
26.5502
26.7838
26.5504
26.5506
34.3112
26.5507
35.7311
28.4058
26.5508
33.4454
26.5509
34.9763
34.9763
16.3604
16.3604
25.8558
21.069
23.3485
33.4363
34.9767
34.9768
34.9769
26.5508
35.7276
26.5509
28.3657
23.3235
34.9765
34.9766
34.9766
34.9767
28.3513
33.3968
27.3035
26.5509
34.9764
26.7718
26.5511
26.7848
26.5513
34.3122
26.5515
26.5516
34.9749
35.6823
34.975
34.975
16.359
26.5516
26.5517
26.5519
34.9744
24.886
34.9741
16.3582
26.552
34.974
25.7181
20.9313
26.5521
34.9739
26.7731
26.5523
34.9735
26.5523
26.7862
26.5526
34.9728
26.5527
34.3141
35.6496
26.5528
34.9722
26.5529
24.7942
34.9718
34.9718
15.0355
23.1218
34.972
28.1617
23.1197
20.3957
28.1613
16.3563
20.8406
25.6269
34.9725
34.9725
15.0362
14.6946
14.6947
20.8375
34.9722
34.9722
23.1131
34.3143
26.553
26.7869
26.5532
26.5533
26.5534
15.0346
14.6564
31.6611
14.6555
26.6786
19.8236
33.1604
26.5541
26.5542
26.5543
34.9692
24.7299
26.5545
26.5546
26.5548
24.7237
34.9679
34.968
34.9681
34.9681
34.9682
33.1243
15.0319
15.032
34.9684
26.5548
26.5549
35.6083
34.968
26.555
24.6935
26.5552
26.5553
26.5555
26.5556
26.5557
26.79
26.5559
33.0688
26.556
26.5561
26.5562
26.5564
26.5565
26.6815
26.5567
26.5568
35.5796
33.0372
34.9639
26.5569
26.557
26.7786
26.5572
26.7917
26.5575
34.9625
26.5575
27.3124
34.3211
16.346
16.3461
34.9622
34.9622
34.9623
26.5577
24.5568
34.9618
26.5579
34.9617
26.558
34.9615
25.3678
26.558
26.5582
26.5583
24.5378
22.8519
32.939
26.6834
26.5586
20.5652
31.4461
26.5587
27.3139
34.9597
26.5589
26.559
26.7937
26.5592
35.55
34.9588
26.5593
34.3235
26.5595
34.9582
26.5596
34.958
24.4489
16.3418
16.3418
34.9579
34.958
32.8442
34.9581
25.2602
22.7543
27.7954
20.4729
32.8409
27.3148
26.7814
34.9581
26.5597
34.9579
26.5598
26.7945
26.56
34.9573
26.5601
35.5409
34.3246
26.5602
34.9567
26.5603
24.3601
34.9563
34.9563
25.1693
20.3823
34.9565
34.9565
27.3159
34.9565
26.5605
24.3289
26.7826
26.7955
26.5609
34.3257
26.5611
26.5612
26.5613
27.6347
34.9546
32.6781
34.9547
35.5291
26.5613
25.0824
20.2955
22.5769
26.5614
26.5615
26.5616
26.5617
26.5618
26.5619
24.2567
26.5622
19.2072
34.9524
26.5624
34.9522
34.9523
26.5625
24.2434
34.9519
32.6291
15.0156
15.0157
34.9521
26.5626
34.9519
34.952
26.5626
24.2338
32.6216
34.9516
26.5628
26.5629
26.563
26.5632
24.2195
26.5634
19.1706
26.5636
26.5637
26.5639
26.564
34.949
34.949
34.9491
34.9491
34.9492
32.5828
27.536
32.5814
26.5639
26.564
32.2283
15.0126
16.333
35.5029
26.564
26.5641
26.7866
27.321
26.5644
26.5645
34.9478
26.5646
32.5415
34.9477
32.539
26.5647
26.5648
22.4457
26.5649
26.565
26.5651
26.5652
26.5654
34.332
26.8008
26.5656
26.5657
26.5659
34.9451
26.7884
27.3232
26.5661
34.9446
34.9446
26.5662
34.9445
34.9445
26.5662
35.4827
24.8531
22.3481
20.0661
34.9445
24.0544
34.9443
26.5663
34.9441
34.9442
26.5664
34.944
24.0411
32.4175
32.4165
27.3698
32.2234
26.5665
26.5666
34.9436
34.9436
15.0073
32.4078
32.4069
34.9439
22.3181
26.5665
24.0257
26.5668
27.354
26.5669
18.975
32.3964
7.94291
26.5672
26.5673
26.5674
24.0133
34.9417
34.9417
27.3313
32.3767
27.3252
26.5676
34.9415
26.7904
26.5678
26.8035
34.3356
26.5681
26.5682
26.5683
34.9401
35.4663
34.9402
26.5683
24.7188
19.9316
15.0037
15.0038
26.5684
26.5685
26.7914
26.5687
26.5688
26.5689
27.3271
34.9387
26.5691
16.3224
26.8049
16.3223
32.2485
34.9385
26.5692
34.3374
34.9382
34.9383
34.9383
34.9384
27.3274
26.7922
26.5694
26.5695
26.5696
26.8056
26.5698
26.5699
34.3385
34.9366
34.9367
35.4532
26.5701
26.5702
34.9363
23.7736
34.9361
34.9362
24.5525
16.3202
32.1354
16.3203
34.9364
22.0483
19.7657
27.0888
32.1342
34.9367
34.9368
26.57
34.9366
32.1256
26.5701
27.0773
23.7562
34.9363
23.7528
34.9361
32.1157
32.2156
26.5703
26.5704
26.5705
23.7416
26.5708
32.1037
26.5708
34.9349
32.0991
22.0122
26.5709
26.571
26.5711
26.5712
26.5713
26.5715
34.9337
34.9338
26.5715
34.9336
34.9336
23.7109
34.9335
32.0694
27.0228
32.0681
32.2131
26.5715
26.5717
14.9969
34.9333
26.5717
26.5718
26.572
26.5721
26.5722
26.5723
26.5724
23.6845
26.5726
26.6986
18.6351
23.6806
30.5967
18.7589
13.5882
7.94925
23.6801
26.5736
26.5737
34.9291
32.0299
26.5738
26.5739
34.9287
26.574
32.0192
26.5741
26.5742
26.5743
26.5744
34.9277
23.6536
26.5746
26.5747
32.0018
34.9271
31.9995
21.9128
26.5747
26.5749
26.575
26.5751
26.5752
26.5753
26.5754
26.5755
26.5757
26.5758
26.5759
26.576
26.5761
26.5762
26.7024
26.5764
23.6123
30.529
23.6106
26.5769
18.5626
18.6884
13.5175
13.5177
26.5774
23.607
26.5777
26.5778
26.5779
34.9207
26.578
26.5781
26.5782
26.5783
31.9314
34.92
26.5784
31.9264
21.8398
23.5842
26.7047
18.5362
30.4996
