14.9125
14.9125
17.4267
16.7981
11.6486
24.1343
20.6966
11.0412
12.8651
12.6228
18.8239
11.617
24.3307
12.5538
18.0782
26.8071
15.8744
12.225
11.147
15.8659
23.9266
12.1215
11.0629
12.1797
15.8832
20.3365
20.4139
24.1181
24.0604
17.485
24.0264
20.3285
11.0097
18.5474
17.6481
34.7219
23.9269
20.2202
10.9682
23.9289
34.4645
23.7669
23.7358
20.0256
31.2191
34.0826
16.9804
39.1653
19.702
19.7571
23.5026
23.4827
16.8207
23.4844
19.768
10.377
17.8373
19.8375
17.8981
10.5361
23.6059
19.8815
17.0858
34.1217
23.5678
19.8415
10.5158
23.5842
19.8558
19.8927
17.9974
19.9515
34.2052
23.6326
23.6169
19.8849
31.0629
33.9981
16.8549
39.2
10.2763
19.6936
19.7269
23.4809
23.4689
11.5925
10.3375
11.6187
33.93
33.8469
19.6843
10.2895
33.8179
33.7395
33.6628
33.5877
19.5129
33.5576
30.4461
11.3085
39.0617
9.93403
23.128
19.3914
9.97637
19.4195
19.4479
19.4759
10.0707
23.2336
19.4941
23.2534
19.5134
19.5393
19.5648
19.5899
11.0453
19.6246
23.3833
19.6407
20.3475
19.6564
19.6794
20.3861
23.4304
10.1924
15.2816
19.6751
15.5298
19.6877
23.4467
15.5382
19.6926
19.7135
10.7764
23.4766
23.4694
20.4105
19.7161
23.4755
19.7289
19.7484
10.2355
23.5035
20.4447
19.7491
23.5085
15.364
15.6012
19.7457
19.764
19.782
20.4897
19.793
19.8105
19.8279
19.845
15.7198
15.4585
11.0874
19.8487
19.8652
23.6247
34.0517
34.006
23.5594
33.9501
19.7807
19.7969
19.813
19.8289
23.5891
23.583
19.8322
19.8477
19.863
19.8781
10.2501
23.6329
23.6268
19.8753
19.8899
39.3475
23.6031
19.8514
19.8659
19.8802
19.8944
19.9084
19.9223
19.9361
19.9497
19.9632
19.9765
23.7367
23.7307
19.9775
19.9906
23.7509
19.9974
10.3089
23.7518
19.9982
20.0107
20.0231
20.0354
39.3905
39.3929
39.3952
39.3976
16.513
10.183
19.8844
10.2085
19.8919
23.6531
23.648
19.8939
19.9061
19.9181
19.93
19.9419
19.9536
19.9652
19.9768
19.9882
19.9996
20.0108
20.022
20.033
23.794
20.0386
10.3267
23.7941
20.0386
20.0493
23.8103
31.2464
20.0336
23.7948
23.7897
20.0339
23.7952
23.7901
23.7852
20.0293
23.7906
23.7857
31.2001
23.761
20.005
20.0152
20.0253
23.7869
31.1969
20.0112
23.7728
20.0165
20.0264
20.0363
23.798
23.7933
23.7888
23.7842
23.7797
20.0231
20.0327
20.0423
20.0518
23.8136
31.2245
20.0383
20.0477
23.8096
23.8052
20.0481
20.0574
23.8193
23.8149
23.8106
23.8063
23.8021
39.484
39.4856
19.9835
39.4887
38.9062
23.6837
13.9235
10.0898
23.6577
19.9006
10.1032
23.6586
19.9014
19.9105
23.6732
34.0678
19.8997
23.6625
23.6589
23.6554
19.898
23.6609
23.6574
19.8999
23.6628
19.9052
10.0933
19.9093
23.6722
19.9145
23.6774
19.9196
10.1137
19.9235
23.6864
23.683
23.6796
23.6762
19.9183
19.9266
19.9349
19.9431
19.9513
19.9594
19.9675
19.9756
34.1638
19.9687
23.7316
19.9732
23.7362
23.7328
19.9744
23.7373
23.734
23.7307
23.7274
23.7241
19.9655
23.7286
19.97
23.7331
34.1411
19.9603
23.7234
23.7203
23.7171
19.9584
19.966
23.7292
11.3316
19.9696
19.977
20.6881
23.7371
23.734
23.7309
23.7278
19.9688
19.9761
10.1129
19.9788
20.69
19.983
19.9901
19.9973
10.1402
23.756
23.753
19.9937
23.757
19.9976
23.7609
23.7579
34.1767
23.7419
23.739
20.6839
23.7331
39.5152
39.5163
39.5174
39.5185
16.8298
19.8911
23.6548
23.6522
10.0119
23.6454
23.6428
19.8835
23.6472
19.8878
34.0171
23.6395
23.6369
19.8775
23.6413
23.6388
19.8793
19.8861
19.8929
19.8996
23.6634
23.6609
19.9012
19.9079
19.9146
23.6784
19.9186
34.0551
19.9135
19.9201
23.6839
19.9241
23.6879
19.928
34.066
23.6804
23.678
23.6755
23.6731
19.9131
19.9195
19.9259
19.9323
19.9386
23.7025
22.633
23.6936
34.061
19.9224
19.9286
19.9348
19.941
19.9472
23.7111
10.0228
19.9467
19.9528
19.9589
19.9649
19.9709
19.9769
19.9829
19.9888
34.1516
34.1349
34.1183
19.9623
10.0379
19.9641
19.97
19.9759
19.9817
19.9875
10.069
34.1489
34.1326
19.9681
30.5804
34.1062
34.0901
19.9402
19.946
34.0907
30.5251
34.0566
34.0409
34.0252
34.0095
19.8882
19.894
19.8998
34.0189
30.4438
19.8832
19.889
34.0023
19.8848
33.9952
33.98
19.8708
33.9731
33.958
19.857
30.3791
19.8508
33.9422
33.9274
19.8373
33.9208
33.9061
23.5827
19.822
30.3152
23.5749
19.8142
17.1555
23.5817
17.1584
19.8239
19.8295
23.594
20.7275
23.5902
14.207
23.5806
23.5788
19.818
19.8235
23.588
14.2065
19.8195
19.825
19.8304
23.595
19.834
19.8394
14.2248
19.8372
19.8426
19.8479
19.8533
19.8586
19.8639
19.8691
20.5812
19.8725
19.8777
33.9797
30.3792
33.9502
33.9366
33.923
33.9095
19.8279
19.8331
19.8383
33.9185
30.3102
19.8241
19.8293
33.9046
19.8259
33.8988
33.8856
19.8139
33.8798
33.8667
19.8021
30.2558
19.7968
33.8535
33.8406
19.7852
33.8351
33.8222
19.7737
30.2051
33.8021
33.7895
19.7521
19.7573
19.7624
19.7675
19.7726
19.7776
19.7827
23.5475
19.7862
19.7912
19.7962
19.8011
9.82859
19.8028
19.8077
19.8127
33.8743
33.8619
33.8495
19.7935
9.82451
19.7952
19.8
19.8049
19.8097
33.8712
33.8589
33.8468
19.7909
9.82451
19.7925
9.83481
19.7943
19.7991
19.8038
19.8086
19.8133
33.8807
33.8687
23.5627
19.801
30.2569
23.5563
19.7947
17.1137
33.856
30.2416
33.8306
33.8189
33.8072
33.7956
19.7544
19.7591
19.7638
33.8042
33.7927
19.7535
30.1761
19.749
33.7814
33.77
19.7389
23.5039
17.0462
19.7446
19.7493
23.5143
20.6494
23.5115
14.1012
23.504
23.5027
19.7409
19.7454
19.75
19.7545
14.1113
19.7529
19.7574
17.0692
19.7643
19.7688
19.7733
33.8178
30.1934
19.7617
19.7661
33.8068
19.7635
33.8022
33.7913
19.7537
33.7868
33.7759
19.7441
30.1497
33.759
33.7483
19.7259
19.7304
19.7348
19.7392
19.7435
19.7479
23.5131
33.7734
23.5049
23.5037
19.7416
14.0855
19.7401
19.7444
19.7487
19.753
19.7573
14.1028
23.5166
33.78
19.7477
19.7519
23.5171
14.0978
20.4574
19.7479
19.7522
23.5173
23.5161
19.7539
17.05
19.7603
19.7645
19.7686
19.7728
23.5379
14.1175
19.77
19.7741
19.7782
19.7823
17.0788
23.5496
14.1327
23.5427
23.5414
19.7791
19.7832
23.5483
17.0815
19.7881
19.7921
23.5572
20.6928
14.1395
19.788
19.7919
17.0947
19.798
19.802
19.8059
19.8099
19.8138
14.1656
23.5734
33.8681
33.8582
33.8483
23.553
19.7905
30.2197
23.5478
19.7853
17.0864
23.5525
19.79
17.0916
19.7959
19.7998
19.8036
19.8075
19.8113
19.8151
23.5803
14.1635
20.5211
19.8111
19.8149
23.5801
19.8175
19.8213
19.825
19.8288
23.594
33.8963
23.5865
23.5853
19.8227
14.168
39.5332
39.5163
39.5967
33.8239
20.4858
23.5373
19.7746
33.8161
23.5339
23.5328
23.5316
23.5305
33.7991
19.7619
19.7656
19.7693
39.4574
23.5239
23.5228
23.5217
23.5206
33.782
39.4244
30.7063
39.3991
33.7314
19.719
23.4844
29.6025
39.3562
29.6557
23.4417
33.6661
30.0213
19.6661
19.6699
33.6579
19.668
33.6545
19.666
23.4315
39.6044
39.2784
39.2627
20.3422
33.5938
33.5853
23.383
23.3821
33.5736
39.2168
23.3656
19.6029
23.3685
33.552
29.8921
33.5338
33.5254
33.517
33.5087
19.5718
19.5756
19.5793
19.5831
19.5868
19.5906
19.5943
19.598
9.59846
9.60328
19.5974
19.6011
19.6047
19.6084
19.6121
19.6157
16.269
20.9379
19.6196
9.63186
19.6211
16.2844
19.6269
19.6305
19.6341
9.65201
15.4006
23.396
33.6004
23.3898
23.389
19.6261
33.5943
23.3864
11.4805
15.533
19.629
23.3946
15.1843
23.3955
11.4896
19.6361
23.4017
19.6387
20.4676
33.6108
33.6028
24.2584
23.3846
19.6216
23.3872
19.6243
11.4847
33.5957
15.38
15.5281
23.3885
15.1766
13.7864
19.6223
11.4827
19.6292
23.3948
33.5986
15.3891
23.3874
30.5367
19.6193
24.2037
19.1845
33.5677
15.3781
15.5208
23.367
15.169
19.1832
19.6009
11.4613
15.179
23.3717
33.5692
15.3893
33.5594
33.5518
23.3545
19.5915
23.3572
33.5463
15.3696
23.35
30.4849
19.582
24.1632
19.1583
33.5167
23.3301
11.424
15.4992
19.5722
23.338
15.1498
15.3693
23.3375
33.5194
23.332
23.3313
19.5681
15.3599
23.3324
33.5109
23.327
23.3262
19.5631
33.5058
15.345
16.9562
23.3245
15.1331
19.1462
19.5586
11.4188
16.5109
23.3309
33.5095
15.354
23.3241
33.4991
19.5562
24.1335
19.1389
19.139
23.3054
19.5422
19.5454
23.3112
23.3105
33.482
23.3052
33.4737
15.3398
15.3391
23.2973
33.4616
23.2921
23.2914
19.5282
15.1125
23.2957
33.4587
15.3275
33.4499
23.2847
23.284
23.2834
23.2827
33.4382
23.2776
15.0917
39.0861
19.5077
33.4252
23.2691
11.3627
16.9103
19.5108
23.2766
15.0897
33.4315
39.0776
30.3617
33.4053
33.3985
19.4891
39.0492
23.2468
23.2463
29.4532
33.3657
23.2296
30.544
23.2234
39.0018
33.3366
23.2105
23.2099
23.2094
23.2088
33.3259
15.0139
19.4429
19.4461
38.9845
33.3193
33.3128
23.9892
23.1886
19.4252
23.1912
19.4279
11.2879
19.4342
19.0188
19.4333
23.1993
23.1988
38.9644
38.9524
39.5868
33.2699
20.1138
33.2626
30.2058
22.8915
38.9011
33.2362
19.3821
33.2344
23.1441
33.2272
23.1395
23.139
38.8722
14.9336
23.1326
30.1592
33.2034
23.1241
11.2175
19.3639
23.1299
19.3665
20.1953
33.2081
23.8762
33.193
33.1868
33.1806
33.1745
19.3425
16.0185
19.3476
22.8382
39.5929
38.8156
38.8042
20.0332
33.1388
19.3192
23.0853
23.0849
33.1357
30.0792
38.7769
33.1123
23.7764
19.2958
19.299
33.1067
33.1007
19.2944
33.0993
19.2936
19.2967
19.2998
33.1068
33.1008
33.0949
19.2914
9.31136
19.2932
33.098
33.0921
33.0862
33.0804
19.2811
23.7484
33.0705
15.9434
33.068
19.2723
15.9447
19.2773
19.2804
19.2835
9.30784
9.31172
19.284
19.2871
19.2901
15.9736
19.2951
33.1045
23.7798
19.2881
19.2911
33.099
33.0933
19.2867
33.0919
19.286
19.289
19.292
19.295
15.9762
22.794
19.2988
15.9813
19.3037
19.3067
19.3096
9.34161
33.1258
15.0959
16.7057
23.0717
14.8826
18.8953
19.3062
11.1659
18.9005
23.0718
19.3082
19.3112
23.0773
23.077
33.1312
23.073
33.1248
15.1026
14.8845
23.0697
33.1201
15.1004
33.1133
23.0612
23.0608
23.0605
23.0601
33.1049
23.0562
14.8692
38.7552
19.2873
16.2359
23.0564
33.0988
15.0805
23.0516
33.0914
19.2844
23.7271
18.8682
15.0785
23.0403
33.0765
23.0364
23.0361
19.2725
33.0739
23.0352
33.0678
23.0313
23.031
38.7148
14.837
23.0256
30.0027
33.0478
33.0424
23.0149
11.1079
16.6541
19.2558
23.022
14.8333
33.0498
33.0445
38.693
38.6829
39.5861
33.0044
19.9367
32.9985
29.9428
32.988
38.6366
29.9224
32.9676
32.9624
19.1996
38.6151
22.9595
22.9592
34.3477
32.9376
22.9463
30.1118
22.9416
38.579
22.935
11.0279
19.1741
22.9405
19.1768
20.0054
32.9262
22.9395
22.9393
22.9391
22.9389
32.9191
14.7361
19.1734
19.1763
38.579
22.6625
39.592
38.554
38.5444
19.8599
32.8804
19.1465
22.9128
22.9126
32.8786
29.8232
38.5225
22.8998
19.136
19.8488
39.5964
32.8483
22.6074
38.4962
38.4868
19.113
18.6845
19.1128
22.8792
22.879
32.8275
23.494
19.1066
19.1094
32.8235
32.8187
19.106
32.8179
32.813
32.8082
19.0994
23.4777
32.8003
15.7638
32.7986
19.0925
19.0953
19.098
19.1008
32.81
32.8052
32.8004
19.0943
9.11637
19.0962
22.8626
22.8624
18.2813
19.8109
32.8063
32.8015
19.0946
23.4725
15.7643
32.7969
32.7921
19.0878
19.0905
19.0933
18.6682
22.8568
19.0929
32.7998
23.4704
32.7882
32.7835
32.7788
32.7741
19.0753
15.7522
19.0799
19.0826
16.0311
19.0881
19.0908
19.0935
32.8001
32.7955
32.7908
19.0872
9.11188
19.089
9.11759
19.0908
19.0935
19.0962
19.0989
22.8653
13.7575
19.0988
19.1015
19.1042
19.1068
9.13896
32.8228
32.8182
19.1027
23.1162
32.8099
19.0965
32.8092
19.0961
32.8084
32.8038
19.0929
23.1026
19.0897
32.7995
32.7949
19.0865
32.7942
32.7897
23.0857
32.7777
32.7732
32.7687
19.0687
19.0714
19.074
19.0766
19.0793
19.0819
32.787
32.7825
32.7781
19.0758
9.11122
19.0776
19.0802
19.0828
19.0854
19.088
9.12565
32.7969
32.7925
19.084
23.0961
32.7845
19.0781
32.7838
19.0778
9.12015
19.0796
19.0822
19.0847
19.0873
22.8538
13.7605
32.7954
32.791
19.0816
23.1001
19.0786
32.7868
32.7824
19.0755
19.078
22.8445
13.7538
19.0781
19.0806
19.0832
22.8496
19.0856
32.7969
32.7925
23.099
32.781
32.7767
32.7723
19.0685
19.071
19.0736
32.779
23.0862
19.0678
19.0703
32.7749
32.7706
19.0673
32.77
32.7657
32.7614
23.0688
19.056
22.8225
22.8224
19.0583
32.7567
21.587
19.0577
22.8242
16.0058
14.4297
19.0617
19.0642
19.0667
22.8331
32.7683
21.6005
22.8299
38.4176
31.6264
19.0528
37.4029
14.4174
21.5778
22.8124
32.7377
22.8096
22.8095
15.9911
22.8118
32.7362
32.732
21.5781
22.806
14.4061
22.805
19.0409
22.8074
19.0433
22.8098
32.7323
22.807
32.7278
21.5822
32.7231
22.8012
32.7187
22.7984
15.98
22.8008
38.3722
29.6592
22.7929
32.7053
19.0261
32.7047
38.3553
29.6423
32.6887
32.6846
17.8729
38.3385
22.774
22.7739
34.6864
32.6669
22.7653
32.6626
22.7627
38.313
38.3052
32.6428
22.7498
22.7497
22.7497
22.7496
32.6379
15.9286
32.6374
38.2881
18.9777
18.9801
18.9826
14.3299
18.9842
22.7508
22.7507
22.7507
22.7506
22.7505
22.7505
32.6376
22.7479
15.9294
38.2916
18.9811
32.6328
22.7451
18.9809
22.7475
19.7647
18.9832
18.9856
18.988
38.2969
38.2893
39.5952
32.6157
22.7347
32.6116
29.5573
22.7296
38.2584
18.9605
18.9629
18.9653
18.9677
22.7343
39.5982
22.7269
38.2532
38.2457
32.5835
13.5943
22.7124
22.7124
32.5771
22.7099
29.5227
38.224
32.5619
32.5581
22.8363
18.9285
22.6951
22.6951
18.9308
32.5546
32.5508
22.8301
32.5407
32.537
32.5332
18.9161
18.9185
18.9209
32.5399
22.82
18.9159
18.9183
32.5368
32.533
18.9159
32.5328
32.529
32.5253
18.9111
22.809
22.6728
14.4094
22.6742
18.9099
18.9123
18.9147
32.5313
32.5276
32.5239
18.9099
8.93113
18.9116
8.9361
18.9133
18.9157
18.918
18.9203
22.687
13.5749
32.5392
32.5356
18.9159
22.8269
32.5292
18.9111
32.5289
18.9111
22.6777
22.6777
18.9134
18.9157
18.918
18.9203
18.9226
8.94979
32.5456
32.542
22.8323
18.9149
22.6815
22.6815
18.9172
32.5387
32.5351
22.8264
32.5254
32.5218
32.5182
18.9031
18.9054
18.9077
22.6743
18.91
22.6766
19.6937
18.9122
18.9145
18.9168
32.5375
21.5002
22.6809
32.5334
22.6786
22.6786
22.6785
18.9142
22.6808
19.698
18.9164
18.9187
18.921
21.5201
22.6873
32.5418
22.685
22.685
22.685
22.685
18.9206
19.7044
18.9228
18.9251
18.9273
22.6939
18.9295
22.6962
19.7134
18.9317
18.934
18.9362
32.5631
32.5596
22.8397
18.9292
22.6959
22.6958
18.9314
32.5563
22.8377
18.9268
18.929
32.5534
32.5499
18.9267
32.5496
32.5461
32.5426
22.8244
32.5333
32.5298
32.5264
18.9109
18.9131
18.9153
18.9175
18.9197
18.9219
32.5421
32.5387
32.5352
18.9174
8.93773
18.919
32.5385
32.5351
18.9168
22.8211
18.9144
32.5322
32.5288
18.9122
32.5286
32.5251
18.91
22.8119
32.5192
18.9055
32.5189
18.9055
32.5187
32.5153
22.7998
32.5062
32.5028
32.4994
18.8922
18.8944
18.8966
32.5055
22.7907
18.8921
18.8943
32.5028
32.4994
18.8921
32.4992
32.4958
32.4925
22.778
18.8834
22.6501
22.6501
18.8856
32.4896
21.4814
18.8854
22.652
15.8333
19.0133
18.8891
18.8912
21.4932
22.6576
32.4972
22.6555
22.6555
18.891
19.0147
22.657
15.8382
22.6592
18.8947
22.6613
32.5019
22.6592
32.4985
21.5079
38.15
36.1047
22.7959
22.6439
18.8794
15.8273
24.3468
18.8816
18.8837
22.6503
24.3495
19.5943
22.6482
18.8837
32.4848
32.4815
22.6462
38.1334
36.0889
18.8731
22.7803
38.1181
32.4565
36.0697
22.6249
36.7554
37.834
24.2974
18.8491
38.0881
15.7928
32.4296
32.4264
38.0784
36.0342
32.4104
22.5992
38.0624
22.7121
32.3956
38.0476
32.3861
38.0382
38.0319
29.3199
22.5725
22.5725
22.6787
22.5684
35.9786
38.0107
22.5602
32.3492
22.5582
22.5583
18.7937
19.5501
18.7959
18.798
18.8001
32.3584
22.5649
32.3552
22.5629
15.7441
38.0104
22.561
29.2985
18.7945
32.3489
22.5592
18.7946
22.5614
22.5614
19.5511
22.5615
32.3488
18.795
12.708
22.5594
18.7948
18.7969
29.3019
38.0046
37.9985
32.3371
22.5517
32.334
32.331
29.2775
22.5458
37.9802
22.5419
14.4396
32.3184
22.5397
32.3154
37.9676
37.9616
37.9555
29.2437
32.2912
29.2377
37.9404
22.5162
18.7516
32.2822
22.5165
32.2792
37.9315
29.2198
32.2672
32.2643
16.6525
22.5069
37.9195
31.6638
32.2521
22.4971
22.4972
37.9045
32.2433
32.2403
32.2374
22.4877
22.4878
37.8898
29.1781
37.881
32.2198
32.2168
32.2139
22.4726
29.1606
14.3527
22.4706
22.4707
37.8632
22.467
22.4671
19.4568
18.7025
18.7046
18.7067
18.7088
22.4756
32.2143
12.6061
22.4716
18.707
22.4738
22.4739
22.5057
22.4701
35.8322
37.8569
22.4624
32.1958
22.4607
22.4608
18.6962
19.4526
18.6983
18.7004
18.7024
22.4692
32.2051
12.6004
22.4653
18.7007
22.4675
22.4676
32.2032
22.4658
22.4659
37.8559
32.1947
18.6957
32.1948
18.6959
18.6979
22.4647
22.4649
18.7002
22.467
37.8565
32.1954
32.1925
18.6949
8.69227
18.6965
12.5964
32.1939
32.191
22.4575
12.5926
22.4555
32.1862
22.4538
22.4539
22.454
22.4541
19.4439
18.6895
18.6916
18.6936
18.6956
18.6976
22.4644
22.4645
19.4543
8.69878
18.6995
18.7015
37.8603
32.1992
18.698
18.7
15.5294
22.4681
19.4579
12.6038
32.2024
18.6996
37.858
32.1969
32.1941
12.596
18.6922
22.459
18.6943
18.6963
22.4631
22.4632
8.70142
8.77853
18.6978
15.5373
18.7011
18.703
32.21
22.4681
37.8627
32.2017
12.6052
22.4607
18.6959
19.4523
22.4628
22.4629
19.4526
22.5031
22.4594
35.8159
37.8452
22.4522
32.1842
18.6857
22.4525
14.3488
22.4524
18.6876
22.4544
18.6897
22.4565
18.6917
18.6937
37.8512
35.8122
22.4866
22.4495
18.6848
18.6867
32.1857
18.6869
18.6889
18.6908
22.494
37.8424
32.1814
35.7998
22.445
36.8892
37.5485
32.1616
18.6707
37.8173
22.46
22.4303
35.7722
37.8019
22.4232
32.141
22.4216
22.4218
19.4114
32.1386
22.4203
22.4204
37.7917
32.1307
18.6504
32.1309
12.5584
18.6487
22.4155
37.7847
32.1238
18.6455
32.124
37.7769
32.116
22.4055
12.5488
22.4036
32.1116
22.4021
22.4022
37.7647
32.1038
12.5414
32.0992
32.0966
22.3919
22.392
22.3921
18.6273
22.3942
18.6294
22.3962
37.7557
32.0949
32.0923
18.6247
8.63503
18.6262
12.5392
22.3911
22.3912
19.3809
18.6266
18.6285
18.6304
18.6323
22.3991
8.64584
32.1058
32.1033
22.3956
12.5444
22.3938
32.0989
22.3922
22.3924
18.6276
22.3944
22.3945
19.3842
22.3948
32.0997
18.6283
12.5437
22.3932
18.6284
18.6303
22.3971
22.3973
15.4783
18.6337
18.6356
22.4025
22.4026
8.65196
8.72901
32.1127
12.5549
18.6336
22.4004
37.7667
32.1059
18.6306
32.1061
32.1036
32.101
18.6276
18.6295
37.7596
32.0988
12.5453
37.75
32.0892
32.0867
22.3828
22.383
37.7401
32.0793
18.6132
32.0795
18.6134
18.6153
22.3821
22.3823
22.3824
18.6175
19.3739
18.6195
18.6214
18.6232
22.3901
22.3902
19.3798
18.6255
18.6273
18.6292
18.631
22.3978
18.633
18.6348
18.6367
22.4035
37.7686
22.4003
32.108
32.1055
37.7587
22.3939
22.394
32.0981
32.0957
22.391
12.4065
22.389
32.0913
22.3876
32.0889
37.7422
32.0814
32.079
12.3961
32.0745
32.072
22.3745
22.3746
22.3748
22.3749
18.61
22.3769
22.377
8.62528
14.7571
32.0749
32.0725
22.3744
37.7259
32.0652
22.3697
32.0629
18.6032
18.6051
22.3719
32.0659
22.3705
12.3886
22.3686
37.7173
32.0567
18.5989
32.0569
32.0545
8.61306
22.3623
22.3625
22.3626
22.3627
19.3087
22.363
18.5981
18.5999
30.1712
30.9221
18.5983
18.6001
18.6019
22.3688
18.6039
22.3707
18.6058
22.3726
18.6077
22.3746
32.0696
32.0672
32.0648
18.605
22.3719
32.0651
32.0627
34.6657
32.0555
18.5992
18.601
32.0583
22.3663
32.056
22.3649
14.9407
22.3663
18.6014
22.3682
32.0587
18.6018
30.1752
30.9076
18.6002
30.9072
32.0539
18.5987
18.6005
18.6023
22.3691
22.3693
18.6043
18.6061
22.3729
18.608
18.6098
30.1878
30.9125
32.0649
18.6067
22.3735
18.6086
18.6103
37.7262
22.374
37.7215
18.6059
18.6077
18.6094
30.1879
32.0661
30.9027
18.6064
18.6081
18.6099
14.9437
22.378
30.1908
30.9065
18.6097
18.6115
18.6132
22.38
18.6151
22.3819
18.6169
22.3838
18.6188
30.9152
32.0791
18.6174
18.6191
18.6208
22.3877
22.3878
18.6228
18.6245
22.3914
18.6264
22.3932
32.0923
32.09
32.0877
18.6238
22.3906
32.088
32.0856
34.6888
32.0786
22.3832
32.0764
22.3818
14.9403
22.3832
18.6182
22.385
32.079
18.6186
30.2035
30.8977
18.617
32.0767
32.0745
34.6776
37.7234
37.7187
37.714
29.003
37.7071
22.3641
32.0466
37.7002
22.3598
22.3599
22.36
22.3602
32.0402
32.0379
34.6411
37.6869
37.6823
37.6777
28.9667
37.6708
22.3408
37.6663
32.0058
22.3365
22.3366
22.3368
22.3369
18.5719
30.1352
30.8104
22.3356
15.5163
37.6603
37.6558
22.3315
37.6513
22.3286
37.6469
34.5919
37.6377
8.61421
37.6337
22.3166
37.6293
34.5743
37.6202
18.5426
18.5443
30.0941
18.5445
18.5462
18.5479
18.5496
14.8626
15.4983
31.9769
30.1046
18.5514
31.9749
30.7735
31.9703
22.3138
31.9683
22.3126
18.5475
14.8587
22.3156
22.3158
37.6269
31.9665
31.9643
31.9621
31.96
28.9073
37.6115
31.9511
37.6049
28.894
31.9423
22.296
37.5962
31.9358
22.2918
31.9339
18.5254
31.9342
28.9494
31.9299
34.5332
31.9233
37.577
31.9167
22.2796
14.8175
18.5158
22.2827
31.9193
22.2814
31.9174
31.9152
22.2789
22.279
22.2792
14.8153
18.5154
22.2823
31.9182
31.9161
22.2797
22.2799
37.5703
22.2771
31.9101
22.2759
18.5109
18.5126
37.569
18.5114
30.691
27.5517
30.0375
39.6265
18.5008
37.5519
19.2106
22.265
31.8919
39.6275
37.5392
35.2535
39.6273
34.4727
37.5188
37.5145
37.5101
31.8499
31.8478
31.8457
22.2334
18.4683
19.369
20.668
18.4702
18.4719
14.7704
18.4748
39.629
27.4911
37.4989
37.4946
22.2269
22.2271
31.8348
28.7845
22.2246
31.8309
22.2235
18.4584
20.6579
19.3592
22.2256
22.2258
22.2259
18.4608
12.7517
29.9705
30.6112
18.4585
18.4601
18.4618
22.2287
18.4637
22.2306
18.4655
22.2324
18.4673
18.469
18.4706
29.9875
31.8471
30.6199
18.4681
18.4697
18.4714
14.7675
22.2395
22.2397
31.8523
31.8503
31.8483
18.4707
22.2376
31.8489
31.8468
34.4504
31.8406
22.2311
37.4947
28.7841
37.4885
22.2245
31.8285
31.8265
34.43
31.8203
31.8183
31.8163
22.2155
18.4503
37.4728
31.8127
28.8282
37.4647
22.2092
37.4607
31.8005
37.4545
28.7439
31.7923
22.2001
37.4466
31.7864
22.1963
31.7846
18.4299
31.7851
28.8007
31.7811
34.3847
31.775
37.429
37.4249
22.1837
37.421
34.3664
37.4127
28.7021
31.7506
37.4047
31.7445
31.7426
22.168
22.1682
31.7411
22.1672
22.1674
8.43794
31.7402
22.1662
14.6837
22.1675
31.7406
22.1665
14.6838
22.1679
18.4027
22.1697
31.7437
18.4033
29.8902
30.4953
18.4022
31.7423
22.1679
18.4028
28.6925
37.3971
31.737
22.1646
18.3995
18.4011
18.4027
14.6836
18.4055
31.7467
29.8923
18.4046
31.7451
30.4917
37.3972
22.1662
37.3933
22.1638
30.4805
31.7314
18.396
18.3976
18.3992
34.3421
37.3885
37.3845
37.3805
31.7204
28.668
22.1532
31.7168
31.7149
37.3691
37.3651
34.3106
31.701
37.3552
31.6951
22.138
37.3495
31.6895
31.6876
37.3418
22.1306
18.3654
22.1324
8.39637
31.6851
31.6833
31.6814
34.2851
37.3316
37.3276
37.3236
28.6132
37.3178
22.1147
37.3141
31.6541
22.1111
22.1113
22.1115
22.1117
22.112
22.1122
14.6175
18.3482
31.658
31.6562
34.26
37.3065
37.3025
37.2986
28.5881
37.2928
22.0987
31.6331
37.2873
22.0952
22.0954
22.0957
22.0959
22.0961
22.0963
18.3311
8.3579
37.2879
22.0954
37.2842
22.0931
18.3279
14.5979
18.3306
31.6311
31.6293
15.2756
18.3315
18.3331
18.3347
18.3363
17.3758
18.3393
22.1063
22.1065
8.29519
22.1064
39.6457
18.3359
36.5955
37.2872
31.6272
26.4048
39.6451
18.3208
39.6367
39.6455
17.353
37.2589
8.26652
18.3104
18.312
37.2602
39.6444
37.2483
17.3471
39.6446
22.0649
8.25661
22.0649
18.2997
18.3013
18.3029
18.3045
18.306
22.0731
22.0733
18.3081
17.3542
36.5939
22.0713
8.26335
22.0712
39.643
37.2415
39.6433
39.6347
37.2219
39.6437
8.23849
18.28
17.3316
31.5591
37.2134
18.2793
18.2809
18.2825
17.0359
18.2855
22.0525
22.0528
8.24659
18.2873
17.0438
31.5704
37.2247
31.5649
37.2192
31.5593
39.6422
39.6423
29.686
29.7808
18.258
39.6396
39.6397
31.5139
31.5121
18.2498
22.0168
18.2516
22.0187
31.5156
31.5139
31.5122
31.5104
22.0145
18.9605
31.5093
31.5076
22.0128
37.1623
16.9903
18.2465
31.5069
29.7804
31.4959
29.6865
39.6392
39.6393
39.6395
37.1198
21.9816
37.1164
18.2139
37.115
31.4552
37.1096
21.9751
39.6406
29.6118
39.6391
31.4314
37.0858
37.0821
31.4224
21.9554
21.9557
18.1904
31.4237
39.6403
31.4164
37.0708
29.7809
29.6869
39.6377
39.6378
39.6379
21.9236
21.9239
29.6125
39.6367
37.0176
37.0139
21.9103
37.0107
31.351
37.0054
18.1392
39.6377
39.6379
29.6873
29.7821
39.635
39.6351
31.3036
21.8749
31.3023
31.3007
36.9552
36.9516
18.1029
39.6362
39.6363
29.6878
29.7826
21.8471
39.6336
39.6338
31.2505
31.2489
18.0725
31.2497
21.8387
21.839
21.8392
39.6348
29.6882
29.783
39.632
36.8743
39.6322
21.8121
31.2096
36.8642
21.8091
21.8094
39.633
21.8061
29.6887
29.7835
31.1823
39.6305
39.6306
36.8221
39.6309
31.1571
31.1556
31.154
36.8086
31.149
36.8036
39.6318
39.6319
36.7874
29.7834
39.6308
39.6309
39.631
39.6311
36.7497
7.94083
17.9668
17.9684
36.7516
39.6302
36.7408
16.7453
39.6304
39.6305
29.6894
29.7843
39.6278
36.702
21.6997
39.6282
29.6901
39.6268
39.627
29.7849
21.6743
39.6259
36.6568
36.6535
30.994
21.6658
36.6491
21.664
21.6643
30.9905
30.9891
36.6437
30.9842
17.894
36.6412
30.9818
30.9803
29.6902
39.6264
39.6265
39.6267
39.6268
36.6013
30.9419
30.9405
36.5951
21.6283
30.9362
36.5908
17.8599
30.9338
21.6263
21.6266
36.5893
21.6248
36.5865
39.6287
30.9219
17.853
17.8546
17.8563
16.6456
17.8593
21.6266
21.6269
21.6273
7.83794
21.6276
17.8623
17.8639
17.8655
17.8671
17.8687
21.6359
7.84747
17.8706
17.8722
36.6083
39.6279
36.5979
16.6556
39.6281
39.6283
29.6901
29.785
39.6256
36.5604
39.6258
21.6013
17.836
16.6337
39.6262
21.6001
7.815
21.6004
39.625
36.5446
39.6253
36.5999
36.5273
39.6257
36.5171
39.6259
39.626
30.8438
29.6907
29.7856
30.8255
39.6236
39.6238
17.7804
30.8163
30.8149
21.5459
36.4701
17.7785
21.5458
36.4698
24.6584
30.8079
39.6239
36.5986
39.6242
39.6243
36.435
17.7551
21.5224
17.7571
17.7587
17.7603
17.7619
17.7635
29.6909
39.624
39.6241
39.6243
39.6244
36.4142
30.7549
30.7536
36.4083
21.5032
30.7496
36.4044
17.735
30.7475
21.5015
21.5018
36.4032
21.5002
36.4006
39.6262
30.7364
36.3911
30.7319
36.3866
17.7237
39.6269
39.6271
29.6904
29.7853
39.6245
39.6246
30.6897
21.4627
30.6889
30.6876
39.6252
36.3356
39.6254
17.6848
36.6002
39.6258
30.6584
36.3132
36.3101
17.6726
39.6264
30.6484
36.3032
29.785
29.6909
39.6241
39.6242
39.6243
21.4111
39.6246
21.4071
29.6162
39.6233
36.2502
36.2471
30.5879
36.2428
36.2397
17.6249
30.5829
21.3915
36.2383
30.5792
21.3891
17.6238
17.6254
15.3633
39.6265
39.6266
36.6012
39.6269
24.4036
39.6259
30.5512
29.7852
30.542
21.3645
27.5014
30.5401
30.5388
30.5376
36.1925
30.5334
39.6259
39.626
29.6907
29.7856
17.5729
39.6236
39.6237
30.4956
30.4944
36.1492
21.3305
21.3309
21.3314
30.4919
36.1467
30.4877
39.6249
30.4817
39.6251
39.6252
39.6254
39.6255
30.4596
29.6908
29.7858
39.6231
39.6232
39.6233
17.5209
39.6236
36.0784
36.0754
21.2813
30.417
30.4158
21.2803
36.0713
30.4123
30.4111
39.6247
17.5084
36.0636
39.6251
17.505
39.6253
39.6254
17.5004
17.502
36.0537
39.6259
17.4986
17.5002
17.5018
19.108
36.0537
30.3947
21.267
17.5016
21.2691
17.5037
30.3995
21.2704
36.055
39.6275
36.0474
39.6277
30.382
17.4931
39.6281
39.6282
21.2544
39.6284
39.6285
29.6151
39.6272
36.0103
30.3513
27.3103
29.909
39.6265
39.6267
36.5782
39.6269
36.5825
17.436
30.2979
39.6274
17.4304
39.6276
39.6277
39.6278
38.3905
29.6155
29.6159
39.6246
21.1545
17.3891
16.1902
17.3922
27.1932
21.159
30.2327
21.1587
17.3933
36.6001
35.8826
39.6259
39.626
39.6261
39.6262
36.5777
39.6264
39.6266
29.9093
39.6256
17.3411
39.6258
35.8025
30.1436
21.0997
17.3343
17.3359
39.6265
29.6906
29.7855
39.624
35.778
39.6243
35.7707
30.1119
39.6246
36.5802
39.6248
39.625
29.9098
39.624
29.6913
39.6228
39.6229
29.7862
21.024
39.6219
35.6833
35.6806
30.0218
21.0174
35.6775
21.0161
21.0166
30.0201
30.0191
18.8528
35.6748
39.6232
17.271
30.014
17.2712
17.2713
30.0178
35.6728
21.0134
21.0139
39.6242
21.0115
29.6912
29.7861
29.9967
39.6221
39.6222
35.6395
39.6224
29.9764
29.9754
29.9744
29.9734
35.6284
29.7861
39.6219
39.622
39.6221
39.6222
35.5974
29.9387
35.5937
20.9603
29.9357
35.5908
29.9321
17.2708
29.9335
20.9589
20.9594
20.9599
35.5907
35.588
29.9293
39.624
29.924
29.923
29.922
29.9211
20.951
17.8973
29.9215
29.9206
20.9509
35.5763
16.0634
17.2729
17.273
18.7926
29.9254
17.2733
20.9559
17.2735
29.9299
17.2737
17.2738
20.9607
20.9612
29.6157
38.3919
39.6247
39.6248
39.6249
39.625
35.5381
32.4908
29.8768
17.2732
17.2733
39.6257
39.6258
29.9095
39.6248
35.5016
36.5764
17.2729
39.6253
17.2731
29.8326
29.5394
23.6775
29.8285
17.2723
39.6247
35.48
20.8854
17.2727
17.2728
36.5808
39.6254
36.5769
29.616
38.3924
39.6238
39.6239
39.624
39.6241
35.4078
29.7494
32.3597
17.2723
17.2724
39.6248
39.6249
29.9098
39.624
35.372
36.5756
39.6243
36.5799
17.2722
29.6936
17.2724
29.404
29.694
39.6248
39.6249
39.625
39.6251
29.6748
29.6739
20.7866
17.2732
17.2733
17.2735
20.7921
35.3375
29.6793
18.629
20.7909
17.274
29.6823
19.322
17.2738
20.7942
29.6849
29.684
20.7937
26.6437
29.683
17.2746
20.7948
20.7953
17.2749
35.3442
35.3417
29.6835
29.6826
39.6278
17.2756
39.628
17.2758
39.6282
20.7872
39.6284
29.6151
35.3192
29.9091
39.6263
39.6264
39.6265
39.6266
36.5781
39.6268
36.5824
29.6043
39.6271
17.2749
39.6273
39.6275
39.6276
38.3907
29.9091
39.6262
36.5777
39.6264
39.6265
36.5822
39.6267
39.6268
17.2746
29.6156
38.3916
29.616
39.624
29.4677
29.4669
17.272
39.6244
17.2722
29.4637
35.1183
26.42
32.0704
20.6426
17.2729
29.4605
18.4825
20.6448
17.2732
19.1779
17.2729
20.6488
39.6255
29.9096
36.5759
39.6246
36.5803
39.6249
39.625
39.6251
17.2729
29.6161
29.6164
38.3931
39.6223
29.3708
29.37
17.2703
17.2704
39.6228
39.6229
39.623
29.9104
36.5735
39.6222
36.5778
39.6224
39.6225
29.6168
29.6172
17.2677
38.3944
39.6197
17.2675
17.2676
29.2762
39.6202
29.2684
34.9228
17.2682
31.8783
17.2684
19.0531
20.515
29.2691
29.2684
17.2684
18.8195
20.5165
39.6206
39.6207
39.6208
29.2581
39.621
20.5053
29.2543
17.269
17.2691
20.5088
20.5094
17.2694
29.2626
29.2619
20.5108
17.2698
17.2699
36.5779
39.6225
36.5739
39.6227
39.6228
29.9105
17.2696
39.622
29.2159
29.2152
20.4797
17.4261
29.2162
20.4805
20.4811
16.0678
28.5335
29.2186
17.2705
29.2203
17.2707
17.2708
20.4867
20.4873
20.4879
19.0226
17.2708
20.4903
20.4909
29.2316
16.0665
31.8436
39.6236
38.3926
34.8683
29.6166
39.6221
29.6169
17.2687
29.1883
39.6212
29.1822
39.6214
28.8878
17.269
29.1745
18.9894
20.4525
29.175
20.4527
20.4533
18.2902
18.7564
17.2689
20.4562
39.6215
38.3937
29.6172
29.6176
39.6186
39.6188
29.1297
39.619
39.6191
29.9117
34.7591
39.6183
31.7054
17.2662
36.57
17.2664
39.6188
36.5744
34.7321
17.2668
29.0774
29.0768
17.2671
17.2672
29.081
26.0393
28.7975
17.2674
29.6176
17.2662
29.6179
17.2651
39.6175
39.6176
38.3956
39.6173
34.6937
39.6175
39.6176
31.6317
39.6178
39.6179
29.912
17.2647
34.652
28.9951
36.5688
39.6175
36.5731
28.6958
29.6183
39.6163
29.6186
39.6152
39.6153
39.6154
28.9286
34.5826
31.5358
17.2635
17.2636
39.616
29.9127
39.6151
39.6152
34.5522
36.5668
39.6155
36.5712
17.2634
28.8778
28.8772
28.6012
17.2636
28.8782
28.8776
28.877
28.8764
20.2519
16.0794
17.2642
17.2643
17.2644
17.2645
17.2646
17.2647
17.2648
17.2649
17.2132
16.0778
28.2264
34.5556
14.2107
20.2693
33.3949
28.8996
28.899
31.5026
28.8963
28.8957
28.8951
20.2649
20.2655
20.2662
20.2668
28.8982
17.266
28.9
18.8101
18.1031
17.2659
20.2708
18.5783
20.2716
17.2658
17.2659
17.266
17.2661
17.2662
20.2805
39.6187
39.6188
39.6189
20.273
24.5602
39.6179
17.2657
36.4959
7.25645
34.5527
17.2644
34.553
28.8963
17.2647
17.2648
7.25662
17.2637
17.2638
39.6163
17.264
17.2641
34.5623
39.6167
20.2685
17.2646
36.4966
34.553
39.6168
39.6169
28.8891
17.2648
39.6172
7.25661
39.6161
20.2569
20.2576
24.5419
7.25721
17.2617
17.2618
20.2591
20.2598
34.5442
20.2591
7.25738
20.26
17.2612
17.2613
17.2614
17.2615
20.2672
17.2617
17.2618
7.25749
17.2607
17.2608
17.2609
17.261
17.2612
17.2613
17.2614
20.2827
7.2576
17.2604
17.2605
20.2869
20.2875
34.5865
20.2868
7.25777
20.2877
17.2599
17.26
17.2601
17.2602
28.942
34.5962
20.2931
17.2606
39.613
39.6131
39.6132
39.6133
39.6134
28.919
28.9184
28.9178
39.6138
28.9137
17.2617
39.6141
39.6142
34.5602
39.6144
28.8985
39.6146
34.5476
39.6148
28.8874
17.2627
28.8891
28.8886
20.2597
25.8371
28.8883
17.2633
17.2634
28.8924
7.25702
17.2624
17.2625
39.6149
17.2627
17.2628
34.5535
39.6153
28.8918
39.6155
30.8507
34.5398
28.8831
39.6152
39.6153
39.6154
20.2462
17.2633
39.6157
39.6158
39.6159
39.616
39.6161
28.8491
28.8486
34.5026
28.846
25.7936
28.8449
39.6168
39.6169
39.617
39.6171
39.6172
28.8227
34.4767
28.8201
28.8196
28.819
34.473
17.2656
25.7669
28.8183
17.2658
28.82
20.215
34.475
28.8184
39.6187
28.8144
28.8139
39.6189
28.8099
34.4639
39.6192
20.2049
17.2671
39.6195
39.6196
39.6197
39.6198
28.7877
28.7871
39.6201
28.7832
17.268
34.4395
34.4375
39.6206
17.2684
20.1894
39.6209
39.621
39.6211
39.6212
28.7615
28.761
39.6214
28.757
20.1741
17.2694
34.4142
28.7578
34.4117
17.2698
39.6222
28.7528
39.6224
39.6225
28.7426
39.6227
39.6228
28.7353
34.3893
28.7329
17.2708
34.3891
28.7327
25.6802
28.7317
39.6236
39.6237
34.3789
28.7225
20.1519
34.3773
28.7209
24.3668
17.2708
28.7196
17.271
20.1513
17.2712
36.4924
34.3739
39.6235
39.6236
28.7109
17.2714
39.6238
7.25468
39.6228
20.1406
20.1412
24.3553
28.7043
39.622
39.6221
39.6222
28.6895
39.6224
39.6225
17.2703
39.6227
39.6228
39.6229
34.3276
28.6713
24.3186
34.3221
28.6658
17.2699
28.6676
34.3215
25.6131
34.3191
28.6628
28.6623
14.5902
20.1134
39.6235
39.6236
39.6237
39.6238
39.6239
28.6447
28.6442
28.6437
34.2976
28.6413
25.5887
28.6404
34.2942
17.2724
17.2725
28.6426
34.2965
28.6402
28.6397
28.6393
20.0968
39.6255
39.6255
28.6331
39.6257
39.6258
39.6259
39.626
28.6139
39.6262
39.6263
39.6264
28.6036
39.6266
17.2744
28.6021
28.6017
34.2555
34.2536
25.5453
24.2394
34.2482
28.592
28.5915
34.2453
17.2741
28.5915
24.2342
39.6255
34.2376
39.6257
39.6258
17.2736
36.4909
34.2265
20.0514
17.2736
28.5737
17.2738
17.2739
39.6263
39.6264
36.4906
39.6262
34.216
24.2033
34.2111
20.041
28.5559
17.2733
17.2733
17.2734
17.2735
17.2736
17.2737
39.6261
39.6262
24.2064
39.6252
34.2108
36.4913
34.204
17.2729
20.0378
28.5512
17.2732
17.2733
17.2734
17.2735
20.0444
25.5101
28.5604
28.5599
20.0442
20.0448
20.0455
39.6265
39.6266
17.2744
36.5821
29.6155
34.1909
36.491
39.6256
20.0222
39.6258
17.2736
39.626
17.2737
39.6261
24.1649
17.2728
34.1748
28.5188
17.2731
17.2732
28.5229
17.2734
20.0209
17.2735
17.5146
34.1831
24.1708
17.2727
39.6251
39.6252
39.6252
39.6253
17.2731
17.2732
28.5168
34.1705
20.0141
17.2736
28.5177
28.5173
17.2738
20.0173
17.274
17.2741
28.5246
20.0208
39.6267
34.1761
39.6269
39.627
39.6271
17.2748
17.2749
36.49
34.1632
20.0097
17.275
28.5104
17.2751
28.5122
28.5118
17.2754
34.1678
17.2756
28.5141
16.1591
20.0157
17.2758
28.5189
17.276
28.5208
28.5203
17.2763
34.1763
28.5204
17.2765
17.2766
34.1786
28.5226
36.4889
17.2767
20.0186
39.6291
20.0172
17.277
39.6294
20.0173
17.2773
28.5206
34.1744
17.2776
17.2776
28.5229
17.2778
17.2779
20.0239
20.0245
20.0251
17.2783
28.5319
17.2784
16.1552
28.5358
34.1896
17.2787
17.2788
28.5381
17.2789
17.279
20.0344
20.035
17.2793
28.5462
17.2795
20.0384
34.2031
17.2797
17.2798
17.2799
17.28
17.2801
20.0454
7.25221
17.2792
17.2792
20.0494
20.05
34.2206
39.6319
39.632
39.6321
20.0425
24.1907
39.6311
17.2789
36.4875
7.25262
34.2015
17.2778
34.202
28.5459
17.2781
17.2781
34.2042
28.5482
34.202
17.2785
20.0382
34.2033
34.2016
39.6311
17.2789
20.036
39.6314
39.6315
39.6316
39.6317
28.5279
28.5275
39.6319
28.5239
24.1595
39.631
34.1704
39.6312
39.6313
36.4875
34.1578
28.5018
34.1556
39.6314
20.004
17.2793
39.6317
39.6317
39.6318
39.6319
39.632
24.1164
39.631
34.1286
36.4876
34.1222
19.9837
28.4672
39.6312
39.6313
34.1122
39.6315
28.4519
39.6317
34.1013
28.4455
17.2796
28.4473
28.4468
39.6322
39.6323
39.6323
39.6324
28.429
39.6326
39.6327
39.6328
28.4196
39.633
17.2807
28.4183
28.4179
34.0716
34.0699
25.3617
24.0477
34.0649
28.4091
28.4087
34.0624
17.2805
28.4088
19.9457
17.2808
17.2809
39.6332
39.6333
39.6334
39.6335
39.6336
28.3948
28.3944
28.394
34.0477
25.3395
28.3915
28.3911
39.6343
39.6344
39.6344
28.3779
39.6346
39.6347
17.2825
39.6349
39.635
39.635
34.0174
28.3617
23.9931
34.0125
28.3568
17.2821
28.3587
34.0123
25.3041
34.0102
28.3545
28.3541
14.5953
19.9118
7.25134
17.2822
17.2823
17.2824
39.6348
39.6348
39.6349
39.635
39.6351
28.3462
33.9998
28.3442
28.3438
28.3434
33.997
17.2834
25.291
28.3432
17.2837
28.345
19.9042
33.9995
28.3439
39.6364
28.3405
28.3401
39.6366
33.9908
36.4842
28.3306
28.3302
28.3299
39.6368
33.9805
28.3249
28.3245
33.9781
19.8898
17.285
39.637
39.6375
39.6376
39.6377
39.6377
28.3058
28.3054
28.305
39.616
28.3017
17.286
33.9575
23.9296
17.2851
39.6127
39.6375
39.6056
17.2854
39.6048
17.2856
39.6041
25.2372
28.2894
39.6382
39.6383
39.592
33.9317
39.6385
39.5833
39.5804
39.6388
39.5733
36.4829
39.5659
33.9055
23.877
33.9011
19.8388
28.2466
17.2858
17.2859
17.2859
17.286
17.2861
17.2862
19.8482
17.2864
17.2864
17.2865
25.2157
28.2665
39.5774
30.192
33.9149
19.8482
28.2603
19.8487
25.2097
28.2605
28.2602
19.8487
39.6393
28.2566
39.6395
39.6396
28.2479
39.5589
39.556
28.2418
33.8953
28.2399
17.2878
33.8955
28.2401
25.1871
28.2394
39.5503
39.5475
33.8871
28.2317
19.8302
33.8861
28.2306
23.8544
17.2878
28.2297
17.2879
33.8854
30.1569
39.5391
28.2249
28.2246
39.5355
39.5327
33.8723
23.8419
28.2142
28.2139
33.8673
17.2873
28.2141
39.6398
39.6398
39.6399
25.1487
39.6401
39.5083
28.1942
28.1938
17.2881
28.1957
33.8491
28.1938
33.8472
28.1918
28.1915
28.1912
28.1908
28.1905
33.8439
17.289
39.502
33.8417
39.6415
39.6416
39.4894
39.4866
39.6419
28.1685
28.1681
33.8216
28.1662
28.1659
25.1128
28.1653
33.8187
17.2903
17.2904
33.8214
28.1661
28.1658
28.1655
19.7868
28.1661
39.4769
17.291
28.1651
33.8185
28.1632
17.2914
25.1122
28.1647
28.1644
17.2917
28.1662
28.1659
39.4767
33.8165
39.4724
28.1584
39.4692
33.809
28.1537
17.2925
39.6448
23.7706
39.6439
39.456
39.644
17.2918
39.6442
39.4473
39.4445
25.0792
28.1302
17.2923
29.6105
39.6437
36.5991
36.5936
39.4137
36.5935
39.6441
31.1425
39.6435
36.5931
39.6436
19.7155
29.8596
29.611
19.7055
29.6112
24.983
33.6892
28.0341
28.0338
28.0335
28.0332
39.3439
28.0302
33.6835
17.2894
39.6418
39.6418
28.0226
28.0223
39.6421
39.6422
17.2899
28.0162
39.3269
39.3242
17.2903
39.3236
39.3209
39.3181
33.658
14.5985
28.0055
28.0052
28.0049
36.599
36.5936
29.6107
31.143
39.2857
36.5918
39.6423
39.6424
27.9493
19.6425
39.6426
17.2904
27.9457
29.611
29.6113
29.8605
19.6237
36.5896
19.621
39.6402
33.5647
27.9098
39.2203
27.9068
27.9066
19.6134
19.6141
27.9082
19.6146
27.9089
33.562
27.9071
24.8538
33.56
27.9051
27.9049
29.6114
29.8606
39.6397
29.6118
36.5884
39.6389
39.639
36.5886
36.5895
19.5679
31.1442
39.1433
36.5885
29.6121
39.1245
36.5932
39.6379
39.1093
17.2858
27.7982
39.1086
17.286
27.7974
27.7972
24.7453
19.5397
27.7977
33.4507
27.796
17.2867
17.2867
27.8001
24.7467
27.7996
27.7994
39.1098
33.4498
27.7951
39.1055
39.1029
27.7896
33.4426
17.2877
23.4149
39.0982
27.7849
39.6392
39.6393
39.0876
39.6394
39.0812
17.2873
39.6397
36.5902
39.6398
39.062
39.0594
29.8607
29.612
29.6123
36.5868
39.6373
27.7121
19.4827
39.6376
19.4777
39.6377
36.5874
31.1447
17.2849
36.5871
29.6125
17.2841
36.5918
39.6366
27.6609
24.6074
27.6605
38.9708
27.6577
27.6575
33.3104
39.6372
39.6373
39.6373
33.2976
38.9536
17.2853
27.6428
39.6377
38.9492
27.6362
38.9464
16.925
17.2858
17.2859
17.2859
19.4357
27.6419
38.9521
33.2922
29.5664
27.6358
19.4321
19.4328
27.6376
19.4334
29.6122
29.8615
39.6368
39.6368
39.6369
36.5866
36.5875
19.4014
38.9014
38.8988
39.6374
36.587
38.8829
31.1448
36.5868
29.6126
36.5914
17.2838
39.6362
17.284
27.5398
38.8499
19.3658
19.3665
19.3672
17.2845
19.3694
38.8535
17.2847
17.2848
17.2848
17.2849
27.5494
29.6125
29.8619
39.6356
39.6357
36.5853
39.6358
36.5863
38.8104
19.3394
38.8089
39.6362
36.5859
38.7931
31.1452
36.5856
31.1454
36.5851
29.6131
39.6344
36.5898
39.6345
39.6346
39.6347
38.7207
29.6132
29.6135
29.863
27.386
36.5818
17.28
19.2619
39.6324
17.2802
17.2803
17.2803
17.2804
19.2638
27.3869
38.6968
19.2628
27.3853
29.3211
27.3833
33.0359
27.3818
19.2611
31.1463
29.6139
36.5868
36.5811
39.6316
39.6317
39.6318
38.6445
39.6319
27.3261
29.614
29.6143
29.8638
17.2771
36.579
19.2064
39.6296
36.5801
38.5983
38.5958
27.2834
27.2833
17.2778
32.938
27.2841
17.278
17.2781
32.941
17.2782
27.2893
24.2369
29.6144
39.6298
36.5852
36.5798
36.5796
38.566
39.6302
31.1473
39.6296
36.5793
39.6298
29.8639
29.6149
29.6151
39.6272
17.275
17.2751
27.1968
32.8492
19.1351
17.2754
27.1987
27.1986
17.2756
19.1387
17.2757
36.578
36.5778
29.6151
36.5827
39.6274
39.6275
39.6276
38.4659
39.6277
17.2755
29.6152
29.6155
29.8651
27.1285
36.5749
19.0866
19.0873
39.6255
27.1189
36.5761
24.0594
19.0787
38.4225
38.4201
17.2738
38.42
27.1079
27.1078
17.2741
32.7623
17.2742
27.1109
16.1611
19.0797
17.2744
27.1161
17.2746
29.6155
29.6157
38.4132
39.6252
17.2729
29.8653
39.6245
39.6246
36.5751
17.2725
38.3808
39.6249
36.5746
36.5747
31.1491
38.3546
36.5745
29.6161
36.5791
39.6238
27.0162
38.3257
17.2718
36.5746
38.3187
29.8657
29.6164
29.6167
36.5713
38.2905
39.6219
38.2824
18.9833
39.6221
39.6222
26.9567
36.5719
18.9703
31.15
36.5717
29.6169
36.5763
17.2688
17.2689
39.6212
26.9239
18.9519
17.2692
17.2692
39.6216
36.5715
29.6169
31.1506
36.5698
38.2063
39.6204
39.6205
26.8798
39.6206
18.9185
17.2685
29.6172
29.6175
29.8673
36.5679
26.8518
18.9029
18.9036
23.8013
39.6187
36.5692
38.1496
38.1474
17.2667
16.1721
39.619
39.6191
36.5688
29.6177
29.8675
29.6181
31.1521
36.5659
29.6186
36.5649
18.8511
17.2631
38.0883
39.6156
36.571
29.6187
31.1528
18.8346
17.262
17.2621
18.8384
17.2622
17.2623
38.0718
29.619
29.6192
39.613
39.6131
39.6131
29.8692
36.5629
38.0218
38.0196
18.8052
17.2605
26.7115
32.3634
26.7104
26.7104
16.1808
8.80611
18.808
18.8088
18.8096
17.2601
18.8118
18.8126
17.2604
18.8149
17.2605
16.3055
18.8179
17.2607
17.2608
17.2609
17.2609
26.737
32.3889
17.2612
17.2612
26.7403
17.2614
17.2615
18.8299
18.8307
26.7469
32.3988
17.2618
17.2619
26.7501
17.2621
17.2621
18.8367
18.8375
18.8382
17.2624
26.76
17.2626
16.1781
17.2626
17.2627
17.2628
17.2629
17.2629
18.8508
32.4284
18.8508
26.7763
26.7763
17.2634
18.8531
18.8539
17.2636
17.2637
17.2638
8.85307
18.8588
17.263
17.2631
17.2632
17.2632
17.2633
14.2091
13.5803
26.8034
17.2634
22.5916
32.4557
38.1118
17.2628
38.1118
38.1095
7.25709
38.1085
28.1108
17.2613
17.2614
38.1075
38.1052
38.103
28.1059
38.0976
26.786
13.5819
32.44
22.5762
26.7848
17.2601
7.2579
17.2593
17.2594
17.2595
17.2596
17.2596
7.25804
17.2588
14.2046
7.25825
17.2581
17.2582
17.2583
13.5836
7.2585
17.2573
17.2574
38.1292
38.127
28.1352
17.2567
17.2568
26.8165
39.6093
38.1226
38.1203
17.2572
7.25876
14.202
17.2564
17.2565
17.2566
17.2567
17.2567
17.2568
14.1221
38.1385
38.1363
38.1341
28.1431
38.1287
26.8171
14.1225
32.4711
22.6135
26.8159
17.2554
7.25927
17.2546
17.2547
26.8235
17.2548
22.6228
32.4758
38.132
17.2543
38.1319
38.1297
7.25956
38.1287
28.1419
17.2529
17.2529
28.144
38.1245
38.1223
26.8107
38.1201
17.2525
32.4628
22.6097
17.2518
26.8097
17.252
17.2521
14.1252
17.252
38.1274
28.1427
38.1221
38.1199
26.8083
17.2515
17.2516
22.614
38.12
26.8084
17.251
17.2511
7.26054
17.2503
17.2504
17.2505
14.1262
17.2504
7.26076
17.2496
17.2497
22.6337
32.4799
26.8266
35.0856
38.1339
17.2493
38.1338
14.127
18.8787
38.1345
36.0009
26.82
38.1294
38.1272
28.1466
38.1219
17.2482
17.2483
26.8146
38.124
38.1218
38.1196
26.808
38.1174
17.2488
32.4601
22.6118
17.2482
26.807
17.2483
17.2484
14.1276
17.2483
38.1247
38.1225
18.8697
35.991
26.809
18.8683
17.2481
17.2482
17.2482
17.2483
17.2484
22.6262
14.9612
32.4729
17.2478
26.8217
26.8217
17.248
38.1333
28.1537
17.2473
38.1301
38.1279
17.2476
38.1279
38.1257
38.1236
28.1444
38.1183
17.2471
32.461
22.6149
26.8058
26.8058
17.2466
14.1288
17.2465
17.2466
17.2467
38.1255
26.8138
38.1233
35.0707
18.8683
18.869
17.2472
14.9606
17.2473
17.2474
17.2475
17.2475
17.2476
18.8796
35.0863
38.1346
17.2479
17.248
18.8804
38.1376
36.0057
17.2475
26.8252
17.2477
17.2478
14.9614
18.8832
18.8839
17.248
32.4877
39.6005
38.1408
32.4813
32.4802
32.4791
26.8258
17.2486
39.601
39.6011
39.6012
17.2489
38.1299
26.8182
26.8182
39.6015
32.4672
26.8139
17.2494
17.2495
17.2495
14.1268
38.1314
35.9977
38.1265
35.0739
17.249
18.8725
18.8732
14.9633
18.8753
26.8199
18.876
17.2495
15.8955
28.1542
38.1305
38.1283
38.1262
38.1241
32.4646
22.6161
17.2484
35.9908
26.8087
38.1182
35.0656
18.8652
18.866
17.2482
14.962
17.2483
17.2484
17.2485
17.2486
17.2486
18.8764
18.8771
17.2488
18.8792
17.249
18.8813
35.0882
38.1365
18.8793
17.2493
38.1374
36.0037
17.2489
17.2489
26.8271
17.2491
18.8821
23.7762
26.8301
18.8828
26.8311
26.831
26.831
17.2496
39.6021
29.6226
39.6013
18.8743
37.7515
17.2491
39.6016
36.5512
17.2494
17.2494
18.868
15.8144
17.2496
38.1215
38.1193
35.8517
15.8119
17.2495
7.261
17.2488
17.2488
38.123
38.1209
38.1188
38.1167
23.7508
17.2492
26.8071
17.2494
17.2495
23.7569
17.2496
15.8237
18.8723
17.2498
7.26091
38.1279
38.1258
35.859
38.1211
23.7553
26.8095
17.249
17.2491
17.2491
23.7613
17.2493
17.2494
15.828
7.26102
38.1313
38.1292
35.863
38.1245
7.26132
38.1236
38.1215
35.8567
38.1168
38.1147
17.2475
17.2476
17.2477
17.2477
23.757
18.8697
17.248
7.26146
17.2472
17.2473
18.875
15.8214
7.26161
17.2467
17.2468
17.2468
17.2469
18.8824
15.8288
17.2471
38.1443
38.1422
35.8781
7.26178
38.1387
38.1366
35.8741
38.132
38.1299
17.246
17.246
17.2461
17.2462
23.7721
18.8792
15.8256
7.26191
17.2457
17.2457
17.2458
35.8851
38.1425
15.8341
38.1414
18.8813
38.1403
23.7745
26.8286
38.1382
17.246
23.7744
17.2462
23.7764
23.7763
38.1401
38.138
17.2465
38.1379
38.1359
35.8726
38.1312
17.2464
26.8216
39.5989
23.7622
39.599
39.5991
39.5992
39.5992
39.5993
32.4379
29.6234
23.7235
32.68
38.0805
26.7689
32.0966
39.5978
26.756
23.7018
18.8321
16.203
39.5978
39.5979
29.7553
39.5973
39.5973
39.5974
35.247
39.5969
32.6806
29.6243
39.5956
32.0976
26.6942
38.0036
39.5953
39.5954
39.5954
39.5955
39.5956
39.5956
29.756
35.1808
39.5944
32.6815
29.6251
32.0985
39.5926
26.6229
39.5928
37.9292
18.7383
39.593
37.9252
32.2658
26.6128
26.6129
36.0859
16.777
37.9193
26.608
17.2404
32.262
32.6821
29.6255
39.5916
39.5917
39.5918
39.5918
39.5919
39.592
32.2143
26.5614
39.5922
39.5923
16.7179
26.5496
37.8589
37.8569
39.5918
37.8519
26.5407
35.0694
29.7573
39.5908
39.5908
26.5283
35.9994
26.5263
32.1782
17.2388
37.8366
37.8346
35.5824
37.8302
37.8282
35.5763
37.8237
37.8217
23.4561
26.5106
17.2386
23.4582
17.2387
17.2388
17.2389
15.6239
18.6724
17.2391
26.5229
37.8321
39.5916
26.5159
26.516
39.5919
32.0989
29.6258
32.6829
39.5901
39.5902
39.5902
16.6443
39.5896
26.4676
39.5898
39.5898
26.4567
17.2376
34.6078
37.7657
39.59
17.2377
37.7628
36.1098
37.7586
37.7566
37.7547
37.7527
23.3872
17.2379
32.0955
37.7519
39.5905
26.4359
26.436
32.0994
29.6262
32.6833
26.4162
32.068
26.4153
26.4154
39.5892
32.0999
18.5943
37.7141
37.7121
35.4633
37.7078
23.3423
15.5353
17.2364
26.3999
23.3455
37.709
37.7071
35.4581
37.7028
37.7008
17.2365
17.2365
18.5877
15.9727
17.2365
17.2365
15.5437
18.5923
17.2368
17.2368
15.5479
18.5965
39.5894
39.5895
32.6833
29.6265
39.5883
32.1003
39.5878
39.5879
39.5879
39.588
32.0039
29.7584
39.5875
34.8792
26.3421
26.3422
37.6512
26.3403
16.5143
18.5507
17.2343
39.5867
39.5868
39.5868
39.5869
32.6842
39.5865
29.6273
32.1012
39.5853
39.5853
39.5854
29.7592
34.8179
31.9289
37.5852
39.5844
26.2716
29.6279
32.1019
39.5833
39.5833
39.5834
39.5835
39.5835
39.5836
39.5837
39.5837
31.8677
26.2152
37.5241
16.3915
26.2128
37.5216
39.5835
26.2081
37.5169
29.7598
34.7431
39.5825
39.5825
35.6587
26.1926
26.1926
31.8442
17.2305
17.2305
23.1414
26.196
23.1416
37.5049
18.4526
17.2309
37.5061
15.8467
37.505
37.5031
37.5013
26.1906
35.2603
31.8399
26.1875
26.1876
32.6856
32.1023
39.5823
39.5824
39.5825
39.5825
39.5826
39.5827
31.7949
39.5828
39.5829
26.1321
37.4408
16.3095
26.1296
37.4384
39.5825
26.1251
37.4338
34.664
35.5846
15.3542
17.2299
17.23
17.23
39.5825
27.6095
29.6287
37.4257
31.7666
26.1144
39.5814
39.5814
39.5815
32.6862
29.6289
32.1032
39.5798
39.5799
39.58
39.58
39.5801
31.7088
29.7609
39.5796
34.5951
39.5791
26.0451
26.0452
37.3538
26.0434
16.2275
37.3515
39.5788
37.3469
35.4978
31.686
26.0338
26.0339
18.3444
17.2269
