17.8868
12.3229
10.5402
29.9287
18.9569
11.7285
19.4155
26.9237
36.2858
17.8868
25.5876
10.8372
7.77589
11.1222
8.92378
27.1831
11.6121
16.6643
37.8182
27.0927
19.2449
27.1826
27.1057
37.291
26.5434
26.5004
11.15
7.77123
19.0436
16.6276
27.2412
19.2831
30.0952
31.9543
29.2707
10.9473
18.7308
26.4784
36.877
36.59
25.8783
25.8671
10.6851
30.1491
18.2162
18.2906
31.0522
36.1757
28.2605
17.9884
25.3687
10.3569
16.7321
36.17
25.4702
18.1261
25.5627
25.5605
36.0761
25.3782
25.3792
10.3617
7.75117
18.1686
16.6984
25.8059
18.3237
30.1542
30.9034
28.4053
10.3549
18.1084
25.549
36.1019
35.9594
25.2628
25.2649
10.2655
30.179
17.883
17.9295
30.556
35.782
27.9631
17.7693
25.0337
17.3376
16.7478
37.893
24.9922
17.7907
25.06
25.0641
37.9011
24.9032
24.9089
17.2135
7.74549
17.7715
25.0468
17.8129
28.0046
30.3001
22.5575
17.2114
24.917
37.8771
17.6325
24.8331
24.8385
24.8439
9.97688
24.9016
30.2052
27.7738
17.6333
17.6677
16.7487
10.061
17.7972
17.8291
17.8605
10.1876
28.1244
17.8662
30.4727
17.8698
22.782
25.134
17.8751
17.904
22.832
25.1835
16.7672
30.5732
28.1529
17.8867
10.2104
17.9412
17.9678
17.994
22.9638
16.7762
25.3894
30.6993
9.07521
18.0714
30.7736
16.7818
30.8096
25.4631
28.3959
36.0219
22.94
30.6022
25.2573
17.9605
17.984
16.7903
18.0524
18.075
25.4627
25.4626
16.7943
37.9385
25.4304
18.0765
25.4626
25.4626
37.9423
25.3688
25.3694
25.3699
7.73544
18.0492
25.4335
18.07
28.4069
30.7205
22.9955
25.3454
37.9221
25.2589
25.26
25.261
17.9569
25.2917
10.2738
25.3217
30.6405
28.2421
17.9432
17.9625
16.7872
10.3151
18.0376
18.056
18.0743
10.3887
18.1104
16.7918
30.8886
30.8618
25.515
28.4659
36.1095
23.0358
30.7061
25.3603
18.0258
28.339
18.0099
30.6834
18.0109
22.9889
25.3389
18.0124
18.0292
16.8026
25.4383
23.0649
30.7367
10.3435
28.3703
18.0321
18.0483
18.0643
18.0802
16.8081
23.1368
25.4859
30.8092
16.8102
18.127
16.8112
18.1723
18.1871
25.6201
25.6195
16.8137
37.9575
25.5955
18.1856
25.6164
25.6158
37.9599
25.5497
25.5494
25.5491
7.73152
25.5691
25.5686
25.5682
16.7984
37.9423
25.5461
18.1468
25.5662
25.5658
25.5654
37.9452
25.5034
25.5032
25.5031
25.5029
36.1614
9.10072
37.9484
30.7693
25.4231
25.4232
14.8651
30.7621
25.4159
37.9438
36.018
30.6468
25.3012
7.73359
25.3219
7.73638
22.9752
17.6245
30.6529
25.307
17.9765
30.6543
30.6362
17.59
25.291
25.2916
17.9669
10.2758
25.3295
9.07004
18.017
30.7131
36.0299
25.3315
25.3319
25.3323
30.6613
28.2832
30.6094
22.8968
30.5757
35.8939
37.9232
17.4445
25.1462
17.8724
25.1653
17.8853
22.8175
17.4674
28.1379
17.8657
17.8777
25.1716
25.1725
17.8909
17.4902
28.1614
25.1595
30.49
22.7789
17.4288
17.8631
30.4775
30.4623
25.1173
25.1183
25.1194
17.4197
30.4514
28.0774
25.0758
17.8283
17.8397
17.851
17.4266
25.1283
25.1293
25.1302
25.1312
25.1321
25.1331
17.8673
17.8783
17.8891
25.1825
35.8513
17.881
35.8379
28.195
17.4104
27.166
25.0754
16.7916
17.8478
17.8584
17.869
17.8795
25.1698
27.2313
28.1848
35.7753
16.787
35.7774
17.8281
17.8385
17.8488
17.8591
25.1413
25.1421
16.7898
25.1722
10.187
25.1878
25.1885
25.1892
17.4893
25.1906
17.9035
27.2691
28.2233
16.7862
17.8892
25.1875
16.7872
35.8873
37.9313
9.28372
25.1748
35.8469
25.1492
25.15
35.8223
25.1248
16.7881
35.8248
37.9321
9.28338
25.1132
35.786
25.0886
25.0895
35.7624
25.0651
16.7889
35.7653
37.9329
9.28307
25.0546
35.728
25.0308
25.0318
35.7054
25.0083
37.933
35.6451
35.6209
24.9241
24.9254
7.7343
24.9411
35.6154
27.896
30.2282
35.5568
22.4979
37.9249
35.4868
9.92791
24.8043
24.8058
24.8072
27.7866
24.7858
30.1208
22.4146
24.7662
17.6173
24.7813
17.6275
22.4343
24.7859
27.7657
9.91219
24.7784
17.6261
24.7933
24.7947
24.7962
30.1315
17.6314
17.6403
24.8136
24.815
22.4548
30.1403
30.1301
17.631
17.6397
24.8118
30.1474
27.7825
9.92479
24.7946
24.796
17.6392
24.8101
30.1458
24.8016
17.6433
22.4543
17.6452
17.1173
35.4951
35.4742
9.92315
30.1248
24.7806
24.7821
17.631
24.7958
22.4362
30.1222
17.6277
16.0679
24.785
17.6312
24.7986
16.7921
17.6557
24.8349
16.7929
35.5353
37.9368
9.08982
24.8304
35.5083
24.8117
24.813
35.4909
24.7944
37.9389
35.4422
35.4226
24.7263
24.7277
7.73309
24.7413
35.4197
21.0147
27.6861
35.3625
30.0015
22.297
16.9476
37.9226
35.2982
24.6023
24.6039
24.6055
22.2467
24.5986
27.5819
16.8804
20.8815
24.5656
17.4783
17.4861
24.5906
17.4951
29.9392
17.4974
17.5051
17.5129
17.5206
24.6412
22.2826
29.97
17.5183
27.6198
20.9238
29.9379
24.594
22.2355
24.5874
17.4912
24.6002
17.4998
16.9117
16.7698
16.934
35.315
16.9177
35.2989
20.9136
24.5863
29.9237
27.5628
16.8612
20.8833
17.4594
17.4668
17.4742
24.5808
29.9184
24.5745
17.4786
17.4859
17.4931
24.6084
22.2503
29.9382
29.9304
17.486
17.4933
24.6078
24.6092
17.5025
24.6213
16.9215
17.5116
35.314
35.2972
17.4965
16.9104
24.6129
17.5055
24.6247
16.763
17.5265
29.9923
16.7637
37.9074
37.9077
16.7645
30.1817
16.882
35.2645
37.9083
24.5433
37.9088
29.8564
16.7658
37.9095
37.9097
16.7665
30.2146
16.7578
35.1408
37.9109
24.4206
29.7588
35.0953
30.2162
37.912
37.9123
29.6466
29.6399
17.2958
7.73725
24.3184
24.3202
29.6586
29.6519
27.2932
37.907
29.6065
16.5655
21.9061
30.2123
34.9156
37.9083
37.9086
16.4557
29.4959
16.4514
29.4916
27.1334
16.4361
29.4727
17.1835
24.1402
17.1919
29.4891
17.1947
17.2015
17.2084
21.8178
16.4689
27.1575
16.4602
29.4969
24.1539
17.2017
17.2084
17.2152
29.5228
17.2179
17.2246
17.2312
17.2379
16.5179
21.8626
29.5521
17.2378
29.5558
17.2403
17.2469
17.2535
17.26
16.5501
21.8948
29.5844
17.2598
16.553
29.5897
29.5837
21.8819
24.2344
16.5346
17.258
17.2644
29.5942
16.5495
24.2527
17.2693
24.2639
29.6029
27.2457
29.5832
29.5773
24.2341
21.8774
16.5284
17.2546
17.2609
9.56342
24.2597
17.2747
24.2706
16.5708
16.7793
17.2945
24.2999
16.7799
24.3182
35.002
16.6087
29.6456
24.3021
27.2903
28.8877
34.9376
28.8888
37.9117
28.8898
30.21
33.3089
9.43896
29.09
24.0423
28.892
34.6927
28.8931
37.888
28.8941
30.1869
33.3167
29.095
28.8964
37.8713
28.8974
34.3636
30.1708
26.6293
23.631
33.3224
29.0985
37.8614
16.7741
9.07685
16.7872
28.8993
37.8572
28.829
16.7365
9.03922
34.1883
23.4947
30.163
37.8588
33.3254
28.9002
29.1016
28.9021
23.3068
28.9031
37.8394
15.5448
37.8399
23.2178
23.2207
16.697
23.2403
16.6975
8.99388
16.6979
16.6981
16.6984
23.2916
16.6988
23.3039
15.6044
16.6995
30.1477
16.6999
8.99636
8.99659
16.7006
30.1488
16.7011
8.59059
28.9031
28.9042
23.294
30.1397
8.98777
37.8354
15.5553
23.2602
16.6925
16.6927
23.2884
15.5888
23.2937
28.6344
19.6968
28.6217
23.2796
16.6898
28.6296
37.8339
23.2571
28.9052
28.5695
28.9062
23.1928
37.8261
30.1308
29.1081
33.3398
28.908
37.818
30.123
28.9089
28.9098
37.8103
30.115
28.2601
29.1123
33.3466
30.1113
28.9116
16.6596
37.8034
22.7859
22.789
16.6605
16.6607
28.9122
28.9131
30.1017
30.1016
37.7974
28.9139
28.0034
22.6618
14.9624
16.651
14.9752
22.681
16.6517
16.6519
16.6521
8.94858
22.7284
22.7315
16.6531
16.6533
16.6535
16.6538
22.7719
22.775
15.0755
30.1027
16.6549
37.7988
15.0442
22.7498
22.7529
16.6561
16.6563
16.6565
22.7896
8.95317
16.6572
16.6574
16.6576
15.1265
22.8319
16.6583
22.8439
28.1855
37.8026
28.9126
28.9135
28.9144
30.0964
37.7922
28.0372
29.1174
33.3549
30.0934
16.6456
16.6458
28.9158
16.6426
22.6249
22.628
37.7869
16.6435
8.93995
14.9138
27.9584
22.6167
8.94086
16.6449
16.6451
10.7594
27.9936
27.9907
16.645
16.6453
22.6666
22.6696
22.6726
8.94236
22.6844
16.6466
22.6962
10.7585
30.0943
28.9157
16.6432
16.6434
28.9164
30.0887
37.7841
28.9172
16.6374
14.9042
27.9489
22.6071
22.6101
22.6131
27.9551
22.6133
14.9136
27.9583
22.6164
16.6398
22.628
16.6403
16.6405
16.6407
8.93715
28.0102
16.6414
30.0896
37.7854
16.642
37.7859
16.6424
33.3357
37.7865
16.6431
27.977
33.3191
37.7874
37.7876
30.0922
27.9132
27.9106
22.5686
7.76352
22.5822
22.5851
33.2721
27.9191
37.7863
25.5519
27.8947
14.0994
20.196
33.2353
37.7856
30.0902
37.786
14.7887
27.8338
25.4804
33.1681
27.8154
22.4735
20.1186
14.7712
22.4769
16.6445
16.6447
22.4966
14.7968
27.842
25.4886
14.0354
33.1775
16.6442
22.4936
16.6446
22.5048
16.645
22.5159
16.6455
20.1694
27.8641
25.5108
16.6463
14.0647
33.2079
22.5157
16.6452
16.6454
22.5348
16.6458
22.5458
22.5486
16.6464
16.6466
14.8701
20.218
16.6472
27.9207
16.6476
22.5866
20.2319
14.8842
25.5787
14.1214
33.2676
22.5751
16.6473
16.6475
22.5937
22.5965
16.6481
16.6483
14.1545
33.3007
27.9478
20.2483
22.6032
14.9032
22.6086
16.6481
22.619
25.611
28.915
28.9158
37.7863
37.7865
28.9165
37.7838
30.0242
16.6401
14.0333
16.6387
16.6389
14.7966
16.6393
20.1525
27.8473
16.6399
22.513
16.6403
22.5285
33.2163
14.0736
33.2098
22.5174
16.6397
16.6399
22.5355
16.6403
27.8857
16.6406
27.891
30.0891
16.6412
16.6414
16.6416
14.8516
20.1997
16.6422
22.5672
27.9097
16.6427
22.575
16.6431
16.6433
16.6435
16.6437
16.6439
22.62
28.9161
37.785
28.9168
37.7824
28.9175
37.7798
30.0276
28.9182
28.9189
37.7743
28.9196
37.7718
37.772
25.3548
22.3582
30.0343
28.9202
37.7697
16.6262
8.92261
16.6266
37.7704
28.9206
16.6243
8.92073
37.7684
22.2791
37.7687
37.7689
30.0374
28.9211
28.9218
28.9225
27.5011
28.9232
37.7588
27.4594
37.7592
37.7593
30.0641
28.9236
28.9243
37.7547
37.7549
19.6423
28.9248
30.0531
37.7526
28.9255
16.6066
21.9273
21.9303
37.7509
16.6074
8.90383
28.9259
19.5524
8.90178
37.7494
28.9264
16.6035
16.6037
28.927
30.0497
28.9276
37.743
19.4726
18.3514
27.1649
16.5975
21.8306
19.4761
21.8321
37.742
28.9285
21.7973
28.9291
37.7377
37.7379
28.9297
30.0705
21.705
28.9303
37.7335
28.9014
28.9316
28.8677
37.6517
37.7272
28.9328
19.2087
29.9551
37.7252
16.5816
16.5818
28.9333
21.5286
8.87627
21.5396
37.7242
16.5806
16.5808
8.87725
8.87745
16.5814
37.5955
8.87804
8.87823
28.8079
21.5544
28.801
8.87427
30.0265
21.538
16.5786
16.5788
16.579
16.5792
21.5715
21.5746
13.8744
16.58
37.6222
37.7241
21.5594
13.8591
8.87719
21.5731
8.87757
16.5815
22.0449
16.5812
26.9374
26.9361
16.5818
21.6015
8.8784
16.5824
16.5825
16.5827
21.6342
21.6372
16.5833
13.9443
16.5837
37.692
8.8803
13.952
21.6583
8.88086
16.5848
21.6759
8.88143
16.5854
16.5856
22.1481
21.6986
27.0423
21.7001
28.9321
21.678
37.7276
37.7278
30.0325
28.8686
28.8592
28.9338
19.2278
29.9818
37.6081
37.7221
8.87482
28.9342
18.0853
37.7184
26.852
26.8508
19.1513
21.5076
8.87184
21.5178
21.5209
19.1665
16.5763
21.5341
16.5767
16.5769
16.5771
8.87351
13.8666
21.5729
21.5759
21.5788
28.8287
37.6045
30.0246
28.9349
37.7183
19.1474
37.7186
28.9353
16.5731
8.86952
29.8888
21.4705
37.7172
21.4599
16.5739
16.5741
28.9356
8.86851
16.5724
16.5726
16.5728
8.86924
21.4888
13.7883
21.4947
21.4976
16.5739
16.5741
21.5146
16.5745
8.87088
16.5748
16.575
16.5752
21.5524
16.5755
21.5623
16.5759
16.5761
8.8725
16.5764
16.5766
16.5768
16.577
16.5772
21.6444
16.5775
16.5777
16.5779
21.6757
21.6784
16.5784
16.5786
32.389
16.5789
37.7228
30.0274
8.87569
37.7234
21.6832
32.3722
37.7159
8.87657
27.0193
32.3633
37.7069
37.7248
30.0293
26.9775
32.3214
21.63
7.78074
21.6413
7.78126
8.87445
27.0043
21.6619
32.351
24.6504
37.7228
13.9381
37.7232
26.9723
32.3163
26.966
32.31
26.9597
32.3037
21.6123
24.6059
16.581
26.9578
16.5813
26.9632
16.5817
26.9725
8.87823
16.5822
32.3298
24.6292
26.9744
26.9732
13.9275
26.9747
37.7271
16.5835
8.87992
26.9778
26.9766
26.9754
32.3195
26.9693
13.9236
16.5849
37.7287
26.9646
37.6578
16.5855
32.3103
32.3053
24.6049
26.9501
21.6077
32.2969
26.9467
37.6399
24.5864
18.335
32.2745
19.2261
32.2685
30.0343
13.8612
30.0347
26.8961
37.7306
37.7308
26.8627
30.0355
37.7313
16.5877
37.5377
30.4553
16.5878
16.588
26.8426
37.5358
30.0413
37.515
16.5888
26.8188
32.1629
26.813
26.812
16.5896
21.476
37.7336
32.1531
16.5902
21.4682
13.7675
13.7702
32.1629
24.4625
18.2058
32.1509
16.5899
21.466
21.4687
16.5904
21.4777
16.5907
16.5909
26.8345
21.4921
21.4947
8.88773
32.1941
32.1894
37.5338
37.5255
37.736
30.0405
37.7363
37.7365
26.7678
30.0412
37.4492
30.0463
37.4291
29.7685
26.7184
24.3671
32.0581
21.3669
16.5944
7.77695
21.3803
16.5929
16.5931
13.6957
19.0449
16.5935
32.0939
16.5938
21.4089
26.7531
26.7521
19.0527
26.7503
26.7493
37.4428
32.0855
32.081
26.7313
26.7304
32.0747
26.725
37.4185
26.7161
37.74
16.5964
13.6647
30.0448
16.5969
37.7407
26.692
8.89355
37.7412
16.5976
16.5978
26.6947
32.039
37.7419
13.6328
16.5985
8.89489
26.693
32.0372
16.5991
21.3557
16.5994
32.0513
24.3514
26.6974
30.0481
37.7438
30.2688
37.3564
37.7439
30.0484
26.6281
37.3216
37.3138
16.6009
30.054
26.6066
37.3001
30.2146
16.6014
26.5893
29.6313
16.6019
37.2812
30.1743
37.7456
37.7458
16.6022
18.8528
31.8957
24.1958
16.6028
17.9299
31.8912
21.2002
16.6019
21.209
16.6021
16.6023
21.2239
37.7463
37.7464
37.7466
30.0511
30.1107
37.2037
26.5019
37.1955
37.1879
30.0565
16.6036
26.4813
37.1748
30.2106
26.4586
29.5008
37.1446
16.6044
16.6045
21.1166
26.4612
16.605
31.8115
26.4625
26.4618
31.806
21.1152
16.6058
7.77367
24.1191
16.6043
16.6045
13.4323
18.7817
16.6049
21.1473
31.8368
16.6053
21.1519
21.1545
21.1571
16.6059
16.606
8.90236
8.9025
31.8739
26.5247
31.8691
26.52
18.8205
13.473
24.1705
17.8926
31.86
21.169
16.6063
16.6065
21.1834
21.186
16.6069
16.607
17.9181
31.8852
31.8812
18.8333
13.4858
21.192
16.6065
16.6067
16.6068
16.6069
21.2211
13.5201
18.8694
31.9126
16.6076
26.5692
16.6079
17.745
16.6063
16.6064
13.5377
16.6067
18.8928
16.607
31.9418
26.5925
17.7634
26.5892
16.6058
21.2522
18.898
28.9261
21.2417
21.2442
28.9265
30.1329
37.7469
37.7471
28.9268
29.8224
28.9273
21.1492
21.1517
16.6005
21.16
8.89696
31.8554
16.601
26.512
30.0493
16.6014
24.1563
31.8481
31.8442
18.7964
21.1525
13.4513
16.6023
21.1632
21.1657
26.5102
21.1675
31.8573
16.6031
26.5138
31.8584
37.2041
37.7474
26.4921
26.4915
21.1487
16.6042
21.1569
21.1594
18.8051
16.6047
21.1699
16.605
8.90134
26.5288
24.1777
24.1739
31.8658
16.6058
18.8235
37.2165
21.1726
37.212
26.5102
8.90277
26.5151
30.2064
26.5011
16.6069
31.8513
21.1602
26.5047
21.1619
13.4615
7.77314
16.606
31.8636
24.1641
16.6064
31.8616
31.8578
21.1666
16.6069
24.1663
28.9258
28.9262
37.1815
37.7478
28.9266
21.1069
21.1093
28.927
30.1306
37.7451
30.0496
28.2774
28.271
26.3837
28.9282
29.6674
37.0566
37.7409
16.5973
28.9286
17.5164
37.738
26.3154
37.7383
28.9293
28.1722
28.1659
36.9628
30.1172
28.9306
18.5355
29.5182
37.7327
16.5891
16.5892
28.9309
20.8664
37.7317
20.8564
16.5883
16.5884
16.5885
31.5629
26.2143
16.5889
36.9141
18.5138
30.0374
31.5449
31.5414
18.4939
31.5375
26.189
18.4895
23.8374
31.5296
23.8304
23.827
31.5193
37.7346
30.0391
28.0392
28.0331
30.1147
36.8152
28.9312
18.4011
29.3809
37.7307
16.5871
28.9315
20.7275
20.7301
37.7298
16.5862
16.5863
26.0738
31.4183
23.7192
20.7243
23.7184
31.4108
31.4075
26.0593
26.0589
18.3592
18.3588
20.7153
26.0603
26.0599
16.5882
16.5883
16.5885
16.5886
13.0417
20.7474
20.7499
29.0938
28.9309
37.7315
28.9313
36.7409
37.7303
23.6772
20.6823
29.3082
28.9316
30.1115
16.5856
16.5857
16.5859
37.7297
28.9318
16.5847
20.6465
28.9322
29.2536
37.7272
37.7274
28.9325
28.9329
30.0291
37.7248
16.5812
23.5491
31.2416
31.2385
25.8906
25.8903
18.1906
16.5821
25.8951
8.87855
25.9003
36.5945
25.894
36.5881
20.5452
30.2461
16.583
36.5783
8.87952
20.5407
37.7273
29.1499
37.7274
28.9325
28.9329
28.9333
30.1045
25.8024
28.9337
37.7222
25.7803
30.0269
18.0718
25.7712
25.7709
25.7707
25.7705
36.4646
16.5796
23.4187
28.8073
16.5799
8.87628
23.4235
31.1162
16.5804
25.7739
25.7737
18.0739
16.5809
25.7814
25.7812
25.781
8.87763
16.5815
16.5816
20.4599
27.7069
36.4922
30.0288
28.9334
37.7231
18.0567
30.1045
16.5797
28.9337
16.5785
29.0112
20.3941
37.7225
16.5789
20.3907
16.5791
28.9339
25.7257
25.7255
25.7253
8.87451
23.3794
31.0721
23.3734
20.379
18.0246
16.579
16.5791
20.3975
16.5794
31.0927
25.745
25.7448
18.0451
25.7444
16.5801
16.5802
16.5803
16.5804
20.4254
12.7246
20.4305
31.1204
20.4301
28.9333
16.5798
16.58
16.5801
16.5802
8.87655
16.5804
20.4541
20.4566
16.5808
16.5809
16.581
20.4747
16.5813
20.4824
20.4849
16.5816
36.5299
8.8781
16.582
16.5821
16.5822
8.87857
8.87869
20.5205
16.5827
25.8708
8.87916
16.583
16.5832
20.5432
20.5457
16.5835
16.5836
20.5583
16.5839
8.88022
8.88033
16.5842
8.88057
8.88068
16.5846
36.6338
16.5848
16.5849
20.6007
27.8439
8.88006
27.8434
30.0308
16.5827
16.5829
16.583
16.5831
8.87945
16.5833
16.5834
20.6289
20.6312
16.5838
20.6386
8.88026
25.9886
16.5842
25.9932
16.5845
25.9979
16.5847
20.6599
16.5849
8.88129
16.5852
16.5853
20.6846
26.0296
20.6866
20.6889
8.88209
22.5886
29.0365
22.5802
20.6844
20.6867
20.689
20.6913
16.5839
16.5841
20.7033
16.5843
8.88064
8.88075
16.5846
16.5847
29.1146
16.5849
8.8813
16.5852
16.5853
8.88164
26.094
20.751
8.88198
16.5859
26.1082
26.1078
16.5862
26.1123
26.1119
26.1115
16.5866
16.5868
16.5869
8.88321
20.7903
20.7925
16.5873
8.88366
8.88377
26.1517
18.4522
18.4518
18.4514
26.1502
16.5882
20.8119
26.1568
16.5885
23.8108
31.5036
18.4561
20.8121
20.8143
16.5892
16.5893
16.5894
20.8358
8.88587
26.1879
18.4884
20.8444
17.3826
20.8448
18.4906
26.1893
8.88537
20.8508
16.5894
31.5484
18.5009
16.5897
26.2068
20.8637
16.59
20.8705
26.2154
26.2149
18.5155
16.5906
16.5907
23.8757
31.5685
8.88722
16.5911
26.2294
20.8862
16.5914
20.8955
16.5916
16.5917
31.5951
18.5476
31.5918
26.2433
16.5923
16.5924
16.5925
20.9164
16.5927
16.5928
20.9302
20.9322
16.5931
26.2842
26.2837
26.2833
16.5936
16.5937
26.2945
20.9513
26.2961
20.9529
20.9549
16.5943
20.9615
16.5945
8.89086
16.5947
26.3199
16.5949
20.9812
26.326
26.3256
16.5954
16.5955
16.5956
8.89191
16.5958
16.5959
21.0118
16.5961
16.5962
8.89254
16.5964
8.89275
18.6825
21.0382
16.5968
26.3898
21.0466
16.5971
8.89348
18.7038
26.4022
21.059
18.7048
26.4032
16.5979
26.4072
21.0639
21.0659
21.0678
16.5984
16.5985
8.89483
16.5987
16.5988
16.5989
16.599
21.103
26.4477
16.5993
26.4516
18.7523
16.5996
26.455
8.89606
18.76
18.7595
18.759
21.1146
16.6003
16.6004
26.4728
21.1295
16.6007
16.6008
21.1401
21.142
21.1439
21.1458
26.4905
31.836
21.1443
21.1462
26.4909
18.7916
16.602
18.7978
31.8421
26.4932
21.1499
21.1518
16.6026
21.1603
21.1622
31.8529
24.1543
31.8471
26.4982
26.4977
21.1544
16.6035
18.8046
26.5028
18.8036
21.159
26.5037
16.6041
21.1646
31.8553
21.1636
21.1655
26.5102
17.6845
18.8091
26.5073
21.164
16.6037
21.1725
21.1743
16.604
16.6041
8.90044
26.5317
8.90064
16.6045
26.5396
16.6047
21.2004
21.2023
21.2041
26.5488
21.2054
18.8514
8.90162
17.73
16.6043
31.9046
16.6045
21.2193
18.8652
21.2205
18.8665
8.90118
8.90127
21.2325
26.5772
18.8779
26.5761
21.2327
21.2345
21.2363
16.6058
16.6059
16.606
8.90234
16.6062
16.6063
21.2629
26.6076
16.6066
18.9125
18.912
16.6069
26.6165
8.90331
21.2772
31.9681
16.6074
16.6075
21.2843
16.6077
16.6078
16.6078
16.6079
18.949
21.3042
26.6488
21.3054
16.6084
8.90474
21.3152
21.317
21.3187
21.3205
21.3222
16.6091
21.3303
16.6093
13.6348
16.6095
26.687
21.3436
21.3453
21.347
26.6916
26.6911
29.6917
32.0317
21.3396
16.6104
32.0369
32.034
37.3816
37.3765
21.3317
21.3334
26.678
8.90739
18.9851
16.6113
16.6114
16.6115
26.6974
16.6117
16.6118
24.7142
21.3631
8.90775
37.7553
37.7554
30.0599
26.6872
30.0601
37.7558
32.0161
16.6123
8.90859
37.374
37.3689
16.6126
7.77159
16.6115
16.6116
16.6117
16.6118
16.6119
16.612
24.7087
26.7007
16.6117
30.0599
16.6119
16.612
37.7558
16.6122
16.6123
16.6124
16.6124
21.3702
19.0162
37.7564
37.7565
37.7566
32.0365
21.3444
37.3859
37.3809
16.6134
16.6134
21.3439
21.3456
16.6137
21.3511
16.6139
8.91022
16.6141
8.9104
21.3751
16.6144
32.07
30.0626
24.7168
16.6142
16.6142
16.6143
13.682
21.3872
8.91084
16.6147
37.7585
37.7586
16.615
37.4282
37.4232
19.0227
37.759
8.91165
16.6155
32.0677
26.7185
37.7595
21.3656
26.7102
29.711
26.7047
26.7041
37.4006
24.6993
37.7596
30.0641
8.91234
16.6162
16.6163
32.0413
16.6165
21.353
21.3546
21.3562
16.6168
21.3639
21.3655
37.7608
26.7009
30.0653
37.3903
24.6875
37.3843
21.3394
32.0304
16.6172
16.6173
37.7611
17.8405
21.3371
37.7601
16.6165
26.6785
21.335
37.7605
37.3696
16.617
26.6715
32.0174
32.0147
26.6656
13.6185
21.3237
17.8268
26.6666
37.7602
37.3561
13.6076
32.0023
16.6168
26.657
26.6565
21.3129
32.004
26.6549
26.6544
17.8125
16.6163
21.3129
37.7602
26.6506
31.9965
24.2983
16.6168
18.9584
21.305
13.603
16.6172
17.8161
21.3124
37.7599
37.3472
26.6453
31.9913
16.6165
31.9924
26.6433
13.5962
31.9908
19.5603
37.3412
16.6179
37.7616
31.9827
26.6336
21.2901
26.6348
17.7916
13.5859
21.2911
21.2927
16.6175
26.6411
21.2975
37.7614
37.3324
16.6179
26.6344
31.9803
31.9777
26.6287
13.5815
21.2867
26.6314
26.6309
17.7874
16.6176
21.2893
37.7614
26.6272
31.9731
24.275
16.6181
18.935
21.2816
13.5796
16.6184
17.791
26.632
21.2884
21.29
21.2916
16.6177
16.6178
8.91411
8.91419
31.9996
26.6506
31.9965
26.6475
26.647
21.3034
21.305
8.91487
16.6187
32.0056
32.003
37.3511
26.6493
16.6191
8.91545
26.6561
32.0021
37.7632
13.5996
16.6196
8.91596
26.6552
32.0012
16.62
21.3147
16.6201
32.0095
24.3115
26.6579
16.6205
26.661
32.007
26.658
26.6575
16.6209
21.3175
37.7647
32.002
16.6212
21.3135
13.6114
16.6215
37.7652
26.6567
32.0027
26.6536
31.9996
26.6506
31.9966
21.3044
24.3001
16.6223
26.6502
16.6225
26.6533
16.6226
26.6585
8.91901
16.6229
26.6652
24.3157
32.0087
21.3165
26.6612
13.6139
16.6234
16.6235
7.76858
37.7662
32.0117
24.3137
26.6601
26.6596
13.6124
26.6607
37.7667
16.6231
8.91944
26.6628
32.0088
26.6598
26.6593
37.3561
16.6237
26.6578
32.0039
26.6548
26.6543
16.6241
21.3143
37.7679
31.9989
16.6244
21.3103
13.6083
26.6565
32.0026
37.7685
13.6003
16.625
8.92129
26.6557
32.0017
16.6253
21.3151
16.6255
32.0098
24.3119
26.6583
26.6578
26.6573
32.0034
26.6544
13.6071
16.6262
37.7699
26.6525
37.3493
16.6265
31.9996
31.9971
24.2991
26.6456
7.76769
8.92202
26.655
21.3113
32.0026
24.3046
37.7699
13.5978
31.9927
16.6264
37.7702
30.0746
8.92288
37.3391
21.2942
31.9854
37.3337
8.92328
26.6355
31.9816
37.3299
37.771
30.0755
26.6154
31.9614
21.2693
7.76745
21.2751
7.76773
8.92188
26.6296
21.2859
31.9771
24.2792
37.7697
13.5725
17.7683
21.276
37.7689
37.3117
26.61
31.9561
16.6255
31.9572
26.6082
21.2645
26.6093
37.7696
37.2998
16.6261
26.6016
31.9477
31.9452
26.5963
13.549
21.2542
31.9454
37.2938
19.038
16.6287
37.7724
31.9392
26.5903
26.5899
17.7331
21.2446
13.5424
13.5439
21.2491
16.6283
16.6284
13.5538
16.6285
16.6286
21.2678
19.0567
21.2726
26.6174
21.2737
13.5715
21.2766
16.6311
26.6248
17.7654
21.2795
16.6302
37.774
26.6214
18.9224
31.967
18.9236
21.2744
13.5723
21.2774
21.2788
16.631
16.6311
16.6311
13.5908
16.6313
16.6314
21.3026
18.9487
17.7875
26.6453
37.7742
37.336
13.5875
16.6308
31.9858
26.6368
26.6364
31.9825
21.2903
13.5881
13.5896
16.6314
21.3
16.6316
16.6316
31.9999
13.6041
31.999
21.3068
21.3082
26.653
31.9991
21.3069
16.6323
26.655
19.0957
13.6109
16.6345
16.6345
21.3246
21.326
13.6238
18.9735
16.6349
16.635
16.635
16.6351
16.6352
26.6921
21.3484
21.3498
16.6355
8.93177
13.6562
21.3612
16.6358
21.3659
21.3673
16.636
19.0168
32.0616
19.0182
21.3688
16.6364
13.6699
16.6365
16.6366
16.6366
21.3866
16.6368
16.6369
21.3946
26.7393
16.6371
21.4007
21.4021
21.4035
16.6374
16.6374
13.7079
8.93381
32.108
26.7589
26.7584
32.1047
21.4123
13.7101
19.0641
19.0594
16.6382
32.1074
16.6384
32.1102
16.6385
21.421
16.6387
16.6387
32.1208
32.1185
26.7693
26.7688
37.7827
32.1091
32.1067
26.7576
32.1039
32.1016
21.4092
24.4051
16.6397
16.6397
26.758
21.4142
21.4156
26.7603
32.1066
24.4087
21.4118
26.7565
16.6404
13.7124
16.6405
7.76406
37.7832
32.1067
21.4143
21.4157
32.1071
32.1048
26.7557
37.453
37.7837
16.6402
13.7014
16.6403
29.755
37.7841
26.7409
13.6936
16.6407
37.7844
24.3884
32.0817
26.7326
26.7322
13.6848
26.7331
37.7849
16.6413
8.93757
26.7349
7.76383
8.93667
26.7433
21.3995
24.3954
32.0887
37.7844
13.6868
8.93715
16.641
16.6411
26.7464
21.4026
21.404
32.0955
7.76384
26.7485
16.6405
21.4096
21.411
32.1025
16.6407
37.7844
30.0889
8.93715
37.4493
21.4041
32.0956
37.4443
8.9375
26.7456
21.4018
32.0933
21.4009
21.4022
26.7469
13.7
32.0946
24.3967
21.3999
32.0914
29.7445
21.3949
37.7859
37.786
30.0904
21.3733
37.7862
37.7862
37.7863
37.7864
29.6932
29.8236
37.3807
37.3766
32.0216
37.3704
30.0937
37.7868
30.0913
37.7869
29.7771
37.3354
37.7871
29.6282
31.9689
37.3176
37.3136
30.0944
16.6438
37.7875
34.1658
32.6326
31.936
37.2848
19.0156
16.6451
37.7888
31.9304
26.5816
26.5812
17.704
21.2359
13.5336
13.535
21.2401
16.6446
13.5409
19.0205
26.5925
13.545
16.6467
16.6468
13.5545
31.9496
37.2984
17.7178
21.2519
37.7897
37.2886
26.5871
31.9333
16.6464
31.9342
26.5855
13.538
16.6466
13.5425
21.2475
26.5923
37.7905
37.2838
16.647
26.5854
31.9317
31.9295
26.5807
13.5332
21.2383
21.2396
26.5844
37.7913
37.276
16.6478
26.5776
31.9238
31.9217
26.5729
13.5254
21.2304
17.6948
26.5738
37.7909
37.2654
13.5167
16.6475
31.915
26.5662
26.5658
31.9121
21.2199
16.6479
31.9144
16.648
37.7917
30.0962
8.9444
37.2617
21.2168
31.9082
37.2571
8.94473
26.5587
31.905
37.2538
30.0968
37.7925
26.5412
21.1974
26.5422
31.8884
21.1963
16.6492
26.5442
31.8904
37.2393
37.7931
8.94577
26.5371
31.8833
37.2322
18.9578
16.6516
37.7953
31.878
26.5294
26.529
17.6435
21.1837
13.4813
13.4827
21.1878
16.6512
31.8823
37.2312
18.9555
16.6532
37.7969
31.877
26.5283
26.528
17.6405
21.1827
13.4803
13.4816
21.1867
16.6527
18.9591
26.5377
13.4901
16.6547
16.6548
13.4993
31.8944
37.2434
13.4947
13.4961
16.6552
16.6552
21.2089
21.2103
18.9775
21.2147
13.5123
21.2173
26.5622
17.6697
21.2168
37.8001
37.2538
26.5524
31.8987
16.6568
31.8996
26.551
13.5034
17.6604
26.5505
37.7997
37.2423
13.4937
16.6563
31.8919
26.5432
26.5428
31.8891
21.1969
21.1982
26.5431
31.8893
21.1971
16.6569
26.545
31.8912
37.2402
37.8007
8.9534
26.5381
21.1942
16.6574
21.1985
21.1999
13.4975
13.4988
21.2038
16.6577
21.2098
13.5074
16.6579
37.2566
21.2117
26.5566
37.8018
37.2485
16.6583
26.5501
31.8963
31.8943
26.5456
13.498
21.203
16.6587
13.5036
16.6588
16.6589
21.2163
18.9805
21.2206
26.5654
21.2215
13.5191
21.2241
21.2254
21.2267
21.228
21.2293
21.2306
21.2319
16.6615
37.2791
13.5304
37.2767
13.528
26.5766
16.6618
26.5792
17.6812
21.2338
16.661
37.8047
26.5763
18.8772
31.9222
18.8792
21.2296
13.5272
21.2322
26.577
21.2331
21.2344
16.6617
8.95801
31.9334
31.9314
26.5827
37.2801
16.6621
13.5343
21.2393
21.2406
18.8912
18.8864
16.6625
31.9343
16.6626
16.6626
26.5931
31.9394
31.9374
31.9354
18.8879
16.663
26.5909
16.6631
16.6632
21.2544
21.2557
21.257
16.6634
16.6635
16.6635
21.2702
21.2715
21.2728
21.274
16.6638
16.6639
13.5774
16.664
21.2868
26.6317
31.978
16.6642
31.9789
18.9314
21.2862
21.2875
16.6645
16.6646
18.9394
31.9844
18.9415
31.982
16.6649
21.2942
13.5918
16.6651
21.2996
21.3008
21.302
17.7452
21.3019
37.808
37.3393
26.6378
31.9842
16.6646
31.9851
26.6363
13.5887
21.2936
26.6384
37.8085
37.3307
16.665
26.6321
31.9785
31.9765
26.6277
13.5801
21.285
31.9766
37.3257
19.0383
16.6673
37.811
31.9716
26.6229
26.6225
17.7175
21.2771
13.5747
13.5759
21.2808
16.6668
17.7248
26.6271
37.8096
37.3194
13.5707
16.6661
31.9688
26.6201
26.6197
31.9661
21.2738
21.275
26.6198
31.9662
21.2739
16.6667
26.6216
31.968
37.3171
37.8105
8.96321
26.6149
16.6671
26.6174
17.7129
21.272
16.6663
37.81
26.6145
18.9155
31.9606
18.9177
21.2679
13.5654
21.2703
21.2716
16.6669
16.6669
16.667
21.2844
16.6671
16.6672
13.5876
18.9373
26.6357
21.2917
21.2929
8.9637
21.2985
16.6676
16.6677
21.3069
13.6044
16.6678
13.6084
16.6679
16.668
21.3205
19.0772
21.3245
26.6693
21.3254
13.6229
21.3278
19.0828
26.6754
13.6278
16.672
16.672
13.6361
32.0315
37.3807
13.6318
13.633
16.6724
16.6724
21.345
21.3462
19.0992
21.3502
13.6478
21.3526
26.6974
13.6498
16.6746
21.3573
16.6747
16.6747
16.6748
21.3683
16.6749
16.675
21.375
26.7198
16.6751
21.3801
19.0262
16.6753
16.6754
16.6754
21.3906
16.6755
16.6756
16.6756
16.6757
21.4058
21.4069
21.4081
16.6759
16.676
13.7111
8.97226
32.1107
26.7618
26.7614
32.108
21.4154
21.4166
19.0675
19.0624
16.6765
32.1103
16.6767
16.6767
26.7683
32.1149
16.6769
19.0701
32.1152
19.0724
32.1129
16.6771
21.4246
13.7221
16.6773
21.4296
21.4307
21.4319
21.433
13.7306
19.085
19.08
16.6777
32.1278
16.6778
32.1301
16.6779
21.4402
16.678
16.6781
21.4498
21.4509
13.7484
21.4532
16.6784
21.457
21.4581
13.7556
13.7568
21.4615
16.6787
21.4668
13.7644
16.6788
37.5137
32.159
37.5083
19.2094
16.6808
37.8244
32.154
26.805
26.8046
17.8832
21.4592
13.7567
13.7578
21.4625
16.6803
16.6803
13.7654
16.6804
16.6805
21.4769
19.2232
21.4808
26.8255
21.4815
13.779
21.4837
17.9056
26.827
37.8252
37.52
13.771
16.6818
32.1691
26.8201
26.8197
32.1663
21.4737
13.7712
13.7723
16.6822
16.6823
21.4838
21.4849
19.2298
21.4888
13.7863
21.491
19.2343
26.8385
13.7909
16.6861
16.6862
13.7987
32.1942
37.5435
21.4981
26.8428
32.1895
21.4969
16.6866
26.8442
32.1909
37.5403
37.8303
8.98302
26.8377
17.909
21.4922
37.8296
37.5304
26.8286
32.1753
16.6862
32.1761
26.827
13.7794
26.8277
21.4837
21.4848
16.6866
8.9828
32.1833
32.1814
26.8324
37.5304
16.6869
13.784
21.4887
16.687
21.4923
21.4934
13.791
13.7921
21.4967
21.4978
37.541
13.7919
32.1874
32.1855
26.8365
37.8312
24.4827
16.6877
21.4883
21.4894
21.4904
16.6879
16.688
13.7931
8.98426
32.1926
26.8436
26.8432
32.1899
21.4972
26.842
37.832
37.5352
16.6885
26.836
32.1827
32.1808
26.8318
13.7842
21.4888
24.4851
21.4881
21.4891
32.181
32.1792
19.1316
37.5282
37.8328
16.6893
13.7769
16.6894
29.8307
37.833
16.6895
26.8208
17.8888
21.4753
16.6887
21.4789
19.1251
37.8324
24.4699
32.1637
26.8148
32.1615
32.1596
21.467
24.4633
16.6892
16.6893
26.815
21.4709
16.6894
13.7724
16.6895
26.8233
16.6896
19.127
32.1722
19.1295
32.17
16.6899
21.4813
13.7788
16.69
21.486
21.487
21.4881
21.4892
16.6903
16.6903
16.6904
21.5007
16.6905
16.6905
13.8033
19.153
32.1984
32.1965
19.1489
32.1943
21.5016
13.7991
19.1537
19.1486
16.691
32.1963
16.6911
32.1984
16.6912
21.5082
16.6913
16.6914
21.5172
32.2091
32.2073
37.8351
13.8062
16.6917
21.5148
19.161
16.6918
16.6919
16.6919
16.692
21.5283
19.1745
24.5242
21.5271
13.8246
16.6923
37.8359
26.8707
37.5689
16.6925
32.2182
24.5208
32.2145
32.2127
21.5199
21.521
21.522
21.5231
21.5241
21.5252
16.693
37.5724
13.8233
37.5702
13.8211
26.8694
21.5253
21.5263
13.8238
16.6934
16.6935
21.5348
26.8795
32.2264
16.6936
32.227
19.1794
21.5338
21.5349
16.6939
29.8851
21.5351
37.8376
37.8376
30.1421
21.5179
37.8378
37.5565
29.8764
16.6943
16.6943
16.6944
16.6944
32.2099
37.5595
24.5092
30.1455
37.8382
13.7992
16.6947
21.5063
16.6948
16.6949
16.6949
21.5161
16.695
16.6951
21.5221
26.8668
16.6952
32.2175
32.2157
26.8667
21.5226
16.6954
16.6955
16.6955
16.6956
16.6956
16.6957
19.1863
32.2317
32.2299
26.8808
16.6959
16.696
26.8853
21.5412
26.8859
21.5418
16.6962
19.1905
16.6963
16.6963
16.6964
16.6964
26.8983
19.1994
16.6966
32.2472
32.2454
13.8491
21.5536
26.8984
16.6968
16.6969
16.6969
19.2067
17.9643
21.5597
37.8397
37.5985
26.8967
32.2436
32.2418
16.6964
21.5514
13.8488
16.6965
26.8995
17.9591
21.554
37.8393
21.5505
26.8952
24.5465
13.8457
19.1979
21.5499
32.242
21.5491
32.2412
37.5908
9.20308
16.6988
37.8424
32.239
26.89
26.8896
21.5455
21.5465
21.5475
16.6992
16.6993
21.5561
16.6993
19.2047
16.6994
19.2067
21.5611
19.2073
16.6996
16.6997
21.5664
21.5674
16.6998
16.6998
21.576
16.6999
19.2246
21.5789
16.7001
19.2276
16.7002
9.2036
21.5906
13.8881
16.7029
16.703
32.2898
21.597
26.9417
37.8467
37.6355
16.7033
26.936
32.2829
32.2812
21.5883
13.8858
21.5903
21.5913
26.936
32.2829
21.5901
16.7037
26.9372
32.2841
37.6338
37.8475
21.5836
9.0002
26.9321
21.5879
16.7041
16.7042
19.2389
16.7043
16.7043
26.9417
16.7044
19.2452
32.2906
32.2888
21.596
19.2422
16.7047
19.2442
32.2896
32.2879
26.9388
16.7049
16.7049
26.9431
21.5989
21.5999
21.6009
21.6018
16.7052
32.2976
32.2959
24.5985
26.945
19.2461
16.7055
19.2505
21.6024
19.2487
16.7056
24.6008
32.2947
19.2496
21.6014
26.9462
17.9945
26.9444
37.8485
37.6384
16.7051
13.8915
32.2871
26.938
21.5938
32.2859
21.5931
21.594
21.595
19.2437
16.7055
24.5934
32.2873
16.7057
16.7057
26.9442
32.2912
26.9421
21.5979
21.5989
16.706
9.00219
32.297
32.2952
26.9461
37.6446
16.7062
13.8976
21.6021
13.8996
19.2518
24.5992
32.2931
16.7065
16.7066
32.2973
16.7066
26.9505
16.7067
16.7068
19.2589
16.7069
21.6155
21.6165
16.707
16.707
16.7071
21.6243
32.3165
32.3147
26.9656
21.6214
16.7073
16.7074
16.7074
16.7075
16.7075
13.933
13.9339
16.7076
16.7077
21.6443
9.20457
21.6501
21.651
13.9484
21.6529
21.6538
16.7106
13.9535
16.7107
16.7107
21.6638
9.20496
21.6696
21.6705
13.968
21.6724
21.6733
21.6743
21.6752
21.6761
16.7138
16.7138
13.9781
9.01007
32.3774
27.0281
27.0277
16.714
21.6871
19.3335
16.7142
21.6899
21.6908
13.9883
32.384
32.3823
27.033
27.0326
16.7145
21.6907
37.8581
21.6872
30.0354
16.7147
19.3328
16.7148
21.6892
21.6901
21.6911
13.9885
13.9894
21.6938
16.7151
21.6983
16.7152
13.998
37.7452
32.3906
32.3889
37.8589
13.9881
16.7155
19.3401
19.3397
30.0411
16.7156
21.6931
19.3395
32.3849
21.6919
19.3382
16.7159
9.01209
16.7159
16.716
16.716
14.0014
14.0588
21.7067
21.7076
21.7085
21.7094
21.7103
21.7112
16.7164
37.7585
14.0092
37.7564
14.007
27.0552
19.3564
37.8602
30.0536
32.3946
27.0454
32.3925
32.3908
16.7169
21.7
19.3464
16.717
21.7027
21.7036
16.7172
14.0046
16.7172
19.3567
32.4021
27.0529
21.7087
19.355
19.3546
37.861
16.7176
16.7176
27.054
16.7177
19.3574
21.7116
16.7178
16.7178
16.7179
14.0738
16.7179
21.7235
21.7243
21.7252
16.7181
16.7181
14.084
16.7182
16.7183
21.7371
30.0853
21.735
21.7359
32.4281
32.4264
19.3788
37.8621
37.7716
16.7187
19.3733
16.7187
30.077
27.0705
37.8624
14.0173
16.7189
37.8625
32.4097
37.7595
13.9867
16.7217
37.8653
32.4077
27.0584
27.058
18.0871
21.7125
14.0099
21.7142
21.7151
9.01729
21.7182
14.0156
16.7212
16.7213
21.7256
13.987
21.7312
21.7321
14.0295
21.7339
21.7347
9.02032
21.7378
21.7387
21.7395
14.037
14.0378
21.7422
16.7244
21.7465
9.02067
21.7495
37.7934
13.9874
21.7522
21.7531
9.02349
16.7273
32.451
14.0544
37.8017
32.4472
32.4455
19.3979
16.7276
27.0993
9.02387
16.7277
21.7606
21.7615
18.1285
21.761
37.8704
37.8006
27.0985
32.4457
32.4441
16.7271
21.7531
14.0505
18.1217
27.0973
37.8698
37.7919
16.7264
14.0446
32.4404
27.0911
21.7469
32.4392
21.7461
21.747
27.0917
37.8703
37.7863
16.7268
27.0863
32.4335
32.4319
21.7388
14.0362
21.7405
16.7271
21.7448
27.0895
32.4367
9.02343
32.4372
19.3896
21.7437
21.7446
21.7454
21.7463
27.091
32.4382
21.7451
16.7276
27.092
32.4392
37.7891
37.8713
21.739
16.7279
21.7433
21.7441
21.745
16.728
16.728
21.7501
16.7281
32.4458
27.0965
27.0961
21.7519
21.7527
21.7536
21.7545
21.7553
21.7562
16.7285
37.8035
14.054
37.8014
27.0993
21.7551
24.7518
32.4458
27.0965
27.0961
16.7289
37.8724
37.7929
16.729
27.0929
27.0925
37.8726
37.7872
32.4328
32.4311
16.7292
27.084
21.7398
21.7406
16.7294
16.7294
16.7295
21.749
32.4413
32.4397
27.0905
21.7462
16.7297
16.7297
16.7298
32.4448
19.3972
27.0952
21.751
16.7299
32.4454
24.7481
37.8736
21.7466
16.7301
27.0934
27.093
37.7918
16.7303
16.7303
21.7513
27.096
19.3973
32.4428
21.7497
27.0944
37.7933
21.7473
27.0921
16.7307
16.7307
27.0971
18.1155
21.7515
37.8734
21.7482
27.093
24.7446
14.0436
19.3961
21.7476
24.7442
21.7468
16.7302
24.7456
24.7439
19.3947
32.4376
16.7304
21.7478
14.0452
21.7495
21.7503
21.7512
27.0959
21.7516
21.7525
19.3988
37.7961
19.3956
27.0936
16.7309
37.8744
30.0949
32.436
21.7429
21.7438
19.3928
16.7312
24.7422
24.7405
16.7313
16.7313
27.0923
32.4396
19.392
32.4376
27.0884
21.7441
27.0888
21.7446
14.0419
19.3944
24.7418
24.7401
16.7318
32.4362
37.7863
21.7403
21.7412
32.4335
27.0843
37.7832
16.7321
27.0832
21.7389
21.7397
16.7322
16.7322
21.7471
16.7323
21.7512
21.752
14.0494
21.7537
21.7545
16.7325
27.1025
27.1021
14.0544
16.7327
16.7327
27.1067
16.7328
16.7328
27.1103
16.7329
19.4137
32.4593
32.4577
21.7646
27.1093
16.7331
19.4126
32.4582
32.4566
27.1074
16.7333
16.7333
27.1111
14.0633
21.7676
27.1123
16.7335
16.7335
21.7721
21.773
16.7336
16.7337
21.7802
16.7337
19.4286
24.7786
24.777
32.4711
16.7339
32.4715
27.1223
21.778
37.8776
37.8181
16.7341
27.118
27.1176
29.0949
16.7335
30.1183
37.8771
21.7627
30.1816
30.1816
21.7532
37.8773
30.2931
37.7905
30.1834
27.0844
16.7339
21.7422
21.743
16.734
16.7341
14.0444
32.4402
27.091
19.3924
21.7464
16.7343
16.7343
27.0951
27.0948
7.74264
37.877
7.74282
19.3942
16.7327
32.4431
14.0465
21.7508
14.0481
27.0963
16.7329
16.7329
16.733
16.733
16.733
14.0598
21.7641
32.4565
27.1072
21.7629
16.7332
27.1097
16.7333
32.4602
21.767
21.7678
21.7686
14.0662
19.4158
24.7658
7.74281
16.7327
32.463
21.7698
32.4622
32.4607
18.1277
21.7662
37.8755
37.8064
27.1043
32.4516
32.45
16.7322
21.7589
14.0562
16.7323
27.1064
18.123
21.7608
37.875
21.7577
27.1025
24.7542
14.0532
19.4057
21.7571
24.7538
21.7563
21.7571
21.7579
16.7319
21.7619
27.1066
21.7623
21.7631
21.764
16.7321
32.4595
24.7623
27.1087
27.1084
21.7641
21.7649
21.7657
27.1104
16.7324
16.7324
21.7701
16.7325
27.1179
16.7326
21.7756
21.7764
16.7327
16.7327
16.7327
14.0797
27.1278
14.0801
16.7329
16.7329
16.733
16.733
14.0887
27.1369
16.7331
16.7331
16.7332
27.1424
21.7981
16.7333
27.1448
16.7333
32.4953
16.7334
32.4969
37.847
16.7335
16.7335
32.4977
9.02978
27.1503
21.806
27.1508
14.103
7.74276
14.106
16.7329
27.1572
37.8765
9.02921
27.155
37.8766
23.5172
24.8004
32.4945
21.8013
37.8455
32.4911
27.1418
21.7975
21.7983
32.4908
27.1415
16.7326
7.74299
27.1452
32.4926
37.8428
32.4884
16.7319
27.1411
32.4885
21.7952
16.732
21.7991
7.74309
32.4938
32.4923
16.7313
27.1449
37.844
7.74323
9.02671
21.802
32.4945
27.1452
37.8444
32.49
32.4885
27.1392
27.1388
16.7308
7.74334
21.7986
21.7994
21.8002
16.7301
32.4946
37.8448
27.1426
32.49
7.74345
27.1429
16.7295
21.8005
9.0257
21.8032
21.804
16.7296
14.1044
16.7297
14.1071
16.7298
27.1572
16.7298
32.5077
7.74353
16.729
32.5114
16.7291
32.5129
37.8631
16.7292
16.7292
32.5137
9.0255
27.1663
21.822
27.1667
14.119
7.74361
14.1219
16.7287
27.1731
37.8722
9.02495
27.1708
37.8724
23.5383
24.8165
16.7281
32.5125
37.8627
27.1605
32.508
7.74386
27.1608
16.7274
21.8184
9.02366
21.8211
14.1184
27.1665
16.7276
16.7277
9.02387
23.5472
24.8239
37.8704
16.7269
27.1684
37.8705
37.8638
27.1616
16.7271
27.1631
32.5106
21.8173
16.7273
14.1177
16.7273
14.1204
16.7274
27.1704
16.7275
32.5209
7.744
16.7267
32.5245
32.523
16.7268
27.1756
37.8704
7.74413
9.02223
21.8327
32.5252
27.1759
32.5234
21.8301
37.8698
32.52
27.1707
21.8263
21.8271
32.5197
27.1703
16.7265
7.7442
37.8692
27.1702
37.8693
27.1661
37.8653
32.511
32.5095
27.1602
27.1598
21.8155
27.1602
32.5077
32.5062
27.1569
18.1809
27.1553
32.5028
14.1061
32.502
21.8088
37.8531
9.02172
32.5006
32.4991
32.4976
18.1733
32.4949
9.02107
16.7249
27.1494
21.805
21.8058
16.7251
16.7251
27.1554
16.7252
14.1106
16.7252
14.1132
16.7253
16.7253
24.8173
23.5394
19.463
21.817
16.7246
16.7247
9.02089
32.5163
27.1669
16.7248
9.02102
14.1229
27.171
16.7249
16.725
16.725
23.5547
9.0204
24.8302
37.8678
37.8678
37.8679
27.1665
16.7244
24.8202
37.868
37.8625
37.8681
16.7246
27.1585
37.8682
23.5311
24.8043
27.1507
37.8499
27.1477
27.1474
16.724
14.1015
14.1022
16.7241
16.7242
27.1552
16.7242
21.8127
27.1574
27.1571
27.1567
37.8679
21.8087
27.1534
16.7245
37.8681
27.1513
16.7246
37.8524
21.8062
27.1509
32.4984
32.497
27.1477
18.1733
27.1461
32.4936
14.0969
32.4929
21.7996
37.844
9.02042
32.4915
32.4901
32.4886
32.4871
14.0904
27.1386
21.7943
21.795
16.7245
9.02075
9.02079
16.7246
14.1008
9.02089
32.4986
14.1019
18.1761
32.4967
27.1474
21.8031
21.8038
9.02031
16.7242
16.7242
16.7242
9.02045
16.7243
16.7243
16.7244
16.7244
16.7244
32.518
18.1951
27.1675
16.7237
9.08317
16.7237
21.8307
9.01999
21.8333
14.1306
32.5266
18.2044
32.524
27.1746
9.01938
16.7232
21.8339
21.8347
16.7233
16.7234
37.8669
27.1816
21.8372
21.838
24.8349
37.8671
23.5556
16.7228
37.8664
16.7229
37.8664
16.7229
30.1709
18.1993
32.5178
27.1684
32.516
14.1192
21.8234
21.8241
9.01859
16.7224
9.01865
16.7225
14.1298
32.5258
16.7226
32.5273
37.8662
16.7227
16.7227
32.528
16.7228
27.1804
21.8361
27.1808
32.5284
32.527
16.723
27.1794
37.8666
7.74489
16.7223
21.8364
32.529
27.1797
21.8353
16.7225
16.7225
16.7225
32.5345
27.1851
16.7226
9.01885
27.1883
32.5359
37.8663
32.532
9.01902
27.1844
32.532
21.8386
16.723
21.8422
7.7449
16.7222
21.8468
9.01849
16.7223
16.7224
32.5448
21.8514
37.866
32.5416
27.1922
21.8479
21.8486
32.5412
27.1919
16.7227
7.74496
16.722
9.01817
16.722
16.722
16.7221
16.7221
14.1608
7.74508
14.1635
16.7214
27.2144
37.865
16.7215
27.2123
37.8651
23.5889
24.8585
37.8644
32.5502
32.5488
27.1994
27.1991
16.721
7.7453
21.8585
21.8592
21.8599
16.7204
32.5544
37.864
27.2025
32.5502
7.74541
27.2028
16.7198
21.8602
16.7199
21.8627
9.01614
9.01617
14.1635
9.01624
21.8694
14.1667
27.2148
16.7202
16.7202
16.7203
23.6039
24.872
37.8631
16.7196
27.2164
37.8632
37.8632
24.8624
37.8633
37.8633
37.8633
16.7198
16.7199
27.2027
27.2023
14.1546
14.1553
27.2034
21.859
16.7201
27.2055
16.7202
21.864
9.01641
9.01645
37.8638
27.2087
37.8639
27.2048
16.7204
24.8585
21.8608
37.864
27.203
16.7206
14.1581
16.7207
14.1606
16.7207
16.7207
24.8645
23.5922
19.5104
27.2082
16.7201
16.7201
14.164
14.1647
21.8687
16.7203
16.7203
16.7203
9.01655
21.8774
14.1748
21.8788
9.01668
16.7205
14.1807
37.8641
37.8642
9.01684
16.7207
16.7207
14.1838
32.5799
16.7208
32.5813
16.7209
16.7209
27.2353
27.235
27.2346
16.721
16.7211
16.7211
14.1931
32.5893
16.7212
16.7212
14.198
27.246
16.7213
16.7214
24.9026
21.9048
27.2495
32.5972
32.5958
27.2463
27.246
27.2456
37.8652
27.2418
21.8974
27.2421
32.5898
32.5884
27.239
18.2683
32.5855
14.1887
9.01737
9.0174
14.1928
16.7213
9.01749
16.7213
9.01756
21.9048
14.2021
27.2502
21.9058
16.7215
16.7216
16.7216
16.7216
14.211
14.2117
37.8652
23.6367
24.9066
27.2527
37.8646
27.25
16.7211
32.5994
14.2026
18.2811
32.5976
32.5962
16.7205
12.9315
14.202
16.7198
28.8981
27.2485
16.7192
28.8982
37.862
28.8984
37.8613
30.1672
28.8985
9.01324
37.8606
14.1675
21.8716
16.7172
19.5198
16.7172
27.2194
16.7173
16.7173
24.8769
27.2231
16.7174
32.5725
19.5249
32.5708
32.5695
32.5681
14.1713
27.2193
16.7177
9.01391
14.176
37.8613
27.2217
21.8773
21.878
24.8751
37.8615
23.6029
16.7172
37.8608
16.7173
37.8609
30.1653
16.7174
16.7174
21.8694
14.1667
14.1673
21.8714
16.7176
27.2188
16.7177
37.8612
32.5669
16.7177
16.7178
9.01399
14.1751
9.01406
32.573
18.2579
32.5705
14.1737
16.7173
32.5725
32.5712
28.8986
12.9043
14.1701
28.8989
21.869
16.7152
27.2154
16.7153
19.5185
16.7154
37.8589
27.2167
21.8723
16.7155
27.2187
21.8743
21.875
21.8757
16.7156
16.7157
16.7157
21.8814
16.7158
19.5297
24.8799
21.8821
19.5286
27.2265
21.8821
32.5749
16.716
27.2271
21.8827
24.8799
14.1787
27.2268
19.5282
27.2261
19.5276
27.2254
21.881
16.7164
24.8798
19.5279
21.8817
32.5745
14.1776
14.1783
32.5745
18.261
32.572
27.2226
9.01214
16.716
21.8815
21.8822
16.7161
16.7161
16.7161
21.8889
16.7162
16.7162
21.8939
14.1912
14.1919
16.7164
32.5907
32.5894
18.2761
32.5869
9.01196
16.7158
27.2408
16.7159
16.7159
16.7159
12.935
14.2
16.7153
32.5978
16.7153
21.906
9.01158
16.7154
16.7155
21.9116
27.2563
18.2933
32.603
27.2535
32.6013
14.2045
21.9085
21.9091
9.01121
16.7151
9.01127
16.7151
14.2141
21.918
27.2628
32.6106
16.7153
16.7153
27.2644
16.7154
19.5686
27.2663
27.266
37.859
27.2633
27.263
21.9186
16.7156
16.7156
27.2666
21.9222
32.615
27.2655
9.09335
16.7158
19.5713
16.7158
32.6199
21.9263
27.271
16.716
19.5742
27.272
27.2716
16.7161
16.7161
21.9315
27.2762
30.1642
28.8988
28.899
37.8584
21.9131
37.8584
30.1629
28.8991
37.8578
37.8578
37.8578
30.1665
37.8579
32.5747
30.1624
16.7145
21.8806
37.8581
37.8581
21.8736
30.1626
16.7146
28.8991
30.1661
37.8575
37.8576
28.8993
28.8994
30.1606
32.5365
30.1607
37.8563
37.8563
16.7128
37.8564
28.8995
30.1601
28.8997
21.8213
37.8551
28.8998
30.1588
37.8544
37.8481
30.1631
37.8545
32.4874
30.1591
37.8546
16.7111
21.7901
37.8547
30.1592
28.8999
21.7793
28.9
16.7099
16.7099
37.8252
37.8229
24.7731
27.1195
16.7101
24.7731
9.00633
27.1222
21.7778
24.7748
37.8211
37.8188
27.1167
7.74752
9.29601
21.7753
24.7724
9.00539
16.7092
21.7789
14.0762
16.7093
7.74774
37.8287
27.1266
9.00493
29.1008
32.4731
23.5204
21.7777
21.7784
37.823
16.7077
16.7077
37.824
24.7742
27.1206
7.74806
27.1222
14.0744
21.7785
7.74818
16.7066
21.7827
27.1274
27.1271
21.7827
14.0799
16.7068
21.7857
9.00301
32.481
23.53
37.8296
16.7062
29.1014
30.1306
16.7058
27.1257
7.74849
9.29711
16.7047
14.0835
21.7875
16.7048
21.7898
27.1346
21.7902
7.74869
24.7892
37.8355
27.1333
24.7853
27.1317
7.7488
16.7037
16.7037
14.089
37.8371
37.8349
27.1327
27.1324
24.7844
7.7489
16.7033
16.7033
21.7918
9.29755
14.0902
16.7029
37.8408
37.8386
24.7888
27.1351
16.7031
24.7888
8.9993
27.1378
21.7933
9.29759
16.7027
14.0943
21.7983
16.7028
21.8006
27.1453
21.8009
7.74912
9.29783
16.7018
27.1502
27.1499
8.99804
24.8046
16.7019
16.7019
21.81
14.1073
16.702
7.7493
37.845
27.1576
8.99766
29.1026
32.5042
23.5604
21.8088
21.8095
21.8101
21.8108
16.7005
8.99672
32.5078
23.5644
16.6999
37.8435
16.7
29.1029
30.1475
27.1525
21.808
37.8432
16.6997
16.6997
14.1063
16.6998
21.8119
8.99601
32.5073
23.5648
37.8428
16.6993
29.1031
30.1468
16.6988
27.152
7.75
32.5017
30.1462
37.8419
29.1034
16.6978
24.7982
37.8415
37.8415
27.1401
21.7956
8.99422
16.6981
16.6981
27.1471
24.7992
24.7979
14.0968
16.6982
37.8418
27.1443
37.8419
24.7942
21.7964
21.797
27.1418
30.1459
16.6985
8.99475
16.6986
14.0966
24.7971
37.8422
27.1412
24.7933
27.1397
16.6988
16.6988
16.6989
16.6989
8.99512
21.8041
8.99518
32.4986
37.8426
37.8426
27.1448
27.1445
24.7966
29.1031
23.5476
27.1374
32.4852
30.1402
16.6982
21.7911
21.7917
16.6983
16.6983
14.0931
14.0937
32.49
21.7965
16.6984
23.5514
37.8409
27.1387
23.5477
16.6973
30.1425
32.484
21.7905
16.6974
16.6974
16.6974
21.7959
14.0932
21.7972
16.6976
21.7994
14.0967
32.4929
27.1436
32.4913
23.5515
19.4419
16.6972
27.1414
16.6972
24.7951
21.7973
29.1036
37.8384
21.7921
16.6969
16.6969
16.6969
23.552
32.4878
30.1429
16.6964
21.7946
16.6965
27.141
14.0931
27.1413
16.6966
16.6966
8.99285
8.99288
27.1482
16.6967
29.1038
21.8017
16.6963
37.8399
27.1459
16.6964
21.803
16.6965
27.1493
21.8049
29.1038
16.6961
27.1476
37.8397
16.6962
27.1467
27.1464
21.8019
27.1467
16.6963
16.6964
27.1495
16.6964
29.1038
37.8395
16.696
24.7999
16.6961
16.6961
37.8397
16.6962
37.8398
14.0991
24.7997
27.146
27.1457
27.1454
21.801
16.6964
28.9031
32.4917
27.1423
21.7979
21.7985
16.6959
27.1458
21.8013
21.8019
16.6961
32.4964
27.147
27.1467
32.4945
23.5565
19.4451
24.7955
16.6957
37.8392
16.6957
37.8393
24.793
16.6958
8.99203
27.1425
16.6959
37.8395
37.8395
24.7928
27.1391
16.6961
24.7928
8.99231
27.1416
21.7972
9.29934
16.6957
14.0979
21.8019
16.6958
21.8041
27.1489
21.8044
7.75064
24.8035
37.8389
27.1477
24.7998
27.1461
7.75074
16.6949
16.6949
21.8066
8.99114
21.8097
16.695
14.1085
9.29963
21.8135
16.6946
16.6947
21.8181
14.1154
16.6947
21.8209
8.991
32.5163
23.5799
37.8378
16.6943
29.1044
30.1418
16.6939
27.1612
7.75108
29.1046
23.5746
27.1573
32.5051
30.1403
16.6923
21.811
16.6924
16.6924
21.8147
14.1119
16.6925
21.8174
21.8181
16.6926
37.8362
27.1622
23.5776
16.6921
30.1401
32.5076
21.8141
16.6922
16.6922
16.6923
21.8193
14.1166
21.8205
16.6924
30.1404
16.6925
8.98869
23.5837
16.6919
14.1199
29.105
32.5127
37.8351
16.6916
27.1636
21.8191
16.6917
30.1397
21.8192
21.8198
16.6918
16.6918
14.121
14.1216
32.5179
21.8243
16.692
23.5872
32.517
30.1394
37.835
29.1051
16.691
16.6911
14.1154
16.6911
21.8208
21.8214
14.1187
27.1668
16.6913
21.8239
8.98753
16.6914
21.8275
32.5205
19.4729
21.8266
16.6915
27.1729
32.5208
7.7516
16.691
14.1272
16.6911
21.8327
16.6911
32.528
19.4805
27.1783
32.5262
21.8327
21.8333
16.6913
32.5277
27.1783
32.5262
23.5941
16.6909
29.1052
16.6904
16.6905
37.8341
21.8298
30.1385
27.1724
23.5904
32.5185
8.98624
16.6901
21.8289
37.8337
37.8337
27.1694
27.1691
24.8214
7.7519
16.6897
16.6897
21.8283
9.30098
21.8299
23.5945
32.521
32.5198
19.4723
16.6889
16.6889
28.9047
28.9049
30.1357
37.8313
28.905
30.1353
32.4934
37.8308
21.7969
8.98353
16.6874
16.6874
27.148
24.8002
16.6875
27.148
23.5697
16.687
16.687
21.8047
21.8053
16.6871
8.9833
32.5022
23.5753
16.6866
37.8302
16.6866
29.1063
30.1342
16.6863
28.9053
30.1337
28.9055
37.8287
30.1332
28.9056
37.8282
37.8282
28.9057
30.1321
28.9058
37.8271
29.3171
30.1314
28.8733
28.8713
30.0932
32.4347
30.0899
9.30295
16.6818
16.6818
8.97806
16.6819
30.0949
23.5172
32.4347
30.0899
16.6814
28.9064
30.1289
28.9066
28.855
30.1278
28.9068
37.8228
28.9069
37.8223
37.7527
14.003
27.0513
30.0554
16.6789
16.6789
21.7077
27.0526
30.0567
16.679
16.6791
16.6791
16.6791
16.6791
27.0586
27.0584
21.7139
27.0587
16.6793
16.6793
27.0614
24.7135
21.7158
16.6795
19.3638
21.7176
32.4105
27.0613
27.061
21.7165
24.7137
16.6797
16.6797
16.6798
21.7204
16.6798
28.9068
28.8482
37.8223
30.1268
28.9071
37.8218
16.6782
37.8219
16.6783
28.9072
13.9919
27.0402
37.7399
21.6937
29.1086
37.7351
21.6889
21.6895
21.6901
32.383
27.0338
32.3816
23.4664
19.3323
16.6772
27.0318
16.6772
24.6854
27.0319
16.6773
29.1088
21.6856
16.6769
37.7319
27.0299
30.034
23.4623
16.6765
32.3754
27.0262
16.6766
16.6766
16.6767
27.0312
27.031
21.6865
16.6768
27.0328
16.6768
21.6898
16.6769
21.6928
32.3857
28.9075
30.1244
37.8201
30.1245
28.9076
37.8196
37.8196
16.676
28.9077
16.6755
13.9608
37.709
21.6628
27.0076
30.0118
16.6757
27.0069
37.8193
30.1238
30.1239
28.9077
37.8189
28.9079
32.3309
30.1228
29.9833
37.8185
16.6749
37.8185
29.3198
28.7592
28.7573
8.96976
21.6216
16.6736
32.3159
32.3148
23.4045
26.9639
16.6732
16.6732
21.6224
21.623
21.6236
16.6734
26.97
26.9697
21.6252
16.6735
28.9083
32.3161
26.967
21.6225
21.6231
16.6731
26.9703
26.9701
32.3178
32.3167
19.2692
21.6231
21.6237
16.6733
21.6258
16.6734
16.6734
16.6734
16.6735
16.6735
28.9083
37.6746
37.6726
26.9706
21.6261
32.319
26.9699
26.9696
21.6251
21.6257
19.2722
26.9703
32.3181
16.6734
16.6734
32.3199
28.9083
37.8165
30.1209
28.9084
28.9086
29.9514
37.8155
30.1199
19.241
32.2872
23.3789
26.9364
21.5919
21.5925
16.6716
16.6716
16.6716
28.9087
30.1191
37.8148
29.9327
28.9088
30.1188
37.8143
32.2628
30.1188
16.6708
37.8144
8.96708
37.8145
29.3211
16.6706
28.702
28.7001
16.6696
16.6696
16.6697
21.5634
16.6697
26.9098
16.6698
21.5667
16.6698
16.6699
26.9145
8.97583
16.6699
21.5729
30.1181
28.9091
37.8131
30.1175
28.9092
28.9094
16.6685
29.8981
37.8121
30.1166
16.6686
8.96482
37.8123
30.1167
28.6806
37.8118
30.1162
28.9095
37.8113
16.6677
37.8114
16.6678
28.9096
13.8124
26.8608
37.5604
21.5144
29.8635
16.6675
26.8588
16.6675
29.8642
21.5138
13.8109
28.9097
28.9098
29.3225
16.6663
30.1143
31.0505
37.8097
32.1894
19.1419
23.2882
26.8386
21.4941
21.4947
21.4953
16.6658
16.6658
16.6659
16.6659
16.6659
28.9101
30.1135
29.8431
37.8091
28.9102
30.1131
32.1708
37.8087
30.1131
16.6651
28.9103
30.1127
28.6136
16.6642
37.8078
23.2567
26.8047
21.4602
30.1118
28.9106
37.8069
16.6633
32.1421
32.1411
37.4919
21.446
37.4906
26.789
26.7888
32.1363
26.7875
21.443
26.7879
28.9106
32.1322
26.7833
21.4388
26.7837
37.4832
21.4373
16.6633
37.4834
16.6634
16.6634
16.6635
32.1348
21.4417
16.6636
26.7889
19.0901
37.4882
37.4863
21.4403
16.6637
16.6638
26.7891
16.6638
21.446
21.4466
16.6639
16.664
16.664
32.1437
16.664
26.7972
21.4526
19.099
16.6642
16.6642
37.5008
32.147
16.6643
8.96052
16.6643
16.6644
16.6644
16.6644
16.6645
32.1578
24.4611
32.1557
23.2568
16.6641
32.1545
16.6641
16.6642
26.8085
21.464
21.4646
16.6643
16.6643
16.6643
21.4704
16.6644
16.6644
16.6645
16.6645
21.4769
21.4775
12.9456
21.4784
26.8233
16.6643
21.4802
16.6644
19.128
16.6645
32.1765
16.6645
16.6646
16.6646
21.4884
26.8334
21.4888
21.4894
12.9574
16.6644
21.4926
16.6645
26.8398
28.9104
37.5361
37.5342
32.1804
16.6641
26.8329
32.1805
26.8316
26.8314
19.1327
19.1324
16.6643
21.4879
13.7849
16.6644
16.6645
26.8363
16.6645
21.4932
16.6646
21.4952
12.9633
26.8404
21.4959
21.4965
21.4971
21.4977
21.4983
16.6645
21.5003
19.1467
16.6646
16.6646
8.96088
8.96091
26.8508
26.8505
16.6648
32.1996
21.5064
16.6649
32.2006
8.98102
37.5529
16.6649
37.8086
21.5039
8.96124
16.6651
8.9613
13.8053
21.5094
32.2022
19.1548
17.9515
26.8523
16.6648
8.96101
21.5106
32.2034
13.8066
21.5107
21.5113
19.1578
37.5559
8.96124
37.8087
16.6651
32.2014
32.2003
24.5036
32.1982
16.6652
21.5064
19.1528
26.8511
13.803
19.1529
32.1991
32.1981
32.197
19.1496
7.75766
16.665
12.6003
7.7579
13.8049
19.1549
26.8531
21.5086
16.6642
21.5114
7.75798
16.6637
16.6638
7.75809
19.1649
24.5154
32.2101
32.209
16.6634
19.163
7.75817
12.6149
13.8152
21.5193
16.6625
19.1671
26.8654
13.8173
21.5215
16.6627
13.8214
26.8692
7.75834
19.1722
17.9726
32.2176
26.8686
16.6619
21.5255
32.2183
16.6619
24.523
32.2177
7.75852
12.6241
32.2184
19.1709
21.5249
21.5255
13.8225
16.6612
7.75871
21.5298
19.1762
26.8744
26.8742
32.2219
21.5286
26.8735
13.8261
13.8261
26.8745
21.5299
13.827
21.5311
16.6611
19.1798
13.8308
17.9822
26.8779
7.75883
16.6602
32.2287
26.8797
16.6603
19.1832
21.5371
13.8342
21.5383
16.6605
19.187
17.9896
13.8373
26.885
7.75899
16.6596
32.2358
26.8868
13.8388
16.6597
24.5417
32.2363
32.2353
32.2343
12.6411
13.8375
16.6594
21.543
16.6595
7.75913
7.75925
32.2406
24.5439
32.2385
19.1911
7.75934
16.6582
7.75946
12.6526
16.6572
16.6572
32.2457
32.2447
24.5479
32.2426
16.6574
21.5507
19.1971
26.8953
13.8473
19.1972
19.197
26.8952
21.5507
16.6577
21.5535
7.75957
16.6572
16.6573
7.75968
19.2069
32.2531
32.252
32.251
19.2035
7.75976
16.6565
7.75987
32.2545
16.656
24.5591
32.2538
7.75996
12.6675
32.2545
19.207
21.5609
21.5615
13.8586
16.6553
21.564
16.6554
8.95162
26.9125
21.5679
13.865
21.5691
13.8662
21.5702
19.2167
32.2629
32.2619
16.6557
24.5665
16.6558
32.2626
32.2615
37.6125
37.6107
24.5611
16.6559
19.2108
26.9089
13.8609
21.565
16.6561
13.8649
26.9126
7.75995
19.2156
18.0242
32.2611
26.9121
16.6553
21.5689
16.6554
21.5708
7.76014
21.5723
16.655
21.5742
16.655
7.76023
21.5778
19.2243
26.9225
26.9222
32.2701
21.5767
26.9216
13.8742
13.8741
13.8747
12.6851
16.6544
16.6544
8.95068
19.2296
18.0397
26.927
19.2284
21.5823
13.8794
13.8806
16.6542
16.6542
24.5834
32.278
32.277
32.276
12.6896
13.8792
16.6539
21.5846
16.654
7.76049
7.7606
13.887
32.2828
26.9337
21.5891
18.0476
19.2349
13.8853
21.5893
8.94902
16.6528
37.6386
28.7535
24.5867
32.2814
32.2804
16.6525
13.8849
21.5889
21.5894
8.94885
19.2373
7.76082
37.6364
37.6346
24.5851
28.7493
13.8816
32.278
16.6519
21.5859
8.94818
21.5878
21.5884
19.2349
13.8853
21.5893
13.8871
16.6522
26.9361
13.8881
21.5921
8.9485
32.2872
24.5905
32.2852
7.76089
32.2858
16.652
18.0532
21.593
13.8901
13.8913
16.6516
26.9404
26.9401
16.6517
13.8935
21.5975
8.94801
32.2926
19.2451
21.5989
26.9438
19.2452
16.652
21.6004
16.652
16.6521
32.2961
21.6026
26.9475
13.9001
16.6522
21.6056
12.7159
32.2987
37.6497
37.6479
24.5984
16.6519
28.7644
26.944
8.94772
16.6515
19.2497
26.9478
32.2957
21.6022
16.6517
16.6517
16.6517
26.9519
16.6518
24.6054
32.3001
32.2991
16.6519
18.0665
19.2522
13.9026
16.6515
24.6055
37.6522
28.7687
32.2961
32.295
16.6512
16.6513
13.9008
13.9014
16.6513
28.9137
18.0644
28.9139
28.914
16.6495
19.2425
21.5963
13.8935
21.5975
16.6497
19.2461
18.0622
13.8964
26.9441
7.76166
16.6489
32.2949
26.9458
13.8978
16.649
37.6484
28.7682
37.6443
32.2905
32.2895
8.9449
16.6487
21.5987
7.7618
13.8967
21.6007
19.2472
21.601
19.2475
26.9456
32.2935
21.6001
16.6485
16.6486
16.6486
26.9497
16.6487
21.6065
13.9036
19.2536
18.0708
13.9032
21.6072
16.6484
32.3015
26.9524
32.3003
26.9512
13.9038
16.6486
16.6486
16.6486
21.6127
8.94489
21.6153
19.2619
19.2616
32.3079
16.6488
16.6489
16.6489
21.6192
16.6489
26.9654
16.649
16.649
13.9208
13.9213
13.9225
26.9702
32.3181
18.0876
26.9682
19.2697
21.6234
16.6488
37.6706
16.6489
26.97
32.3179
28.993
26.9666
16.6487
21.6241
37.6692
19.2689
19.2686
26.9667
16.6488
16.6489
21.6256
16.6489
16.649
7.76175
7.9644
16.6482
19.2786
32.3249
16.6483
21.6327
13.9298
16.6484
28.9144
28.9145
16.6475
16.6475
16.6475
37.7912
37.675
8.94384
28.9146
29.9759
28.9147
21.6222
21.6227
26.9676
16.6469
37.6697
32.3159
26.9667
26.9665
32.3144
28.992
16.6467
16.6467
7.96491
7.7624
7.96514
16.6456
16.6457
37.6728
37.7894
16.6458
28.9151
28.9152
29.9682
28.9153
16.6445
32.3083
24.6116
21.6138
19.2604
16.6446
26.9598
19.2613
32.3075
13.9106
13.9111
19.2611
26.9592
13.9112
26.9595
19.261
16.6449
18.8275
19.2617
32.3079
16.6449
21.6158
7.76277
32.3104
26.9612
32.3092
13.9123
26.9606
16.6447
19.2633
19.2632
32.3094
18.8276
7.76285
32.3096
26.9604
32.3084
21.6149
16.6443
24.6135
16.6444
32.3095
13.9126
21.6166
12.7365
7.763
21.6188
21.6193
16.6437
19.2672
32.3134
16.6438
13.9178
26.9661
19.2676
7.76304
32.3154
19.2679
18.8354
32.3138
26.9647
32.3126
32.3116
19.2642
21.6179
13.915
7.76312
16.6431
12.743
21.6219
8.93898
19.2705
24.6211
16.6429
7.7633
32.3187
12.7472
21.6253
13.9224
21.6263
21.6269
21.6274
16.6422
32.3218
24.6251
13.9238
19.2738
7.76344
8.93811
16.6419
12.7551
16.6415
24.6307
32.3254
21.6319
19.2784
12.7552
21.6322
21.6328
16.6413
16.6413
7.7637
8.93712
26.9838
7.76379
19.2869
32.3332
32.3322
26.983
32.331
32.33
19.2826
13.9328
26.9811
32.3291
19.2816
26.9797
26.9795
16.6409
8.93715
16.641
16.641
19.2876
18.8586
7.7638
16.6405
32.3363
24.6397
21.6418
19.2884
16.6406
26.9877
19.2892
32.3355
13.9386
13.9391
19.2891
24.6397
16.6409
7.76381
32.3372
12.7682
21.6437
13.9409
21.6448
21.6453
21.6458
16.6402
26.992
32.34
13.9431
26.9913
16.6404
26.9924
19.2939
32.3401
22.5247
7.76395
32.3404
26.9912
32.3392
13.9422
16.64
12.7724
21.6475
32.3406
13.9436
37.7834
29.9941
19.2894
21.6431
24.6405
28.8204
32.3331
24.6364
16.6395
16.6395
19.2872
26.9852
13.9373
26.9855
26.9853
16.6397
22.5212
19.2878
32.334
13.937
29.99
24.6361
37.7834
32.3284
32.3274
21.6339
13.1794
15.6162
19.2811
21.6348
32.3279
32.327
32.326
19.2786
7.96698
16.6394
16.6394
8.93567
26.9813
19.2828
21.6365
32.3296
37.7832
29.9827
28.8099
32.3223
24.6256
16.6393
13.1748
15.6117
26.9741
26.9739
32.3219
32.3209
19.2735
7.96715
16.6388
8.93507
26.9749
13.927
26.9752
16.639
21.6327
12.7595
37.7822
7.96731
32.3243
26.9751
28.8102
26.9727
16.638
21.6302
37.6754
16.6381
26.9746
32.3226
19.2751
26.9732
26.973
16.6382
8.93447
16.6383
16.6383
26.9793
22.516
7.76449
21.6359
26.9808
32.3288
32.3278
16.6379
37.7816
26.9782
32.3262
26.977
28.8124
32.3229
21.6293
24.6267
16.6378
32.3227
13.9258
21.6297
12.758
7.7647
21.6318
21.6323
16.6371
21.6341
16.6371
16.6372
21.6371
12.7662
19.2838
21.6375
8.93308
22.5235
26.984
13.936
16.6368
19.2881
16.6369
16.6369
21.6449
16.637
8.93322
26.993
16.6371
16.6371
8.93333
16.6371
16.6372
26.9998
21.6552
8.93348
8.9335
32.3516
24.6549
13.9537
19.3037
16.6374
21.6593
32.3525
27.0032
32.3513
19.3039
21.6575
21.658
13.9551
19.3051
24.6557
32.3505
16.6378
16.6378
32.352
37.7815
30.0051
21.6543
21.6548
24.6522
26.9987
22.5359
32.3464
19.2989
26.997
13.949
13.9495
16.638
19.3008
16.6381
32.349
24.6524
28.8344
37.7814
32.3426
32.3416
21.648
13.1963
15.6335
19.2953
19.2951
32.3414
16.6377
13.9457
26.9939
19.2955
7.76462
32.3433
26.9941
22.5322
32.3417
26.9925
32.3406
26.9914
7.76471
19.2944
32.3407
32.3398
26.9906
32.3386
32.3376
19.2902
13.9405
26.9887
22.5271
26.9881
16.6372
8.93341
24.6437
32.3384
21.6449
19.2915
16.6373
12.7755
16.6369
21.6484
21.6489
37.7807
28.8284
29.9941
24.6402
32.3349
13.1906
15.6281
16.6364
19.2893
26.9874
16.6365
32.3367
26.9875
32.3355
19.288
21.6417
13.9389
32.3354
32.3344
32.3335
26.9843
22.5233
26.9837
13.9357
26.984
16.6368
8.93303
29.991
28.8218
37.7801
32.3283
32.3274
21.6338
13.1838
8.93257
15.6225
19.2823
7.76499
21.6368
19.2835
32.3297
32.3288
26.9796
37.7797
29.9817
24.6279
28.8125
21.6279
32.3211
21.6275
21.628
12.7588
8.93166
13.1808
15.6185
7.7653
19.2773
29.9802
28.8136
24.6242
32.319
32.318
21.6245
13.1772
15.6152
21.6256
21.6262
8.93049
19.274
12.7599
7.76562
16.6335
16.6336
16.6336
13.9295
16.6336
16.6337
28.9182
22.522
26.9771
28.9183
28.9184
16.6324
8.92864
28.9185
8.92827
16.6321
16.6321
13.9254
28.9186
28.9187
22.514
28.9188
26.9628
28.9189
8.9267
26.9603
32.3083
26.9591
16.6306
16.6306
21.6177
16.6307
16.6307
16.6307
26.967
16.6308
12.7603
21.6237
26.9685
16.6305
32.3178
37.669
28.8122
26.9649
37.7738
8.92643
21.6199
8.92649
16.6303
16.6303
8.92657
16.6304
28.9191
28.9192
28.9193
13.9133
28.9194
28.9195
28.9196
37.7717
8.92431
16.6281
26.9505
26.9503
26.9501
16.6282
16.6283
21.6086
16.6283
16.6283
16.6284
16.6284
32.3073
24.6107
21.6128
19.2594
16.6285
26.9587
19.2602
32.3066
13.9096
13.9101
26.9584
32.3064
13.9095
26.9578
16.6288
26.9588
19.2603
32.3066
22.5085
7.76697
32.3068
26.9576
32.3057
13.9087
16.6285
26.9582
32.3063
32.3054
19.2579
7.97031
16.6284
16.6284
8.92466
26.9605
19.262
32.3083
26.9591
26.9589
26.9587
26.9585
16.6287
13.9124
26.9607
16.6287
22.5137
32.3103
16.6287
19.2648
32.3111
24.6145
16.6288
32.3105
13.9135
26.9618
26.9616
26.9614
16.629
24.615
32.3097
21.6162
19.2628
12.7553
21.6165
21.617
22.5132
26.9616
13.9136
16.6287
19.2655
32.3118
32.3109
19.2634
26.9615
16.6289
8.92513
13.9159
16.629
32.3144
16.629
32.3147
24.6181
13.9168
19.2668
26.9649
13.9169
26.9651
26.9649
22.5153
32.3126
26.9635
26.9633
32.3113
26.9621
16.6293
16.6293
21.6206
16.6294
16.6294
16.6294
26.9698
21.6252
21.6257
37.671
16.6296
32.3185
13.9215
24.8952
19.2705
19.2703
19.2701
32.3165
16.6298
13.9207
26.969
7.76669
32.3185
32.3176
32.3167
7.97004
26.9684
32.3164
26.9673
21.6227
16.6294
12.7628
21.6244
32.3176
37.7727
21.6217
24.6192
32.3139
32.313
24.8885
37.6633
16.6292
21.6181
16.6293
16.6293
19.2678
16.6294
21.6227
16.6294
16.6294
16.6295
21.6267
21.6272
13.9243
19.2743
32.3207
37.7733
29.974
21.6232
24.6206
19.2689
26.9669
13.919
26.9672
16.6299
26.9682
16.6299
37.6696
21.6232
26.9681
7.76665
19.2711
32.3174
32.3165
26.9673
32.3154
32.3145
19.2671
13.9173
26.9656
19.2671
24.6178
16.6299
12.7588
21.6211
16.6296
13.9201
37.6688
26.9668
32.3149
19.2674
16.6298
19.2691
32.3154
32.3145
26.9653
32.3134
19.266
21.6196
13.9167
26.965
26.9648
32.3129
16.6301
16.6301
21.6224
16.6302
16.6302
26.9703
16.6303
22.5203
26.9709
8.92643
26.9719
32.32
16.6303
13.9242
21.6281
21.6285
32.3217
32.3208
32.3199
26.9707
22.5192
26.9702
13.9222
26.9705
16.6305
26.9714
19.273
32.3193
16.6306
8.92683
21.6281
26.973
16.6307
13.9268
26.9751
26.9749
26.9747
21.6301
16.6309
37.6773
13.9275
32.324
21.6304
16.631
21.6321
37.7747
28.8193
29.9775
24.6237
32.3185
13.1823
15.6211
16.6305
21.6267
19.2734
21.627
26.9719
16.6306
16.6306
13.9269
16.6307
16.6307
28.919
28.9191
28.9192
16.6296
8.92585
28.9193
37.7729
29.9697
24.6159
28.8091
21.616
32.3092
21.6156
21.616
12.7554
8.92493
13.1779
15.6172
7.76707
19.2653
28.9197
28.9198
28.9199
28.92
37.7702
30.0747
28.9201
37.6404
8.9225
16.6263
37.6412
37.6396
28.9021
16.6261
8.92232
28.9202
16.6257
8.92199
8.92202
24.5922
28.7899
37.7691
32.2827
32.2819
21.5883
13.1532
15.5932
8.92153
19.2367
28.9006
37.6333
37.6317
37.6301
37.6286
37.7688
16.6252
8.92142
30.0733
28.9204
28.9205
37.7682
26.9162
16.6246
37.6176
28.9206
28.9207
37.7675
28.9208
30.0716
28.9209
28.921
8.91902
21.5492
12.6964
32.2424
21.5489
37.7662
29.8963
32.2382
24.5416
28.7434
16.6223
24.8004
32.2348
16.6223
37.5872
8.91861
16.6224
16.6224
24.5427
19.191
21.5447
28.7449
29.8924
13.1107
26.8864
15.5513
28.9213
28.9214
28.9215
28.9216
28.9217
37.7638
30.0682
32.2117
19.1643
37.5628
19.1625
16.6203
21.5175
21.5179
16.6204
16.6204
21.5208
12.671
19.1674
21.5212
8.91635
24.7775
37.5674
19.1671
19.1669
21.5207
26.8656
16.6203
16.6203
16.6204
16.6204
16.6204
16.6204
8.91668
8.91671
37.5764
37.5749
28.8449
28.9218
37.5688
28.9219
37.564
28.922
28.9221
28.9222
28.9223
37.7618
30.0662
28.9224
37.7615
37.7615
29.8388
28.6938
24.4831
32.178
32.1771
21.4837
13.0594
15.5014
21.4848
21.4853
19.1318
7.77004
16.6171
19.1336
21.4874
24.7375
32.1796
26.8306
37.5307
16.6173
8.9135
16.6173
8.91356
16.6174
16.6174
15.5084
19.1378
21.4916
28.6983
24.487
29.8384
32.1804
37.7608
24.4816
37.7608
28.9226
28.9227
21.4744
30.0646
32.1646
26.8157
7.77027
30.0643
29.8167
28.6737
37.7596
32.1545
32.1537
21.4602
13.0381
8.91206
15.4817
19.1086
7.77048
37.7591
28.9231
30.0632
28.9232
28.9233
28.9234
28.9235
37.4852
37.4837
8.91001
37.7575
28.9236
28.9237
28.9237
28.9238
16.6124
28.9239
28.924
30.0598
16.6118
8.90801
32.1088
37.7555
29.7623
28.6249
32.1024
24.4058
16.6116
21.4093
12.9933
21.4101
15.4373
26.7555
12.572
16.6111
37.7548
28.9243
28.9244
28.9245
28.9246
28.9247
30.0574
28.9248
16.6091
16.6091
8.90534
29.7389
24.3852
37.7529
32.0779
32.0771
21.3837
12.9708
15.415
19.0309
8.9053
7.77235
21.3867
21.3872
21.3877
19.0341
26.7325
12.975
15.4193
28.925
28.9251
30.056
37.7516
28.9252
28.9253
28.9254
28.9255
28.9256
37.405
16.6063
37.4053
28.9256
37.4013
37.3998
37.3983
37.7498
16.6061
8.90235
30.0542
8.9024
28.9257
37.7495
28.9258
30.0536
28.9259
28.926
28.9261
28.9262
28.9262
37.7475
26.6657
28.9263
37.7472
16.6036
7.77389
16.6033
24.3156
29.667
28.5405
16.603
32.009
37.7468
7.77404
18.9602
8.899
16.6028
16.6028
8.89908
16.6029
28.9266
28.9267
28.9268
13.6076
28.9269
28.927
28.9271
37.7446
8.89714
16.6009
21.3016
21.3021
16.601
21.3038
16.6011
31.9979
8.89934
28.9271
30.0489
28.9272
28.9273
28.9274
28.9275
28.9276
37.3279
8.89541
16.5992
37.3287
37.3272
28.625
28.9277
12.8783
18.9231
21.2771
24.2743
37.7423
28.9278
7.77542
16.5979
8.89418
37.3191
28.928
28.6165
37.3134
37.3119
37.3104
37.7412
37.7412
28.9282
28.9282
28.9283
28.9284
28.9285
30.0439
16.5959
21.2435
21.244
12.4254
21.2446
12.8507
15.2985
26.5904
28.4798
28.9288
37.7385
28.9289
24.2315
24.2307
30.0426
29.5793
7.77648
37.738
31.9201
30.0424
16.5943
28.9291
8.89026
31.9144
37.2656
37.2642
28.5687
28.9292
30.0416
28.9293
37.7369
28.9294
28.9295
28.9296
37.2398
28.9297
28.9298
16.5916
8.88788
8.88791
37.7354
7.77731
16.5914
26.5368
8.8877
21.1933
24.1905
18.8389
24.1895
37.2365
37.2351
28.5428
28.9299
37.2294
30.0392
28.93
37.7345
28.9301
16.5905
28.9302
37.7339
28.9303
8.88611
8.88614
28.9303
28.9304
30.0374
28.9305
28.9306
8.88682
21.1543
13.4511
13.4516
21.1558
12.3464
21.1565
26.5015
37.2012
28.9308
28.9308
37.193
30.036
28.9309
37.7314
28.3825
37.1811
37.1797
24.1305
21.1331
16.5875
31.8271
28.9311
37.7309
28.9311
30.035
24.1176
28.9312
37.1609
37.1594
28.3589
37.1562
21.1104
15.1791
21.1114
18.7576
16.5864
12.7312
26.4578
37.73
28.9314
30.0341
28.9315
37.1458
30.0338
28.9316
15.1621
37.1371
21.0913
28.3386
16.5851
37.1355
21.0898
16.5852
8.88147
26.4378
16.5853
28.9317
30.0331
37.7287
30.0331
28.9318
24.0746
37.1216
37.1202
28.322
37.117
21.0712
15.143
18.7179
21.0721
12.6935
26.4175
16.5844
31.7662
24.0697
24.0689
24.0682
21.0708
18.7171
17.6161
16.5843
26.4171
28.932
28.9321
30.0318
12.6837
28.9322
15.1324
30.0313
37.101
28.3049
37.7267
7.77988
37.0959
30.0308
37.0905
28.9325
28.2924
30.0302
28.9326
37.0785
37.7256
37.0744
24.0252
21.0279
16.582
31.7219
26.3735
21.0287
24.0258
18.6742
15.1038
16.5821
30.0302
37.7259
28.9326
30.03
24.014
28.9327
37.0574
37.056
28.9328
30.0294
28.9329
23.998
30.0292
28.933
37.0374
37.036
15.0679
28.2435
20.989
18.6352
12.616
20.9898
37.0345
16.5804
26.3347
20.9899
26.3351
16.5805
16.5806
20.9933
16.5806
13.2919
28.2491
37.0387
13.2893
20.9935
26.3387
16.5805
16.5805
8.87677
18.6431
20.9973
16.5806
26.3442
13.2958
21
16.5807
21.0017
16.5808
18.6491
18.649
21.0032
18.6494
16.5809
7.78049
21.0068
16.5807
21.0085
16.5807
21.0102
26.3553
7.78053
18.6577
7.78062
13.309
16.5802
18.6601
21.0143
26.3594
18.6604
21.0146
21.0151
16.5804
16.5805
16.5805
24.0162
7.78061
16.5802
13.3178
21.0221
26.3672
7.78067
22.9255
24.0193
18.6678
37.0662
26.3651
24.0169
24.0162
31.7111
21.0181
12.2202
16.5796
16.5797
18.6675
7.78086
26.3677
16.5794
18.6699
21.024
21.0245
26.3696
22.9272
7.78099
24.0218
37.0688
18.6689
24.0195
26.3669
24.0186
31.7136
12.2232
21.0208
16.5789
26.3671
18.6681
21.0222
7.78108
16.5787
16.5787
16.5787
21.0283
16.5788
18.6756
7.78112
26.3758
18.6768
16.5786
21.0328
13.3296
26.3784
18.6794
16.5787
18.6811
21.0352
7.78113
21.0372
7.78121
16.5782
16.5783
21.0408
13.3376
7.78127
24.0398
18.6882
24.0389
26.3862
37.0858
24.0366
31.7316
21.0386
18.6848
21.039
16.5783
26.3858
13.3374
21.0416
16.5784
21.0433
16.5785
18.6907
21.0448
26.3899
18.6909
21.0451
21.0456
16.5787
16.5787
16.5787
24.0467
7.78114
16.5785
21.0519
26.3971
7.78121
18.6995
7.78129
21.0544
16.578
18.7018
18.7017
21.0558
18.7021
16.5781
7.78132
21.0594
16.5779
21.0611
16.5779
28.3192
29.4097
37.104
37.7215
37.1006
21.0548
21.0553
17.6096
17.6095
17.6095
22.9602
21.0534
31.7462
21.0531
21.0536
21.0541
16.5768
16.5768
29.4063
37.1005
7.78172
37.7203
18.6993
21.0535
21.054
37.0988
24.0497
12.2581
28.3111
13.3471
21.0513
26.3964
22.9584
24.0472
18.6956
26.3943
24.0462
24.0455
17.6042
26.3923
21.0475
24.0446
37.7196
29.394
37.0883
28.3018
24.0374
21.0401
22.948
17.5965
16.5751
17.5975
17.5975
22.9482
21.0382
37.0831
28.2988
29.3088
28.9352
31.6157
37.0703
29.1408
17.5821
37.7167
37.7167
21.0167
24.0137
24.013
37.06
29.363
18.6587
30.0212
30.0213
28.9353
21.0047
21.0052
7.7829
18.6522
26.351
31.6985
21.0055
17.5664
26.3502
12.2167
16.5722
13.3031
21.0073
12.2193
16.572
21.0091
37.0539
29.3569
37.7158
16.5721
7.78315
24.004
22.919
37.05
24.0008
13.2999
21.0041
21.0046
12.2173
16.5714
26.3516
26.3515
37.0511
37.0497
29.3527
28.2675
23.9975
21.0003
17.5629
22.9137
17.5622
31.6911
12.2119
37.0426
26.3415
23.9933
31.6883
20.9953
16.5703
12.2116
13.2941
12.2126
20.9985
20.999
20.9995
21
21.0005
21.001
16.57
21.0026
13.2994
7.78379
26.3496
22.9199
24.0004
18.6489
23.9995
26.3469
37.0465
23.9974
31.6923
20.9993
17.5641
17.5641
31.6912
37.0426
28.2649
37.0395
29.1424
29.3109
20.9888
37.7123
31.6193
28.9368
37.712
30.0164
30.0164
28.9368
22.8866
26.3129
37.0125
23.9634
13.2624
20.9666
12.1843
20.9673
16.5676
26.3142
26.3141
37.7114
29.1428
16.5675
20.9663
26.3114
18.6124
20.9665
7.78453
16.5673
16.5674
16.5674
20.9724
17.5402
31.6648
22.8902
37.0151
20.9694
28.2408
37.0126
37.7104
29.3117
29.1432
37.0043
29.3073
31.621
28.9374
37.7098
30.0142
23.9413
30.0142
23.9374
26.2848
36.9843
23.9352
13.2343
20.9385
12.1583
20.9392
16.5661
26.2861
26.286
37.7099
36.9836
36.9822
28.2084
23.9314
20.9342
17.5039
22.8546
17.5031
31.6251
18.5778
23.9285
31.6235
20.9306
16.5653
12.1534
20.933
23.93
26.2775
16.5651
28.9378
30.0129
16.5649
36.975
12.1505
22.8513
23.925
26.2725
16.5644
36.9737
37.7082
23.9227
29.2741
36.9684
17.4938
17.4938
22.8445
20.9209
31.6137
16.5638
20.9219
13.2186
20.9229
37.7076
29.2701
36.9644
28.1935
20.9171
23.9141
17.489
26.2612
18.5621
16.5635
20.918
20.9185
26.2637
23.9154
12.141
36.9627
26.2617
26.2616
22.8402
17.4887
31.6077
36.959
28.1895
20.9118
29.1446
29.3135
28.9387
13.2002
17.4787
26.2487
20.9039
17.479
20.904
20.9045
26.2497
16.5616
16.5616
37.7054
36.9495
29.145
20.9017
37.7053
31.5925
23.896
18.5445
16.5616
26.2451
16.5617
20.9021
20.9026
13.1994
36.9479
8.85807
16.5618
7.78632
26.2506
28.9389
30.0095
20.9017
31.5944
16.5614
31.5954
16.5615
23.9001
16.5615
22.8297
36.9472
26.2463
23.898
20.9008
18.547
13.1975
16.5614
18.5491
20.9034
16.5615
20.905
10.2751
20.9063
20.9068
7.78646
31.601
22.8343
31.5992
36.9506
18.5507
20.9049
29.254
31.5963
26.248
20.9033
18.5495
20.9037
26.2488
16.5612
7.78652
20.9072
16.561
20.9088
10.2753
7.78665
18.5567
20.9109
26.256
7.78671
16.5604
16.5604
10.2755
20.9163
18.5625
18.5624
16.5603
26.263
7.7868
7.78688
20.9204
20.9209
16.5598
8.85612
13.2199
20.9241
7.78692
31.6183
18.571
22.8534
31.6164
20.9235
36.9683
31.6149
29.2706
26.2653
20.9206
16.5596
13.219
20.9233
31.616
22.8512
36.9664
31.613
7.78705
29.2701
20.9201
18.5663
31.6128
13.2161
26.265
10.2759
18.5668
7.78714
16.559
18.5698
26.2686
20.9238
18.57
7.78719
18.5713
13.2218
7.78726
16.5586
20.9279
26.2731
16.5587
16.5587
18.5768
7.78729
18.5781
20.9323
18.5785
13.2289
8.85485
18.5806
20.9347
16.5587
20.9363
10.2762
18.5834
20.9376
18.5838
8.85487
7.78733
20.941
16.5584
20.9426
10.2763
7.78745
20.9448
18.591
7.78752
18.5923
13.2427
7.78759
16.5575
20.9488
18.595
18.5949
20.9491
18.5953
7.78763
16.5574
8.85371
10.2766
20.9545
16.5573
20.956
18.6023
8.85365
16.5574
29.3079
37.0023
37.001
20.9553
31.6481
7.78766
18.6016
20.9557
28.2397
26.2993
10.2768
18.6011
7.78786
16.5567
18.6041
18.604
31.6504
37.0018
29.3049
28.239
26.2979
20.9531
22.8859
22.8852
17.5338
20.9512
20.9517
27.8894
16.5558
17.535
37.6993
8.85181
36.9962
31.6428
29.2986
26.2932
28.2341
20.9468
22.8811
22.8805
17.529
20.9449
16.5547
17.5305
20.9461
8.8507
27.8877
37.6982
20.9456
13.2423
20.9465
31.6393
22.8814
36.9897
31.6363
7.7887
29.2935
20.9434
18.5897
31.6361
13.2394
26.2883
28.2311
29.2906
31.6329
20.9399
36.9848
36.9835
20.9378
17.5231
17.523
22.8738
27.8778
22.8725
20.9347
26.2799
12.1719
18.581
26.2799
22.8724
31.6264
36.9778
29.2808
20.9308
13.2276
16.5527
20.9335
8.84896
20.9356
16.5528
36.9816
36.9803
26.2793
20.9345
18.5807
18.5806
20.9348
20.9353
16.553
16.553
20.9379
8.84934
13.2364
20.9405
20.941
31.6338
29.2896
31.6319
20.9388
36.9837
36.9824
22.8733
17.5219
22.8727
27.8768
37.6963
13.228
20.9322
31.625
18.5777
22.8694
20.9309
31.6237
36.9751
28.2194
36.9722
20.9266
26.2717
22.865
17.5135
22.8643
27.8688
16.5514
16.5514
29.2747
36.9691
16.5515
22.8641
16.5512
31.6174
20.9244
7.78965
31.618
16.5511
17.5148
16.5508
20.9268
20.9272
26.2724
13.2239
36.9725
16.551
36.9729
36.9716
17.5147
36.9699
31.6166
29.2723
20.9223
28.2148
8.84691
22.863
22.8623
13.2172
37.694
17.5094
12.1599
12.3671
29.2683
22.86
31.6097
31.609
13.2123
16.5493
20.9181
20.9186
20.9191
26.2642
16.5495
20.9205
13.2173
7.79022
26.2669
17.5133
36.9662
8.84532
16.5491
36.9676
29.2707
36.9651
28.2137
20.9179
26.263
22.8606
22.8599
17.5085
27.8653
20.9151
20.9156
37.692
16.5482
17.5078
20.9149
20.9154
31.6082
18.5609
20.9151
16.5481
20.9172
18.5634
16.5482
29.2674
20.9174
36.9623
36.961
31.6076
28.21
31.6054
31.6047
36.9561
29.2592
20.9092
13.206
13.2064
16.5483
20.9123
20.9128
20.9133
26.2584
18.5594
18.5593
8.84473
18.5608
7.79055
20.9157
26.2609
28.9431
29.2627
20.9127
16.5481
31.6072
23.9107
16.5482
16.5482
28.3968
7.7907
16.5478
8.84407
16.5478
22.8631
31.6106
36.962
29.2651
16.5477
13.213
20.9172
26.2623
29.2663
20.9163
36.9612
13.2118
26.2607
31.6082
22.8589
31.6066
31.6059
28.9433
29.2595
16.5475
20.9106
28.9434
29.2577
20.9077
31.6005
16.5474
23.9057
16.5475
31.6018
16.5475
22.8541
36.9533
29.2564
18.5521
31.5986
26.2503
20.9055
8.12158
13.2037
20.9079
13.2047
20.9089
29.2581
36.9525
22.8512
31.5982
36.9496
22.8486
31.5953
13.1986
31.5951
16.5471
20.9038
13.2005
20.9047
20.9052
20.9057
18.5519
26.2507
7.79095
16.547
13.204
8.12173
28.9436
28.9437
8.84264
16.5464
28.9437
26.2473
31.5948
18.5475
16.5463
20.9033
8.12204
20.9053
28.3897
13.2005
26.2494
13.2009
26.2498
13.2013
16.5461
16.5461
20.9076
13.2043
12.1542
36.9532
36.9519
36.9507
13.2013
13.2017
16.5461
28.391
28.9439
26.2481
36.9477
37.6895
17.496
16.5455
37.6893
16.5456
37.6894
28.3837
28.9441
37.6889
20.8935
36.9384
37.689
37.689
16.5453
13.187
16.5453
13.1885
26.2374
36.937
16.5454
31.5847
17.4879
20.8914
20.8919
17.4887
13.1882
26.2371
16.5451
20.8934
16.5451
13.1912
13.1917
36.9403
36.939
12.1403
28.9442
26.2362
17.4884
20.891
16.5446
13.1888
26.2377
16.5446
36.9384
36.9371
28.9443
13.1857
28.3761
13.1847
20.8889
18.5351
31.5816
26.2333
16.5444
20.8895
7.79185
20.8908
20.8912
16.5443
20.8928
16.5443
26.2395
20.8947
26.2399
26.2398
7.79186
8.84048
36.9413
20.8956
7.79191
26.2421
26.242
16.5441
13.1945
20.8987
23.8958
26.2432
7.79193
7.79202
16.5437
7.79209
26.2476
26.2475
26.2474
16.5436
13.2005
7.79213
7.79221
13.2031
16.5432
26.253
20.9082
13.2049
16.5433
7.79224
7.79232
16.5428
16.5428
8.83909
16.5429
7.79237
26.2641
26.264
20.9192
13.216
7.79242
16.5425
7.79249
16.5423
8.83855
20.9265
26.2717
7.79254
36.9727
13.2233
26.2721
16.5422
16.5422
28.2335
26.2731
24.434
30.6957
20.9267
26.2718
28.2312
24.4319
30.6937
36.9683
20.9226
16.5413
16.5413
16.5413
20.9262
7.79286
20.928
36.9729
20.9272
28.2325
24.4333
16.5408
30.6961
36.97
16.5407
16.5408
7.79306
13.224
26.2728
20.928
16.5406
26.2742
7.7931
36.9752
13.2258
26.2747
16.5405
28.2367
24.4375
30.6994
16.54
26.274
16.54
20.9302
16.5401
20.9317
16.5402
18.5796
20.9337
26.2788
26.2787
7.79322
8.83629
36.9803
20.9345
26.2797
7.79327
36.9807
13.2313
26.2801
16.54
16.54
28.2444
26.2811
24.4451
30.7071
20.9347
26.2798
26.2797
13.2312
16.5396
37.6834
16.5397
16.5397
16.5397
37.6835
20.9359
7.79338
16.5396
37.6834
37.6834
37.6834
37.6835
31.6234
16.5397
37.6835
37.6836
30.2961
22.88
18.5703
20.9244
13.2211
16.5396
26.271
37.6834
37.6835
37.6835
37.6835
37.6835
37.6836
16.5398
30.2836
22.8676
31.6045
26.2561
16.5396
16.5396
26.2592
26.2591
20.9143
16.5397
16.5398
16.5398
20.9184
16.5399
26.2646
16.5399
26.2655
28.2273
24.4281
30.6901
36.9621
37.6832
37.6833
37.6833
37.6833
26.2528
18.5538
24.417
30.679
36.9508
36.9496
20.9039
24.4136
28.211
36.9464
36.9452
26.2442
16.539
20.9005
16.5391
20.902
20.9024
16.5392
20.9039
26.2491
13.2006
16.5393
16.5393
16.5393
16.5394
20.9094
37.6832
36.952
20.9063
28.2139
24.4148
16.5391
30.6778
36.9491
16.539
16.539
7.79362
13.2031
26.2519
20.9071
20.9076
7.79367
26.2541
18.555
16.5387
13.2065
20.9106
31.6035
26.2552
7.79369
26.2558
20.911
13.2078
7.79374
16.5385
7.79381
16.5382
8.83452
8.83455
16.5383
13.217
31.6136
16.5384
26.2662
22.8778
36.965
31.6117
26.2634
26.2633
16.5383
13.2158
26.2646
26.2645
30.6932
16.5383
24.4313
36.9642
16.5382
20.9195
28.2288
26.2631
16.538
8.8343
20.9204
26.2655
18.5665
16.5382
16.5382
26.2679
20.9231
36.9681
30.696
36.9661
16.5382
28.2303
24.4312
30.6934
20.9183
36.9633
20.9175
8.83404
16.5378
26.2647
16.5379
28.9465
8.86419
20.9194
13.2161
26.265
20.9202
16.5378
16.5378
36.9677
31.6144
31.6137
31.6131
22.8771
17.5256
17.8095
28.2286
22.8753
28.2269
28.947
20.9115
28.2233
30.6874
36.9542
36.953
26.252
16.5361
31.6006
26.2523
31.5999
22.8662
31.5983
17.5141
28.2171
22.8637
17.7963
28.2153
28.9475
13.1939
13.1944
26.2433
16.5347
16.5347
8.83099
26.2462
36.9459
20.9002
22.8618
36.9443
23.9887
23.8945
36.9418
16.5347
16.5347
26.2428
17.5084
26.2423
31.5899
22.8584
12.1574
28.2105
28.2094
31.5856
31.585
26.2367
36.9364
26.2354
28.2054
28.2043
22.8509
26.2315
28.2024
16.5328
17.4997
28.9483
31.5757
31.575
26.2267
16.5325
12.1468
16.5322
30.6668
24.4027
16.532
28.2006
8.82803
20.8831
26.2282
31.5758
22.8479
16.5316
17.4979
26.2278
31.5754
12.1476
28.2007
28.1996
28.1984
22.8451
16.5303
20.8783
20.8787
26.2239
36.9236
13.1742
31.5707
18.5235
31.57
17.493
20.8766
7.79652
8.85617
26.2235
16.5301
16.5302
36.9263
26.2254
22.8478
31.572
31.5714
28.1981
22.8448
28.1964
28.1953
28.9494
26.2148
18.5157
31.5622
13.1655
37.6728
37.6728
37.6728
16.5291
16.5291
26.2112
28.9494
28.9495
26.205
31.5525
7.79706
18.506
8.85451
17.4798
20.8608
20.8613
20.8617
26.2069
18.5079
20.862
16.5285
26.2087
31.5563
12.1324
13.1598
31.5563
8.85434
26.209
16.5284
17.4846
26.2101
20.8653
16.5283
20.8673
26.2125
7.79719
16.5281
8.8541
16.5282
13.1682
13.1687
22.8428
26.2167
31.5643
36.9157
16.5281
26.2163
26.2162
28.1937
28.1926
22.8392
28.1909
28.9501
20.8631
17.4843
20.8632
16.5268
18.511
12.1366
26.2101
31.5576
16.5267
31.558
31.5574
26.2091
17.4853
20.8639
31.5567
13.16
26.2089
16.5267
37.6705
37.6705
37.6706
20.8599
8.85268
16.5268
20.8624
16.5269
18.5101
20.8643
26.2095
26.2094
7.79763
8.82304
36.9108
7.79769
16.5266
7.79776
18.5144
26.2133
18.5143
16.5265
13.1662
7.7978
7.79788
20.8724
16.5261
20.8738
26.219
7.79792
36.92
13.1706
26.2194
16.526
16.526
28.2023
26.2205
24.4037
30.6675
20.8741
18.5203
20.8744
13.1712
16.5257
7.79807
7.79815
16.5253
16.5253
36.9259
20.8802
28.2067
24.4083
16.525
30.6731
36.9232
16.5249
16.5249
7.79832
13.177
26.2259
20.881
8.82109
16.5249
7.79836
18.5311
26.2299
20.8851
13.1818
16.5248
20.887
36.932
30.6803
24.4152
28.2118
36.9278
16.5244
22.8582
36.9267
16.5242
23.97
23.878
16.5243
26.2264
8.82057
7.79854
28.2111
30.6774
36.9257
36.9246
26.2236
20.8787
16.5239
20.8802
16.5239
20.8816
16.524
22.8587
36.9267
23.8777
36.9249
16.5239
16.5239
26.2264
7.79867
23.9708
23.8789
36.9262
36.925
20.8793
16.5238
16.5239
16.5239
16.5239
26.2289
18.5299
16.524
20.8855
16.5241
26.2317
26.2316
28.2145
24.4162
30.6802
36.9284
20.8826
16.5237
16.5237
16.5237
20.886
7.79872
20.8877
22.8644
23.9751
23.8833
20.886
36.931
16.5235
20.8863
16.5235
16.5235
16.5236
26.2349
31.5825
7.79877
18.536
8.84912
31.5835
17.5159
20.8901
16.5233
30.6879
24.4226
16.5231
28.2201
36.9341
8.81914
20.8894
36.9344
26.2334
13.1849
26.2337
20.8889
24.4213
30.6855
36.9324
36.9312
26.2302
28.2148
24.4165
30.6807
20.8824
20.8828
20.8833
31.5762
36.9277
22.8596
23.9687
36.925
16.5223
16.5224
16.5224
16.5224
17.5106
26.2281
18.5291
20.8832
16.5223
23.8818
22.8624
23.9712
16.5221
36.9286
16.5222
16.5222
16.5222
20.8863
17.5138
26.2311
18.5321
8.84772
20.8872
20.8876
26.2328
26.2327
20.8879
16.5223
20.8893
16.5223
31.5837
24.4236
28.2201
36.933
36.9318
26.2308
16.5221
20.887
16.5221
20.8884
20.8888
16.5222
26.235
18.536
31.5825
20.8894
17.5169
20.8895
37.6659
37.666
37.666
16.5222
26.2306
37.6661
7.79924
8.84766
16.5221
36.9314
23.8823
36.9296
16.5222
22.8629
8.81825
16.522
26.2306
20.8858
26.231
7.79929
16.5219
8.84751
16.5219
36.9349
20.8892
22.8679
36.9333
23.9751
23.8837
20.8863
26.2315
13.183
16.5219
16.522
16.522
16.522
20.8915
37.6659
20.8898
26.2349
18.5359
20.89
16.5222
26.2367
31.5843
12.1688
20.8914
31.5843
8.84771
36.9368
23.8878
16.5222
17.5191
18.5374
22.8699
26.2354
16.5218
18.5373
23.9789
16.5219
36.9364
7.79935
16.5217
20.8923
31.5852
18.5379
31.5845
17.5191
20.8911
7.79945
8.84699
26.2379
16.5215
18.5404
17.5226
26.2389
16.5213
28.9521
28.9521
28.9522
28.9523
12.1616
26.2265
16.5203
18.5285
18.5284
26.2272
16.5204
16.5204
7.79987
16.5202
16.5202
16.5203
16.5203
20.8904
20.8909
18.5371
17.5209
26.2356
16.5202
7.79994
16.52
16.52
16.52
16.5201
7.79998
16.5199
36.9442
23.8951
36.9424
22.8777
16.5198
23.9838
20.8961
20.8965
20.897
17.5278
20.8971
16.5197
18.5448
12.1799
26.2438
31.5915
16.5196
28.9527
28.9527
28.9528
28.9529
37.6625
28.953
37.6623
37.6624
37.6624
29.9668
16.5186
26.2147
31.5623
11.0156
36.9147
36.9136
31.5603
26.212
17.499
20.8668
31.5597
20.8666
26.2118
16.5186
37.6625
37.6625
20.8652
8.84416
26.2113
20.8665
16.5188
17.4995
17.7848
20.8673
16.5185
22.8517
26.2125
31.5602
36.9117
16.5184
26.2122
26.2121
28.2026
28.2015
22.8482
28.1999
16.5176
8.84296
20.8642
20.8646
16.5177
16.5177
7.80079
26.2124
28.9534
28.9534
28.9535
26.2009
28.9536
28.9536
37.6603
37.6603
37.6604
29.9647
17.4732
18.4839
18.4838
16.5164
28.1775
28.1764
22.8231
31.5283
28.954
22.8192
13.1278
37.6592
31.2178
30.0794
28.9541
35.8122
12.3435
28.9542
28.9543
28.9544
28.9545
28.9545
28.9546
28.9547
37.6573
26.1364
37.6573
37.6574
37.6574
29.9618
16.5136
31.4762
11.0197
36.8287
8.80992
36.8285
20.7829
7.80217
16.5135
18.4313
18.4312
17.424
26.1298
16.5134
16.5134
16.5135
30.0769
28.9548
31.2199
28.9548
35.8135
28.9549
28.955
36.813
22.7584
28.9552
28.1079
26.1076
18.4085
28.1067
22.7534
28.105
28.104
28.9556
31.4473
22.7474
31.4458
37.6546
30.0734
36.7936
31.2223
31.4371
35.8147
28.9557
28.9558
13.0318
28.9559
17.3765
12.2646
12.0275
17.6635
17.3774
31.4251
28.9563
28.9563
28.9564
28.9565
28.9566
37.652
37.652
37.652
37.6521
26.0488
29.9564
16.5083
31.3956
11.0241
36.748
36.7469
20.7014
31.2247
16.5084
20.6996
26.0448
8.80471
16.5085
18.3476
16.5085
18.349
17.3486
16.5084
17.35
17.6361
26.0486
36.7482
31.395
11.9986
17.6347
31.3944
20.7015
26.0467
36.7463
20.7007
31.3935
26.0454
17.3468
22.6976
16.5075
28.9568
37.6512
31.2257
35.8167
28.9569
28.957
28.9571
36.7257
28.9571
22.677
28.0286
28.0276
26.0192
28.0264
28.0254
18.3173
17.3212
31.3635
17.3205
35.8181
30.0661
28.9577
28.9578
37.6484
28.9579
28.9579
28.958
36.6945
28.0036
22.6503
28.002
17.2979
31.3375
28.0003
25.9881
11.9467
12.9397
12.1856
25.989
11.948
25.9892
25.9891
20.6442
31.3369
28.0006
22.6473
27.999
20.6406
27.9984
12.936
36.6846
25.9839
22.6443
31.3305
31.3299
27.9948
22.6415
27.9932
28.9591
17.2865
25.9753
25.9753
31.3226
12.926
20.6303
27.9896
27.9886
12.9243
27.9879
22.6347
12.1721
28.9595
28.9596
31.2337
35.8214
11.9234
37.643
28.9598
17.2692
30.0583
28.9599
22.6158
28.9601
11.9124
25.9475
27.9653
11.9118
27.9648
27.9638
27.9627
28.9606
31.287
37.6406
22.6047
30.0556
31.2819
31.2365
28.9607
35.8231
28.9608
28.9609
12.8709
12.1266
28.961
12.8693
11.887
11.8875
31.2663
27.9398
28.9613
11.8838
27.9368
28.9615
27.9337
28.9616
17.2271
16.4937
35.8248
27.9284
22.5752
31.2401
11.8712
17.2212
20.5545
16.4928
31.2481
31.2475
25.8996
36.599
25.8985
27.9231
27.922
22.5688
25.895
27.9204
28.9623
31.2382
36.5897
31.2366
31.236
31.2355
22.5611
16.4919
25.8877
17.2106
25.8874
28.9625
35.826
31.2419
28.9626
30.049
28.9626
27.8986
37.6348
36.568
28.9628
17.1893
31.2118
11.8392
22.54
27.8917
27.8907
27.8897
12.8107
12.0755
25.8602
31.2075
22.5367
16.4893
17.1868
25.86
31.2073
36.5588
11.8355
27.8885
27.8875
27.8864
25.8547
22.5332
20.509
12.8056
12.0722
31.2024
11.8331
11.8336
27.8865
27.8855
11.832
28.9641
27.8825
22.5293
28.9643
28.9644
27.8764
35.8294
28.9646
17.1673
31.2482
27.8672
27.8661
22.513
31.1764
28.9649
22.5093
31.1723
37.6285
31.1702
30.0408
31.2492
12.7684
36.517
35.8302
28.9651
28.9651
17.1417
12.0316
11.7928
28.9654
30.0394
37.6274
31.2504
35.8309
28.9655
28.9656
36.4901
28.9656
28.9657
25.7847
22.4709
27.8226
18.0833
17.1185
27.8215
22.4683
27.82
27.819
17.115
31.1247
31.1241
11.7644
23.4281
31.1233
25.7755
31.1227
22.4633
31.1214
22.4622
25.7728
28.9665
28.9665
35.8328
31.2538
27.8036
36.46
28.9667
30.0351
17.094
37.6237
11.743
28.9669
31.0977
12.7012
11.9804
17.0907
25.7505
18.0511
20.4055
16.4793
28.967
37.623
20.4026
30.034
23.3973
17.3742
31.0923
17.085
31.0915
31.091
36.4425
22.4336
31.2556
28.9672
22.4275
25.7348
18.0354
20.3899
16.4785
37.6224
28.9673
30.033
23.3812
31.256
36.4254
31.0723
31.0718
35.8341
22.4136
