8.06081
8.06081
7.70951
7.84569
7.8684
9.58401
7.60699
12.0545
7.69091
9.55564
9.4137
6.64919
11.7616
6.75246
7.33102
6.83062
10.1346
7.36815
7.39544
9.35687
7.3458
13.715
10.0904
6.77082
13.6661
11.6556
11.6792
11.7013
11.722
11.7414
6.80127
7.33408
19.6541
19.501
19.3568
11.4575
11.8153
19.1976
11.3523
11.376
11.3985
21.5107
14.6046
18.899
17.1239
18.6398
18.551
14.0685
12.8767
12.8655
10.8588
5.88725
18.4077
18.3347
10.7896
5.839
6.41664
21.366
13.8444
16.7892
10.6486
11.007
12.6639
10.6542
10.6796
10.7043
5.75635
18.2081
10.6947
13.7908
10.6826
10.7051
10.727
5.78243
12.7596
12.7535
12.7476
10.7321
11.1051
10.7393
18.2626
10.7277
5.78907
12.7608
13.85
18.2035
18.1604
18.1183
18.0772
10.6036
10.9781
18.0531
10.587
10.6052
10.6231
18.0945
18.0571
10.5914
5.64149
10.6119
21.1111
13.6196
16.6141
10.5203
10.5373
10.9048
10.5463
17.9845
10.5411
5.59237
12.5781
13.5853
17.9517
20.9529
16.4989
13.4111
12.4422
10.4223
12.457
10.4367
17.822
17.7945
17.7674
6.09191
13.3653
17.7367
13.3134
20.7203
16.2743
13.1915
10.2824
10.2978
20.6462
13.1668
20.5774
17.4964
13.0768
20.489
10.1796
16.68
10.1299
12.167
16.5445
15.8866
20.244
5.70939
12.792
12.0386
10.3486
12.0385
10.0177
10.0328
10.0477
5.07488
17.2532
10.0558
12.8591
10.0585
15.9017
12.8259
12.8088
10.0262
12.0638
20.2521
12.7795
17.1608
15.7873
17.1106
17.095
12.682
11.9684
11.9704
9.94805
5
15.7448
20.1101
12.6395
9.91463
9.92804
17.0623
12.6504
11.9476
20.0783
11.9295
9.90644
17.0281
9.91045
9.92326
9.93594
11.9739
9.95024
9.96258
9.9748
5
12.0167
12.0182
12.0197
12.0212
12.7481
20.1755
15.7496
9.95068
9.96236
12.7127
11.9917
12.702
15.733
20.1034
10.2259
9.92175
17.0491
12.6394
17.025
10.212
9.90846
9.91963
17.0457
9.92299
9.93395
12.6687
9.93714
9.94789
11.9855
11.987
9.96148
9.97193
9.9823
9.99258
12.03
17.1534
12.0237
12.025
17.1452
9.99151
12.0289
12.0302
10.0039
10.0137
10.0233
10.033
12.0701
10.0435
12.0806
10.0539
10.0632
12.1002
12.1012
10.0742
10.0833
12.1202
12.1211
10.0939
10.1027
10.1115
10.1202
12.157
12.1577
10.1302
10.1387
12.1754
12.176
10.1483
10.1566
10.1648
12.2014
12.2019
10.174
10.182
5.78795
12.2265
10.1984
10.2062
12.2427
10.2144
10.2221
10.2298
10.2374
10.2449
12.2812
12.2814
10.2528
10.2602
10.2675
10.2748
12.311
12.3111
10.2822
10.2894
10.2965
12.3325
12.3326
10.3035
12.3396
10.3105
10.3173
12.3533
10.3241
10.3309
10.3376
10.3443
5.94886
10.3576
10.3641
12.3999
10.3704
12.4062
10.3766
8.01245
13.3127
12.4054
12.4052
10.3755
12.4114
12.4111
10.3814
12.4172
10.3873
12.4231
12.4229
10.393
12.4288
8.02852
12.4282
12.428
12.4277
12.4275
12.4273
12.427
8.02679
10.3967
6.00048
6.00635
12.4442
12.4439
12.4436
12.4433
5.32972
12.4431
12.4428
12.4425
20.8031
16.3872
20.7664
5.9737
15.6818
5.29091
10.3644
12.4002
10.3699
5.97343
12.4114
8.01118
5.97862
12.4165
12.4163
5.31522
10.3861
12.4219
5.32602
12.4221
12.4219
10.3913
5.99453
12.4324
5.3402
12.4325
10.4018
12.4376
12.4373
12.437
12.4368
12.4365
10.4057
5.35179
6.00918
12.447
12.4467
5.36107
8.04695
12.4466
12.4463
12.446
6.01292
12.4507
12.4504
6.01731
8.0552
12.4548
12.4545
12.4542
10.4231
12.4588
5.37266
10.428
17.7982
17.7898
17.7815
6.01444
12.4522
12.452
8.05177
17.7787
17.7705
10.4098
17.7695
5.35473
12.4407
12.4404
12.4402
10.4089
12.7231
10.4041
12.4399
12.4396
10.4083
12.444
8.04385
12.4435
12.4432
12.443
12.4427
12.4425
12.4422
12.442
5.35951
8.04228
12.4419
12.4417
12.4414
6.00783
12.4457
12.4454
6.01176
12.4496
8.04943
10.4177
6.02004
6.02441
12.4622
12.4619
12.4616
12.4614
5.3772
12.4615
10.4297
6.03194
12.4697
8.06955
6.03558
12.4734
12.473
5.39057
10.4416
10.4458
12.4814
12.4811
17.826
17.8187
17.8114
12.4666
17.8037
17.7965
12.7443
12.4486
10.4167
12.4524
10.4205
12.4563
12.456
12.4558
12.4555
12.4553
10.4233
5.37861
6.02565
12.4635
5.38635
12.4636
12.4633
10.4313
6.03319
17.8136
17.8068
17.7999
12.4575
20.8449
16.4343
20.8188
15.7659
5.98561
5.98957
12.4275
17.7484
14.6909
12.4177
17.7339
21.5679
5.95865
17.1709
7.98431
10.3522
20.7415
20.7291
12.3718
10.3397
10.3436
10.3476
12.3835
16.4199
20.7213
20.7091
16.2995
15.6428
5.90568
12.3438
17.6226
12.3398
17.6164
20.663
12.328
7.92798
12.328
12.3281
12.3281
12.3281
12.3281
20.6506
16.2414
20.6273
5.8708
15.578
14.5001
17.5472
17.1719
20.5772
17.513
20.5602
12.2598
10.2277
5.82948
10.2355
12.2716
12.2717
12.2719
17.5136
14.4505
12.2639
21.5718
10.2132
10.2171
10.2209
17.4911
20.5386
17.1756
21.5734
14.3711
17.4248
10.1773
17.4253
10.1777
12.214
5.77966
12.218
10.1858
20.4905
5.78049
17.4324
17.4273
10.1796
12.3803
17.4195
17.4144
12.2028
12.2031
12.2033
12.2035
10.1712
12.2075
12.2077
12.208
10.1756
12.2119
12.2121
5.77764
10.1834
10.1871
12.2234
10.191
14.3793
21.5762
17.4128
20.4612
17.1794
20.436
10.1469
5.7485
5.75217
10.1579
5.75946
10.1652
17.405
21.5787
17.375
20.4237
20.4139
17.182
10.1232
5.7247
5.72833
10.1341
10.1377
5.73916
20.4215
15.3576
20.3993
15.9922
12.1494
17.327
17.3224
12.1437
20.3718
12.9112
20.3578
15.2954
15.9387
20.3269
20.3176
15.2579
12.0923
5.65775
17.2485
12.0935
17.2447
10.0582
12.0946
20.2998
10.0561
12.8447
12.0898
21.5777
17.1804
17.2013
14.1298
20.2459
20.2369
5.61252
5.61611
10.0218
10.0254
20.2492
20.2404
15.8341
5.60936
12.048
17.1749
17.1708
12.0432
20.2211
10.0049
12.7663
10.0058
20.2189
17.1564
10.001
5.60237
21.5818
17.1405
14.063
17.1841
20.1726
20.1641
20.1557
17.1848
21.5825
17.0586
9.93632
11.973
9.94041
9.94395
9.94747
20.1303
20.1221
13.9834
17.0554
21.5837
17.1864
20.0715
15.7569
11.9342
15.6585
9.89632
16.9992
20.0496
20.0416
11.92
5.47989
11.9188
9.88615
11.9229
11.9235
5.48872
9.89434
9.89782
15.6583
20.048
20.0401
14.9733
11.9113
11.9119
9.87921
11.916
9.88326
16.9805
16.977
9.88218
9.88561
11.9258
11.9176
16.9786
16.9751
11.9137
16.9725
16.9691
11.9098
11.9104
9.87768
11.9144
7.5144
11.9156
11.9162
11.9167
11.9173
11.9179
11.9185
5
11.9199
11.9205
9.88769
9.89101
15.6492
11.9228
11.9233
11.9239
20.0416
15.6366
20.0267
5.47422
14.9661
5
9.87327
11.91
20.0226
15.6177
20.0079
14.9472
5.45334
7.4916
11.8928
11.8934
11.894
9.86109
5.46221
11.9011
7.50103
5.46659
11.9054
11.906
5
9.87396
11.9107
7.51063
9.87826
5.47932
5.48249
11.9213
11.9218
11.9224
11.9229
5
11.9243
11.9248
5
7.52568
11.9268
11.9273
11.9278
5.49266
11.9314
11.932
5.49678
20.062
20.055
15.6504
5.48598
11.9248
16.9917
16.9886
11.9212
20.0407
9.88358
12.5862
9.88462
11.9213
20.0405
20.0336
14.9747
20.0177
15.6133
11.897
16.9501
16.9471
19.9987
11.8892
5.45395
9.85912
9.86216
20.0062
19.9995
16.9381
16.9351
16.9322
19.9838
9.84611
9.84913
21.58
15.5783
7.48634
19.9855
19.9789
14.9034
16.9088
19.9606
5.43218
19.9585
11.8667
16.898
15.5524
16.8887
11.8593
19.9413
14.8669
15.5287
5.40901
11.8479
16.8703
16.8675
11.8449
9.81168
19.9247
11.8442
12.4668
9.80923
16.866
19.918
12.4593
19.9089
11.8341
19.9034
19.8972
12.4385
21.5924
15.4809
19.8722
19.8659
7.40607
19.8761
9.78291
9.78587
16.8239
16.8212
9.78535
11.8221
11.8227
5.38736
11.8263
11.8269
7.42673
16.8315
16.8289
9.79078
16.8306
11.8258
11.8264
19.8845
15.4809
21.6075
9.77886
5.37961
19.8714
19.8654
14.7711
11.8044
5.36895
19.8563
9.77005
19.8546
15.4512
16.7878
21.6069
7.37861
12.395
12.3924
19.8424
11.7992
11.7998
16.7833
11.7988
5.36332
9.76833
9.77118
15.4518
19.8435
19.8377
14.7278
11.7902
11.7909
9.75752
11.7943
11.7949
9.76158
11.7984
12.3839
9.7634
16.7832
12.3832
9.76301
19.8375
15.4342
21.6202
19.817
19.8113
16.7506
16.7482
16.7458
5.33793
19.8026
9.73916
5.3398
11.7788
9.74536
9.74814
11.7849
13.6271
16.7572
15.5395
5.34183
19.8083
15.4052
21.6217
19.782
9.72562
19.7805
11.7588
11.7594
9.726
9.72875
7.33876
13.5941
16.7435
17.2372
19.7876
16.727
19.7798
19.7744
15.3714
14.642
5.3133
11.7523
16.7056
11.7515
16.7042
9.71653
19.7612
12.3031
9.71424
19.7576
17.2365
21.6341
13.523
16.6711
9.69451
16.6729
9.6958
11.7327
11.7333
19.7318
19.7265
19.7212
16.6608
15.3163
5.28231
21.6347
11.7158
11.7165
12.2534
12.2513
19.7019
7.27231
15.4257
15.3108
19.7031
11.7161
19.6989
11.5009
9.67538
16.638
11.7109
9.67735
16.6408
16.6387
12.2391
16.6345
16.6325
19.6856
16.6253
19.6785
9.66516
5.26564
16.6261
13.4543
16.6213
16.6193
16.6172
19.6704
15.2679
19.6604
11.6874
19.6564
11.4596
9.64686
9.6495
9.65214
16.6036
16.6015
11.6864
19.6558
15.2533
21.646
16.5828
16.5808
11.6728
11.6734
9.63982
9.64244
7.27832
11.68
9.64637
11.6833
11.6839
19.6515
12.1937
9.64578
7.23285
9.664
16.6139
19.6673
19.6624
12.2046
16.6003
16.5984
21.661
19.644
15.2417
19.6344
19.6296
14.4722
19.6176
15.2153
19.6081
11.6565
11.6572
11.6579
9.62421
9.62678
12.161
16.5568
12.1572
15.2108
21.6599
19.5961
9.61446
19.5952
16.5353
16.5334
9.61151
11.3836
16.5311
16.5293
11.6424
19.5837
16.5238
11.6388
19.5782
19.5736
11.6334
15.1725
16.5102
11.6299
15.2426
9.59306
9.59559
16.5122
11.6313
16.5114
19.5649
12.1073
19.5586
14.4035
19.5471
19.5426
5.17577
15.1444
16.4821
9.57636
19.5394
9.5759
9.57841
11.6153
21.658
7.15131
16.4977
11.6257
11.6264
16.4979
16.4962
11.3294
16.4902
16.4885
9.5873
19.5457
19.5413
13.2819
16.4792
21.6689
17.2715
19.5132
15.1601
11.5937
15.1079
19.501
21.6693
19.4896
19.4853
19.481
7.15142
16.439
9.60156
5.19943
11.5956
16.4457
11.5952
11.5959
11.5966
16.4471
16.4455
11.2642
16.4395
9.59958
16.4415
11.5917
11.5924
16.4419
21.6818
16.4282
19.4817
19.4775
17.2846
9.60019
5.19805
9.60031
5.19817
9.60043
9.6005
11.5874
11.588
14.3127
16.4282
16.4266
7.15213
19.4983
17.2974
21.6949
15.078
19.4713
19.4671
19.463
16.4037
7.15307
9.62964
19.4807
5.22752
11.2139
16.4203
16.4187
16.4172
11.5845
16.4166
11.5842
16.4161
11.5838
16.4155
11.5835
19.4702
16.4109
12.0114
19.463
19.459
21.7093
15.0509
16.3891
19.4428
9.62755
9.62759
19.4458
9.62769
9.62774
11.5702
11.5709
11.5716
11.5722
9.62797
16.4012
9.62806
15.0609
15.0216
19.4503
19.4463
16.3871
11.5649
16.3867
16.3852
16.3837
16.3822
7.16048
16.3817
19.4355
11.1665
9.62558
11.5572
11.5579
11.5585
16.3783
16.3768
11.5573
5.2237
9.62596
9.62601
11.5649
13.1381
21.7072
16.3742
19.4279
17.3099
19.4177
5.22333
11.5483
16.3631
11.5481
16.3627
11.5478
5.22361
9.62587
9.62591
9.62596
11.5576
9.62605
11.1731
19.4311
19.4273
19.4234
17.3078
9.62342
21.7054
17.308
16.3444
13.0964
19.396
19.3922
11.1296
16.329
16.3276
16.3262
9.62031
11.524
16.3292
16.3279
11.5229
16.3275
9.6206
9.62064
11.1318
19.384
19.3802
11.5186
9.61814
9.61819
7.12247
11.5244
11.5251
7.12449
11.5264
9.61848
9.61853
9.61857
11.5338
19.4001
19.3964
19.3927
14.9732
11.5246
14.9887
19.3825
17.3034
11.1185
11.5128
19.3699
16.3109
11.5102
9.61652
7.11183
9.61662
11.516
11.5167
16.3201
16.3188
11.1208
9.61432
9.61436
11.1262
16.3163
11.5123
19.3712
19.3676
14.9665
14.9572
16.3014
11.5024
11.5031
9.61226
9.61231
16.3085
16.3072
11.5064
9.61251
11.5092
9.6126
11.5121
9.6127
7.11361
9.6128
11.5177
11.5184
7.11773
16.3256
11.1319
11.5155
11.5161
9.61072
9.61077
5.20861
9.61087
11.5253
9.61096
11.1492
19.3909
9.6087
16.3352
11.5238
7.12315
9.6089
11.5272
11.5278
11.5284
11.5291
11.5297
11.5303
9.60924
16.3475
11.9482
9.60938
11.5334
16.349
11.5332
11.1602
11.5306
9.60733
9.60737
19.4075
11.5331
16.3495
5.20537
16.3513
9.60767
9.60771
9.60776
9.60781
9.60786
16.3654
9.60796
11.5457
7.14508
16.369
11.181
16.3641
16.3628
16.3615
11.5404
11.1767
19.4131
9.60395
9.604
19.4158
11.5375
11.5381
9.60419
16.3616
16.3603
11.539
9.60439
11.5417
9.60448
11.1843
19.4189
9.60243
5.20028
9.60253
16.369
11.5442
19.4242
9.60272
19.4238
15.0361
15.0194
16.3579
9.60288
9.60293
9.60297
16.3656
9.60307
11.5441
11.5447
7.14409
9.60326
11.5479
7.14726
9.60341
11.5511
9.60351
9.60355
16.3843
9.60365
11.5568
11.5573
5.20159
11.5599
11.2096
9.60179
11.5594
19.4475
16.3885
7.15576
11.5575
9.60208
9.60213
9.60218
9.60223
19.4562
16.3972
7.06167
9.60223
11.5652
9.60233
9.60237
9.60242
9.60247
9.60252
9.60256
16.4175
9.60266
5.20051
21.6847
16.4125
13.1912
17.2868
19.4598
19.4565
11.5639
9.60249
9.60254
9.60259
11.5703
9.60268
9.60273
11.5746
9.60282
9.60287
11.579
16.4206
9.60301
11.5806
11.5811
7.1805
9.60319
11.3998
9.60183
11.5837
9.60193
11.5862
11.5867
9.60207
11.5891
11.5896
11.5902
11.5907
16.4385
5.20015
9.60239
16.4428
11.5933
9.60253
9.60258
11.5976
9.60267
7.19879
11.6005
11.4259
7.19758
9.60147
9.60152
9.60156
11.6048
9.60166
9.6017
11.609
9.60179
9.60184
12.0738
11.6124
16.4711
11.612
11.6126
11.6131
11.6136
12.0749
16.4716
9.6023
7.2131
11.6148
7.21411
11.6158
11.6163
19.5326
16.4735
11.292
9.60071
9.60076
11.6146
15.6711
16.4737
11.6133
16.4732
12.0741
11.6122
11.6127
9.60096
7.21385
7.21434
11.616
9.60114
11.6183
9.60123
12.0852
11.6197
16.4825
11.6194
11.6199
11.6204
11.6209
19.5401
16.481
11.3006
9.59978
9.59983
11.6193
15.68
16.4812
11.618
16.4807
5.1977
9.59994
9.59999
11.623
11.6235
16.4887
9.60017
11.6249
9.60026
9.6003
9.60035
9.60039
9.60043
9.60048
16.5064
19.5612
11.3242
15.6982
11.6293
16.4983
9.59869
11.6307
11.6312
11.6317
11.6321
11.6326
11.6331
11.6335
19.5605
16.5013
11.3239
16.497
11.6277
15.6978
16.4951
11.6264
9.59735
9.5974
11.6303
11.6308
7.23015
16.5018
16.5006
11.6302
19.5561
11.6286
5
11.629
11.6294
9.5961
11.3295
9.59438
12.104
11.6299
11.6304
9.59584
7.23142
7.23188
12.108
16.5046
9.5969
5.19639
9.60028
9.60197
9.60365
9.60533
16.5185
11.6412
7.24059
15.7234
11.3458
11.6386
11.6391
5
7.23836
11.6399
11.6404
11.6408
5.20404
11.6429
11.6434
5.2066
16.5251
19.5801
9.60769
16.5234
12.1244
7.24172
9.60824
7.24382
11.6454
11.6458
7.24515
11.3582
16.5238
19.5788
16.5197
16.5185
11.6399
7.23926
9.60577
11.6424
9.60785
11.6445
11.645
7.24431
11.6458
11.6463
11.6467
11.6471
9.61255
5.21198
15.7437
16.5321
19.5871
16.528
16.5268
11.6457
11.6461
9.61149
11.6482
11.6486
9.61397
9.61559
11.6523
11.6527
11.6531
16.5372
16.5361
11.652
11.3673
15.7446
16.5314
11.6483
11.6488
11.6492
11.6496
9.61498
11.6516
11.6521
5.21524
5.21684
11.3744
15.7523
16.5369
16.5358
19.5909
11.3669
15.7455
11.6456
11.6461
11.6465
11.6469
9.61227
5.21167
9.61545
11.6521
11.6525
5.21568
11.6545
9.61987
11.6565
16.5443
12.1454
11.6554
11.6559
11.6563
11.6567
11.6571
11.6575
9.62285
5
5.2222
7.25996
11.6614
5.22458
7.26234
11.6638
5.22696
5.22852
12.1626
9.63152
16.5615
9.63233
12.165
11.6682
16.5621
11.6679
11.6683
16.5622
11.6679
11.6683
9.63365
7.26922
7.26962
9.636
11.6726
11.673
11.6734
9.63873
11.6754
16.5725
12.1737
11.6743
11.6747
11.6751
19.6284
16.5692
11.4041
16.5653
11.6698
11.9081
16.5627
11.6678
9.63307
9.63459
16.5667
16.5656
11.6697
11.4035
11.9083
16.5603
12.1615
16.5581
9.62891
7.26447
16.5598
19.6151
11.3968
11.9017
16.5512
11.6587
11.6591
9.62442
11.661
11.6614
11.6618
16.5552
16.5541
11.902
16.551
19.6063
16.5471
16.5461
16.545
12.1461
7.25267
9.61901
11.6556
11.656
11.6564
11.6568
12.1501
11.6565
11.6569
9.62216
11.6588
11.6592
19.6077
16.5485
11.3906
11.6549
11.8961
9.61852
9.62001
16.5479
11.6559
16.5474
7.25454
11.656
9.62125
5.22055
12.1541
9.62351
16.553
11.3971
11.9022
19.6038
11.6539
16.5452
16.5442
11.6529
9.61812
11.6547
9.61999
11.6566
9.62184
9.62331
11.6599
11.6603
11.6607
11.6611
7.2604
9.62669
5
7.2623
11.6637
11.6641
11.6645
16.5614
12.1626
7.26242
11.6638
9.62907
5.22834
5.22979
11.6686
11.669
7.26828
9.63455
7.27011
21.6606
19.2286
21.6598
11.5149
21.6588
19.6027
9.61739
5.21665
11.6554
11.6558
5.21885
11.5143
21.6581
19.2292
21.6573
16.5306
19.586
11.641
5.204
11.6428
5.20582
9.60945
9.61089
16.5366
19.592
11.384
11.8894
11.6416
9.60676
16.5314
11.6427
11.6431
11.6435
11.6438
11.6442
11.6446
5.20761
11.6464
11.503
21.6552
7.24124
16.5306
9.60682
21.6554
11.6386
19.2298
9.59911
21.6547
19.5728
11.6313
9.59646
9.59788
9.5993
11.6359
9.60111
9.60253
11.3796
16.5231
19.5785
16.5195
16.5185
11.6335
9.59866
11.6353
9.60045
11.6371
11.6374
19.5803
21.6543
11.4861
21.6534
21.6534
19.2302
15.1563
15.1791
11.6163
16.6261
15.1489
19.5438
11.3421
11.6093
11.6097
21.6514
19.2307
11.4466
21.6498
19.5237
16.4647
11.5963
11.5967
5.16581
9.56804
5.16589
9.56812
7.20162
11.6031
9.56827
11.6049
11.3369
16.4748
11.6028
15.1334
11.6015
16.4725
11.6013
9.5674
9.56782
5.16703
11.6058
11.6062
9.57137
11.608
11.4565
21.6488
15.1597
16.6122
15.1297
5.1644
21.6486
21.6487
11.5929
19.5164
7.19059
16.5966
15.1141
15.1117
11.5868
19.5073
11.3101
11.5838
11.5842
16.4473
9.56565
9.56569
9.56574
16.4526
11.5875
19.5086
19.5062
19.2316
21.6472
21.6473
11.4076
16.4284
16.4275
11.5396
11.5691
11.5695
7.16872
9.56403
9.56407
11.573
11.5734
9.5642
7.17404
16.5766
15.0907
15.1125
19.4833
11.2894
16.4224
7.16531
9.56304
9.56308
9.56313
11.571
9.56321
9.56326
9.5633
11.5755
21.6454
21.6454
21.6455
19.2322
16.4148
19.4703
11.5597
5.16075
11.5615
5.16084
9.56307
21.6451
19.2322
21.6445
21.6445
11.379
11.5493
16.397
11.5491
11.5495
11.5499
5.15971
9.56194
15.0608
9.56203
11.5528
15.085
11.5517
11.552
19.4573
21.6443
15.0537
15.0753
11.5453
16.5352
19.2325
19.4384
21.6435
11.2408
11.5319
11.3548
21.6416
15.0249
16.3637
16.3629
16.362
9.55986
9.5599
9.55994
9.55998
9.56003
9.56007
9.56011
11.5346
7.13386
11.5354
5.1581
7.13599
9.56037
9.56041
9.56046
19.4419
16.3832
11.5395
15.0418
15.0395
11.5368
16.3789
11.5367
16.5254
15.0586
9.56058
11.535
16.3762
11.4931
11.5337
11.5341
11.5345
9.56026
7.13504
11.5366
9.56039
9.56043
9.56047
9.56052
15.5382
11.5405
11.5409
9.56044
11.5426
11.543
9.56057
16.3902
9.56065
11.5455
11.5459
11.2612
19.4469
9.55976
11.5444
5.15766
9.55988
16.3946
11.5469
9.56001
16.3962
19.4518
11.2626
11.5449
15.0507
15.0719
11.5422
15.0467
16.5345
16.3829
11.5388
9.55908
16.3846
11.5399
11.5403
16.3848
19.4404
21.6413
9.55937
11.5375
9.55946
11.5392
9.55954
9.55958
16.3869
9.55967
11.543
11.5433
5.15761
11.545
5.15769
11.2633
15.5457
11.5434
9.55872
16.3916
11.2619
11.5429
11.5432
19.4464
9.5579
9.55795
16.3915
11.5442
5.15589
16.3931
11.5453
15.0518
9.55824
9.55828
9.55832
9.55836
9.5584
9.55844
15.0845
16.5499
15.0563
11.5472
19.4521
11.2651
11.5445
11.5449
16.3926
9.55747
11.546
9.55755
16.3961
9.55764
19.4537
21.6397
11.5445
11.5449
9.55784
9.55788
9.55792
11.5491
9.55801
9.55805
11.552
9.55813
9.55817
9.55821
9.55825
7.15628
11.5578
11.5581
9.55841
16.4138
11.5592
5.15635
9.55858
19.4738
11.5606
19.4722
16.4134
11.559
11.5594
16.4136
21.6409
11.5569
9.55898
16.4117
16.4108
11.5574
9.55914
11.559
16.4129
9.55926
11.5601
11.5604
5.1572
9.55942
6.43029
5.15628
11.5638
9.55855
11.5654
11.5658
9.55867
11.5673
10.612
9.55831
11.5688
9.55839
9.55843
9.55847
9.55851
11.5741
11.5744
9.55863
9.55867
11.5772
9.55875
11.5788
11.5791
11.5795
9.55891
10.6251
9.55852
11.5821
9.5586
9.55864
5.1565
16.4533
11.5856
9.5588
11.5871
5.1567
9.55892
5.15677
11.5911
6.45902
11.5908
11.5911
9.55814
9.55818
5.15629
9.55968
11.5963
11.341
11.595
19.5245
16.4657
9.55804
11.5946
9.55957
9.56077
9.56197
11.5985
16.4729
11.5983
11.5987
11.599
11.5993
11.5996
15.1337
16.4724
16.4715
11.5975
11.5978
11.5981
5
9.56329
9.56448
11.3495
16.4746
15.133
11.5976
11.3462
11.3455
16.4685
11.5943
9.55927
11.5958
11.5962
11.5965
11.5968
9.56176
11.5983
11.5986
11.599
11.5993
11.5996
15.1351
16.4738
16.473
11.5975
11.5978
11.3485
9.56124
16.473
11.3487
11.5958
16.4709
16.4701
11.3467
16.4675
11.3452
11.5915
11.5919
11.5922
11.5925
9.55743
11.594
11.5943
11.5946
11.3492
16.4681
11.593
11.5933
9.5582
11.5948
11.5951
11.5954
11.5957
11.596
11.5964
11.5967
16.4732
16.4724
15.1309
11.3492
11.3486
9.55626
16.4678
11.5923
11.5926
11.5929
16.4683
15.1268
11.5914
11.3474
11.3468
16.4625
11.5883
11.5886
9.55351
11.5901
11.5904
11.5907
9.55562
11.5922
11.5925
11.5928
11.5931
11.5934
15.1289
16.4676
16.4668
11.5914
16.4665
11.3485
11.3478
11.5883
9.55321
11.5898
11.5901
11.5904
11.5907
9.55562
11.5922
5
9.55731
11.5939
15.1306
16.4693
16.4685
15.127
11.5905
16.4661
11.5903
11.5906
11.5909
11.5912
11.5915
19.5244
16.4656
16.4648
11.5895
11.5898
11.5901
5
9.55523
9.55636
11.3551
11.5915
11.5918
11.5921
11.5924
9.55733
11.5939
5
9.559
11.5955
19.5314
16.4726
16.4718
11.5935
11.5938
19.5287
16.4699
16.4691
11.5918
16.4688
11.3548
11.3542
11.5888
9.5537
9.55482
11.5914
11.5917
14.4151
21.6256
9.55224
9.55336
16.6301
11.5863
11.5866
9.55148
16.5156
21.6244
9.54668
11.5832
16.4577
16.4569
11.347
16.4545
11.3456
11.5793
11.5796
11.5799
11.5802
9.54512
11.5817
11.582
11.5823
11.5826
9.54747
11.584
11.5843
11.5846
11.5849
11.5852
11.5855
11.5858
11.5862
11.5865
11.5868
11.5871
9.55193
11.5885
5
9.55359
11.5901
19.5256
16.4667
16.466
11.3577
11.3571
11.5855
5
9.55059
9.55169
9.55279
21.621
16.6313
14.413
16.5169
21.6189
11.5758
11.5761
16.517
21.6182
21.6183
14.394
19.4925
5
11.5655
16.4349
19.491
11.564
11.3329
11.3323
11.3317
16.428
19.4841
16.4254
16.4246
11.5578
9.53279
11.5592
9.53287
11.5606
9.53295
9.53299
11.5631
11.5634
5.13094
21.6152
16.6328
21.6147
16.518
9.5319
19.4765
11.5534
11.5537
16.4187
19.4748
11.5523
11.32
11.3194
16.4134
9.53072
16.6335
21.6122
16.5185
14.3665
21.6108
19.4525
11.5364
19.451
11.5354
11.5357
11.5361
11.5364
19.4509
16.3923
16.3915
11.5345
11.5348
11.5351
11.2992
9.52858
5
16.3931
11.3012
11.3006
16.3894
19.4455
16.3869
16.3861
11.5301
11.5304
9.52671
11.5318
9.5268
9.52684
11.5342
9.52692
11.5356
16.5193
16.6347
19.4424
21.6078
14.3491
9.52509
11.5257
11.526
9.52522
11.5274
9.5253
9.52534
9.52538
11.5309
5
11.5316
11.5319
7.13111
9.52487
11.5336
9.52495
9.52499
9.52503
14.3662
16.6352
21.6059
16.52
9.52316
19.44
11.5262
11.5265
11.5268
9.52337
9.52341
11.5292
11.5296
11.5299
14.3584
9.52287
9.52291
21.605
5.12083
9.52304
9.52308
9.52312
11.5326
9.5232
7.13291
16.3935
11.3072
11.3067
9.52193
11.5325
21.6041
21.6041
21.6042
21.6042
21.6042
11.5215
9.52226
11.5229
11.5232
7.12243
11.5238
11.5241
11.5244
11.5247
19.4368
16.3781
16.3774
11.523
11.5233
11.5236
5
9.52214
9.52218
11.2978
11.5251
16.381
16.3804
11.2962
16.3783
11.2949
11.5218
11.5221
11.5224
11.5227
9.5205
11.524
11.5243
11.5246
11.5249
11.5252
11.5255
19.4389
16.3803
16.3796
11.5238
11.5241
11.5244
11.2975
9.52035
5
16.3812
11.2994
11.5233
11.5236
11.5239
11.5242
9.51925
11.5255
5
9.51866
11.5272
19.4425
16.3838
16.3831
16.3824
19.4386
11.2999
11.5227
11.523
11.5233
19.4368
16.3781
16.3774
11.5215
11.2975
16.3758
11.5203
11.2966
9.51733
9.51737
9.51741
11.5225
11.5228
14.3585
21.5989
9.51692
9.51696
16.6372
11.5183
11.5185
9.51658
16.5218
21.598
9.51601
11.5157
11.516
16.5219
16.6377
19.419
21.5971
14.3394
9.51443
11.5067
11.507
21.5966
16.5223
16.6381
21.5955
11.4972
11.4975
14.3273
9.51296
11.497
9.51304
15.004
15.0026
11.496
11.2686
11.2681
19.3958
16.3372
11.4925
16.337
9.5121
9.51214
9.51218
11.4955
9.51226
11.4968
11.4971
9.51239
11.4984
11.4987
11.499
11.4993
11.4996
19.4042
16.3456
16.345
11.498
16.3447
11.2716
11.271
16.3415
19.3977
5.1095
19.3975
14.9982
17.1964
11.491
17.1965
11.2607
16.3307
11.488
11.4883
11.4886
11.4889
11.261
16.3305
19.3867
16.3282
16.3275
11.4858
11.4861
9.51111
11.4874
9.51119
9.51123
11.4897
9.51131
11.491
9.51139
9.51143
9.51147
9.51151
11.4953
11.4956
5
11.4963
11.4966
9.5111
9.51114
11.276
16.3452
16.6391
21.5922
16.5234
14.3228
21.591
19.3848
19.3831
11.4835
16.3249
16.3243
11.483
11.2561
16.3228
11.4819
11.2553
11.4811
11.4814
19.3791
11.4806
21.5904
14.9765
14.9753
11.4762
19.3711
17.1931
9.50852
11.2442
17.1926
21.5901
16.6399
21.5897
16.5241
9.50704
19.3516
11.4619
9.50716
11.4632
9.50724
9.50728
9.50732
14.2914
16.6402
21.5884
16.5244
9.50577
19.3446
11.4568
11.4571
11.4574
19.3442
21.5881
11.4542
16.5245
21.5876
16.6406
14.2666
14.9293
14.928
19.3235
9.50464
17.1893
11.4416
9.50476
17.1894
11.2006
9.50426
16.2634
5.10218
9.50438
9.50442
9.50446
11.4448
9.50454
7.04491
16.271
11.2081
11.2076
9.5035
16.5252
21.5851
21.5851
14.2567
19.3144
9.50252
11.4366
11.4369
11.4372
5
11.4379
19.3168
9.50219
9.50223
11.4391
7.03828
9.50235
11.4407
11.441
9.50247
5.10035
9.50255
9.50259
11.4453
9.50267
9.50271
11.4475
11.4478
14.2718
9.50227
17.1869
14.9305
11.2101
14.9281
11.4426
19.324
17.1865
11.4401
16.2633
11.44
9.5021
11.4413
9.50218
11.4426
16.2669
19.3232
21.5844
21.5845
11.4366
21.5846
21.5846
21.5846
9.50258
9.50262
11.4337
11.434
14.9136
19.3091
17.1874
11.4305
17.1875
11.1857
16.2447
11.4277
11.428
11.4283
9.50254
16.2469
9.50261
19.3046
9.50269
11.4301
9.50277
11.4314
9.50285
9.50289
5.10077
9.50297
11.4356
11.4359
21.5852
21.5852
21.5853
21.5853
21.5853
11.4263
21.5854
21.5855
21.5855
21.5855
19.2865
11.4174
16.2286
11.4173
9.50364
19.2867
16.2283
9.50376
17.1884
7.01531
11.4168
9.50391
11.4181
14.2251
11.4167
9.50347
11.418
9.50355
9.50359
9.50363
11.4212
11.4215
9.50374
5.10162
19.2943
14.8956
14.8937
11.4206
11.4209
7.02007
11.4215
5
14.2317
19.29
19.2885
16.2301
16.2296
11.4178
11.4181
16.2299
19.2861
16.2277
21.5854
17.188
21.5855
9.50345
16.22
11.4116
9.50357
9.50361
11.4138
17.1883
11.1594
16.2195
11.4111
11.4114
11.4117
9.50333
14.8809
17.188
11.4103
11.4106
11.4109
21.5856
21.5857
21.5857
21.5858
19.2647
11.4029
11.4032
16.2072
9.50386
19.2649
16.2065
9.50398
17.1886
11.4021
9.50409
11.4033
11.4036
7.00273
16.208
9.50428
11.4048
9.50436
9.5044
9.50444
11.408
11.4083
9.50455
9.50459
7.00927
9.50466
11.4117
9.50474
11.4129
9.50482
9.50485
9.50489
9.50493
11.417
17.1896
19.2816
16.2233
16.2227
11.4139
14.8819
9.50523
9.50527
19.2807
14.8816
14.8801
21.5875
21.5875
7.77391
19.2742
21.5892
21.5893
21.5893
16.2065
9.5073
19.2642
11.8079
21.5895
21.5895
21.5896
21.5896
19.2504
11.3947
11.395
16.193
19.2492
16.1909
19.2472
19.2457
7.77427
9.50948
9.50952
11.3961
16.1936
17.1942
16.1906
14.8493
16.1886
19.2449
19.2434
14.8444
14.8429
11.7841
21.592
21.5921
21.5921
21.5921
19.2268
11.3798
16.169
11.3798
19.2256
9.51028
16.1688
17.1949
11.3781
9.51043
5.1083
9.5105
9.51054
9.51057
9.51061
11.384
9.51068
21.5928
21.5928
21.5929
21.5929
19.2225
11.3773
11.3776
16.1652
19.2214
9.51104
16.1646
9.51111
17.1957
5.10902
9.51122
9.51126
9.51129
11.7705
16.1681
19.2243
11.3786
16.1665
16.166
16.1655
14.8242
19.2203
16.1621
11.3757
19.2187
14.8198
9.51179
9.51183
14.821
7.77487
11.7653
19.2196
16.1614
19.2176
21.5957
21.5958
9.51373
16.1561
9.5138
21.5959
21.5959
16.1503
16.1498
17.1986
11.3667
16.1473
14.806
16.1454
11.3654
11.3657
11.366
11.3663
19.2033
16.1452
17.1989
21.5965
21.5965
21.5965
21.5966
21.5966
16.1287
9.5146
14.7887
9.51467
19.1862
9.51474
7.77529
14.7916
19.1877
19.1862
11.355
16.1286
16.1281
11.3547
16.128
11.3546
9.5167
19.186
19.1846
14.7856
16.1251
11.3528
11.3531
11.3534
11.3537
11.354
11.3543
11.3546
11.3549
19.1847
9.51718
16.128
11.3548
16.128
19.1841
19.1827
14.7838
9.51742
11.3529
9.51749
11.3542
21.5996
9.51759
9.51762
11.7291
11.3544
9.51772
11.3556
11.3559
11.3562
19.1865
16.1284
16.1279
11.355
11.0485
16.1268
11.3541
11.048
9.51697
9.517
11.3553
16.1288
6.57346
9.51686
6.95495
11.3565
11.3568
9.51699
11.358
11.7347
16.1323
6.57582
9.51689
6.95733
11.3589
11.3592
11.3595
9.51705
9.51709
9.51712
9.51715
21.5993
16.5216
14.114
16.5219
21.5977
16.522
21.5972
16.5222
14.0996
21.5961
9.5141
19.1702
9.51417
11.3445
11.3447
9.51427
9.51431
11.7189
11.3465
9.51441
11.3477
11.348
16.1191
6.5697
9.51431
6.94767
11.3492
11.3495
9.51444
11.3507
11.351
9.51454
6.57384
16.1251
11.3519
11.7269
6.57373
11.7266
11.3516
9.51427
11.3528
11.3531
6.95212
11.3537
11.354
11.3542
11.7304
16.128
6.57559
9.51434
6.95358
11.3551
11.3554
11.3557
9.5145
6.95563
11.3572
9.5146
11.736
9.51467
5.11254
16.1363
9.51477
9.5148
9.51484
21.5969
16.5222
14.1163
16.5225
21.5954
11.3524
11.3527
9.51343
9.51347
11.7312
16.1289
5.1114
6.57804
19.1866
11.3542
16.1289
16.1284
11.3539
11.0547
16.1274
11.353
11.0542
11.3524
9.5126
11.3536
11.3539
9.5127
11.0574
16.1291
16.1286
19.1849
16.1268
9.51235
9.51238
16.5228
21.594
16.523
14.1065
21.593
19.172
11.3437
11.3439
11.3442
11.3445
19.1723
16.1143
16.1138
11.3433
11.3436
11.3439
5
9.51081
9.51084
11.0475
16.1169
11.3451
9.51043
6.57361
11.3463
11.3466
11.3469
11.3472
9.51038
11.3483
5.10828
11.3495
11.3498
11.3501
11.3503
16.1246
11.726
9.51067
11.3509
11.3512
11.3515
16.5232
21.5924
21.5924
14.1058
19.173
9.5099
11.3448
11.3451
11.3454
11.3457
21.5921
16.5234
16.5236
11.3394
21.5912
11.3382
11.3385
19.1643
11.3379
14.766
11.3374
16.1057
16.1053
11.0362
16.1038
11.0354
11.3351
11.3354
11.3357
11.336
11.3363
19.1612
16.1032
16.1027
11.3351
11.3354
9.5088
11.0365
16.1034
19.1596
11.3346
11.0347
11.0343
16.1001
9.5075
21.5896
16.5241
21.5892
16.5242
9.50662
19.1474
11.3259
11.3262
11.025
16.0893
16.5244
16.5245
19.1393
21.5874
14.073
9.50491
11.3181
11.3184
9.50501
6.91824
9.50508
9.50511
9.50515
11.0217
11.0213
11.3208
19.1402
6.91894
21.5864
14.7387
14.7376
11.3168
16.0774
17.1891
9.50452
11.3162
11.3165
9.50462
11.3177
9.50469
11.3188
11.3191
14.0752
9.50431
9.50434
21.5865
14.0743
16.525
21.5855
16.5251
19.125
9.50305
11.3106
11.3109
9.50315
9.50319
9.50322
9.50325
16.0742
19.1304
11.3134
11.0119
11.0115
16.071
11.3119
11.3122
9.50254
11.3133
11.3136
11.3139
9.50268
11.315
9.50274
9.50278
11.317
11.3172
14.0758
9.50241
11.317
16.0787
21.5846
14.7355
11.3148
14.7345
19.1307
9.50267
21.5848
16.5253
16.5255
11.3079
5.09968
11.3091
11.3093
11.3096
9.50197
11.3107
11.311
6.91004
19.127
11.3108
17.1868
11.0079
21.5838
16.5256
11.3051
19.118
19.1168
11.3037
16.0592
11.3037
11.304
11.0009
16.0587
11.0001
11.3024
9.50069
11.3036
11.3039
16.0598
11.0016
19.1152
19.1139
16.056
16.0555
9.50049
11.3017
9.50056
9.50059
11.3037
11.304
9.50069
11.3051
11.3054
11.3057
11.3059
16.0629
19.1192
16.0612
19.1175
11.304
11.3043
11.3046
9.50108
5
11.0052
9.5002
16.0631
11.0056
16.0617
19.118
11.0035
19.1159
11.0018
16.057
9.49904
16.0578
11.302
11.3022
19.1149
19.1137
16.0557
10.9995
10.9991
16.0535
11.2988
9.49844
11.2999
11.3002
11.3005
11.3008
9.49861
11.3019
11.3022
11.3024
11.3027
9.49877
11.3038
5
5.09623
16.0627
16.0623
19.1186
19.1174
11.3031
11.3034
11.3037
16.0606
19.1169
16.059
19.1153
11.3018
11.3021
11.3023
11.0032
9.49843
11.3027
16.0592
11.0039
5
11.0049
11.0046
19.1136
19.1124
16.0544
16.054
11.2987
9.49693
11.2998
9.49699
9.49702
9.49706
11.3025
11.3028
11.3031
16.0604
19.1167
19.1155
16.0575
11.3012
16.0575
11.0037
11.3005
11.0037
11.3
11.3003
16.0565
19.1129
19.1116
11.2987
16.0541
16.0537
11.2984
11.0009
11.0006
11.2972
11.2975
11.2978
11.2981
11.2983
9.49612
11.2994
5.09403
5
16.0574
16.057
19.1133
16.0554
11.0034
16.0541
11.0026
11.2975
11.2978
11.2981
9.49518
11.2992
11.2994
9.49528
16.0572
19.1135
16.0555
11.2992
11.0046
16.0547
11.0038
11.2978
11.298
11.2983
9.49471
11.2994
11.006
16.0553
19.1116
19.1104
16.0524
16.052
11.2966
9.49454
11.2976
9.49461
9.49464
11.2995
11.2998
9.49474
19.1147
19.1135
11.2993
16.0559
11.2993
11.2996
11.006
16.0554
11.0052
11.2981
9.49418
11.2992
11.2995
16.0565
19.1129
11.0054
19.1108
11.0038
16.052
9.49356
16.0528
11.2968
11.297
11.2973
11.2976
11.2978
11.2981
9.49382
11.2992
5.09172
5
16.0582
11.0093
16.0569
19.1133
19.1121
16.0541
16.0537
11.2973
9.4933
11.2983
9.49336
9.49339
11.3002
11.3005
9.49349
11.3015
11.3018
9.49359
11.3028
11.3031
11.3034
11.3036
11.3039
11.3042
16.0638
11.0145
19.1193
19.1181
16.0602
16.0598
9.49355
11.3022
9.49362
9.49365
11.304
11.3043
9.49374
11.3053
11.3056
9.49384
18.0443
9.49379
21.5759
21.576
21.576
21.576
21.5761
21.5761
11.2967
9.49405
5.09192
11.2985
11.2988
16.0555
19.1119
16.054
19.1103
11.297
11.2973
11.2975
11.0039
9.49398
11.2979
16.0542
11.0046
5
16.0537
19.1101
16.0521
16.0517
19.1081
16.0502
11.295
11.0017
16.0493
11.001
11.2936
11.2939
11.2941
9.49277
11.2952
21.5749
16.528
21.5746
16.5281
9.49208
21.5742
16.039
11.2871
5.09005
9.49224
9.49227
9.4923
11.2905
11.2908
5
11.2914
9.49202
21.5742
19.1015
19.1003
16.0424
10.9952
10.9949
16.0403
11.2877
9.49143
11.2888
11.289
11.2893
11.2896
9.49158
11.2906
5
11.2912
11.2915
11.2917
11.292
11.2922
9.4914
5.08928
11.2941
11.2943
11.0042
11.0039
19.1053
19.1041
16.0462
16.0458
11.2912
9.49088
11.2922
9.49094
9.49097
9.491
11.2948
11.2951
11.2953
16.0519
19.1083
19.1071
11.2938
16.0495
16.0492
11.2936
11.0034
11.0031
11.2925
11.2927
11.293
11.2933
9.49067
9.4907
9.49074
11.2958
9.4908
9.49083
9.49086
9.49089
11.2991
11.2994
11.2996
11.2999
6.89889
6.89915
9.49111
11.3014
11.3017
11.0159
16.0606
9.49084
11.0162
6.89984
11.3014
9.49053
9.49056
9.4906
11.3039
11.3042
11.3044
16.0657
19.1221
16.0642
19.1206
11.3027
11.3029
11.3032
9.49094
5
11.0208
9.49018
16.0659
11.0212
6.90241
9.48988
9.48991
9.48994
9.48997
11.3069
16.5288
21.5717
16.5289
18.0473
21.5713
9.48924
21.5714
5.08714
16.0576
11.2985
11.2988
6.89776
6.89802
6.89827
9.48952
9.48955
9.48958
16.0623
11.3018
6.9008
9.4897
11.3031
9.48976
11.3041
9.48983
5.0877
9.48989
9.48992
6.90606
6.90631
9.49001
11.3086
9.49007
11.3096
9.49013
5.08801
9.4902
9.49023
6.91155
11.313
6.91205
9.49035
6.91304
6.91329
16.081
9.49047
9.4905
11.316
19.1401
19.139
11.3148
16.0813
11.3148
11.315
11.0367
16.0808
11.036
11.3137
9.49003
11.3147
11.3149
11.3152
11.3154
11.3157
11.3159
9.49025
11.3169
5
5.08776
16.0865
16.0861
19.1426
19.1414
11.3163
16.0838
19.1403
11.0381
19.1384
11.0367
16.0796
9.48945
16.0803
11.3137
11.314
11.3142
11.3144
11.3147
16.0817
19.1382
16.0802
19.1367
11.313
11.3132
11.3135
9.48988
5
11.0381
9.48914
16.0818
11.0385
16.0806
11.0377
19.1363
19.1352
16.0772
16.0768
9.48859
11.3118
9.48865
9.48868
11.3135
11.3138
9.48877
11.3148
11.315
11.3153
11.3155
9.48892
5.0868
9.48898
11.3179
5
11.3185
6.91749
6.91773
9.48876
11.3199
11.3202
11.0479
16.0895
9.4885
11.0482
6.91837
11.3199
9.48821
9.48824
9.48827
11.3223
5.08618
9.48836
11.324
11.3242
11.3244
18.0478
9.48841
21.5706
11.3229
6.92189
11.3234
5
11.3239
11.3242
11.3244
6.9234
11.3249
9.48834
5.08621
11.3266
11.3268
6.92581
9.48849
11.328
9.48855
11.329
9.48861
9.48864
9.48867
9.4887
6.93084
11.3323
9.48879
9.48882
9.48885
9.48888
11.3354
9.48894
9.48897
11.3371
6.93609
9.48906
11.3383
11.3385
11.3387
11.339
11.3392
11.3394
6.93845
9.4893
11.3406
9.48936
6.94034
6.94058
9.48945
9.48948
9.48951
9.48954
11.3449
16.127
18.047
9.48956
16.1257
11.344
14.7851
11.3435
21.5718
17.1743
11.7232
16.1209
11.3409
11.3411
11.3413
9.48991
11.3423
11.3425
11.3428
11.343
9.49006
9.49009
9.49012
11.3453
9.49018
9.49021
9.49024
19.1875
19.1864
16.1283
11.0836
11.0833
16.1264
11.3445
9.48967
11.3454
11.3456
11.3459
9.48978
9.48981
11.3475
9.48987
6.94722
6.94745
9.48996
11.3496
11.3498
14.1477
9.48968
11.3496
11.3499
11.3501
19.1917
14.7931
17.1745
21.572
11.7309
21.572
11.0829
19.183
16.1249
11.3435
9.48969
11.3444
9.48975
19.1842
9.48981
21.5719
11.3442
9.48989
11.3451
16.1271
21.5721
16.5288
21.5717
16.5289
9.4893
21.5714
16.1159
11.3374
11.3377
11.3379
9.48948
6.93759
6.93782
11.7202
11.339
11.7201
16.1178
11.3388
11.339
11.72
21.5719
11.3378
16.1163
21.572
19.1711
19.17
9.48994
6.9347
11.3362
16.1137
21.5722
11.7134
9.49012
9.49014
9.49017
11.0701
11.0698
19.1697
19.1686
16.1106
16.1102
11.3337
9.48961
11.3346
9.48967
9.4897
9.48973
17.1744
16.1128
21.5719
11.7126
21.572
11.0648
19.1648
21.5717
11.3304
11.3307
9.48965
6.93037
9.48971
11.3325
9.48977
14.7688
16.1083
21.572
11.7081
21.572
11.0602
19.1603
11.3286
16.1026
11.3286
19.1595
21.5718
9.48975
9.48978
11.3284
9.48984
6.92806
9.48989
11.3302
11.3304
6.92943
6.92966
11.3311
9.49007
16.1071
19.1637
16.1057
11.3309
11.0615
16.1049
11.0608
11.3296
11.3298
11.3301
9.4896
11.331
16.1061
19.1627
16.1047
11.0607
16.1036
11.0601
11.3286
11.3288
11.329
9.48914
11.3299
11.3302
9.48922
11.3311
6.93008
11.3315
16.529
18.0475
21.571
16.5291
21.5707
9.48861
11.0543
16.0958
11.3236
21.5705
21.5705
9.4884
19.1502
19.1492
11.3209
16.0915
16.0912
11.3206
11.3209
11.3211
11.3213
21.5708
21.5708
16.5292
18.0479
21.5704
16.0817
11.3142
11.3145
5
11.6845
11.3148
16.0826
16.0822
11.3145
9.48822
9.48825
9.48828
21.5704
16.5293
21.5701
21.5701
18.0481
9.48797
16.0758
11.3102
11.3104
6.90942
11.6783
6.90942
11.3109
11.3111
16.5293
16.5294
21.5696
21.5697
18.0484
9.48751
16.0673
11.3044
6.90338
5
11.3052
11.3054
11.3056
11.3058
19.1265
9.48742
14.0864
16.0681
19.1247
6.90288
6.9031
19.1243
11.3039
21.5694
16.5296
16.0616
16.5297
11.2984
21.5688
18.049
9.48662
11.6582
11.2968
17.1713
9.48673
14.7151
11.2959
16.055
21.569
6.89355
6.89377
11.2953
11.2955
11.2957
11.296
11.2962
9.48707
16.0562
11.2969
9.48715
11.2978
6.89674
11.2982
11.2985
6.89742
6.89765
11.2991
9.48738
9.48741
16.0615
9.48746
14.7216
9.48752
11.3012
17.1722
21.5697
19.116
19.115
14.0736
19.1126
11.2961
11.2964
19.1122
16.0543
21.5696
21.5696
11.2935
11.2937
11.2939
21.5697
17.1723
14.7077
11.0062
16.0465
11.2905
11.2907
21.5696
19.1021
16.0442
6.88769
9.48755
21.5697
11.2888
11.289
19.101
21.5698
16.5294
16.5295
9.48703
21.5692
14.052
19.0903
16.0324
19.0889
16.031
11.28
11.2802
11.2804
11.2807
9.48696
6.88029
6.88051
19.0906
11.2814
14.0502
19.0885
16.0306
11.2797
16.0306
11.2797
19.0875
11.2793
19.0868
21.5691
21.5691
11.2767
9.48707
16.5296
21.5689
16.5297
18.0492
21.5685
9.48641
21.5685
5.08431
16.0163
9.48652
11.2707
11.2709
21.5687
21.5687
21.5688
21.5688
17.1713
11.2644
16.0077
21.5689
21.5689
21.569
17.1715
21.569
11.2581
15.9982
11.2581
19.0551
5.08489
15.9982
5.08494
21.5692
11.2578
21.5693
21.5693
21.5693
21.5694
21.5694
11.2513
11.2515
15.9881
19.0446
15.9868
15.9865
5.08532
21.5696
19.0424
11.2495
19.0417
15.984
21.5698
21.5698
21.5698
21.5698
21.5699
17.1724
5.08565
15.9729
19.0294
5.08573
21.57
7.29701
19.0287
11.5726
9.48789
15.9716
19.0281
15.9703
21.5701
21.5701
21.5702
21.5702
21.5702
17.1728
5.08601
15.9593
19.0158
5.08609
21.5704
7.29682
19.0151
11.559
11.2313
9.48828
9.48831
21.5704
21.5705
21.5705
17.173
21.5706
11.2267
11.2269
15.9507
19.0071
5.08642
15.9504
5.08648
21.5708
21.5708
21.5708
21.5708
17.1734
21.5709
11.2198
15.9399
11.2199
18.9967
15.939
5.0868
5.08683
21.5711
21.5711
21.5712
21.5712
17.1737
21.5712
11.2135
11.2137
15.9305
18.9869
5.08712
15.9302
5.08717
21.5715
18.986
18.9851
18.9841
11.2113
11.2116
11.2118
10.8839
15.9268
10.8833
11.2107
11.211
18.9833
18.9823
18.9814
11.2094
10.8811
15.9234
10.8805
11.2083
11.2085
11.2088
9.4885
11.2097
15.9248
10.8821
18.9806
18.9796
18.9787
18.9777
9.48835
11.2074
9.4884
9.48843
11.2089
11.2092
9.48851
11.21
11.2103
18.9824
18.9815
18.9805
18.9796
11.2081
11.2083
10.88
15.922
10.8795
11.2072
15.9213
10.8792
18.9771
18.9762
18.9753
18.9743
11.2043
9.48797
11.2052
9.48802
9.48805
11.2067
11.207
9.48812
18.9786
18.9777
18.9768
11.206
11.2063
11.2065
18.9769
18.9759
18.975
18.9741
11.2043
11.2045
9.48847
9.48849
10.8768
5
15.919
9.48789
10.8782
11.2057
18.9761
18.9752
18.9742
11.2041
18.9737
11.2038
10.875
15.9157
10.8744
11.2027
6.80161
6.80185
9.48722
11.2041
11.2043
10.8767
15.9168
9.487
10.8771
6.80259
11.2042
9.48676
9.48678
9.48681
9.48684
18.9781
18.9771
18.9762
10.8783
15.9179
10.8777
11.2039
11.2042
11.2044
9.4864
11.2053
11.2055
9.48648
11.2064
11.2066
11.2069
9.48658
9.48661
9.48663
5
18.9818
5.08421
18.9818
18.9809
18.98
11.2076
9.4865
6.8071
9.48655
11.2093
9.4866
9.48663
11.2109
11.2111
11.2113
6.81019
9.48676
11.2124
9.48681
6.81194
6.81217
9.48689
11.2144
11.2146
13.9503
11.2139
18.9888
11.2135
9.48672
9.48675
9.48678
17.3449
9.4868
21.5689
9.48685
16.6662
9.48665
21.5688
16.5297
11.2111
9.4864
9.48643
9.48646
5.08433
21.5686
17.3457
16.6663
16.5298
21.5681
10.8832
10.8829
13.9403
18.9765
15.9188
11.2046
15.9188
11.2046
6.80348
21.5673
16.6667
21.5671
21.5671
17.3505
9.48506
15.9116
15.9113
9.48514
9.48516
5.08303
9.48521
11.2022
11.2024
11.2026
11.2028
9.48534
9.48537
16.6667
21.5673
16.5302
17.3511
21.567
21.567
11.1969
11.1971
6.79598
9.48501
6.79685
6.79708
15.9097
9.48511
9.48514
11.1998
11.2
6.79886
21.5674
16.6667
21.5672
16.5302
9.48475
21.5669
15.9038
11.1945
6.79335
13.9241
15.903
11.1938
11.1941
15.9033
21.5668
15.9016
11.1929
9.48475
11.1938
11.194
9.48482
9.48485
5.08272
5
18.9634
9.48462
9.48464
11.1971
15.9079
17.3516
9.48472
15.9071
11.1966
21.5669
15.9056
14.5645
21.567
17.1695
16.6668
21.5668
5.08257
16.5303
15.8954
9.48446
15.8961
21.5666
15.8943
21.5667
16.5303
16.667
21.5662
17.3538
17.1687
14.5418
15.8818
9.48416
21.5663
6.77741
11.179
17.1689
13.8995
9.48398
18.9353
6.77562
11.1772
9.48408
9.48411
9.48413
9.48416
9.48418
9.48421
9.48423
9.48426
18.9426
21.5664
17.169
14.54
13.9005
15.8787
15.8784
14.5373
11.1768
6.7756
9.48421
15.8789
15.8786
10.8414
15.8777
6.77543
9.48403
9.48405
9.48408
9.4841
18.9382
21.5663
17.1688
15.8765
6.77467
9.48426
11.1769
18.9345
18.9336
11.176
15.8764
15.8761
11.1759
18.9329
11.1755
9.48451
18.9332
21.5667
17.1692
11.1739
16.6669
17.3527
21.5665
16.5304
9.48413
15.8663
11.1692
15.8663
18.9228
18.9219
9.48429
13.8859
11.1679
18.9211
18.9202
17.1687
6.7646
9.48413
11.1669
9.48418
11.1677
9.48423
9.48426
9.48428
9.48431
6.76905
18.9248
21.5665
18.9224
11.1686
11.1688
11.169
11.1692
9.48454
17.1692
15.8651
17.1692
15.8627
21.5668
13.8805
18.9159
15.8583
15.8581
6.76247
9.48448
14.5182
9.48454
9.48456
11.1654
9.48461
6.76486
14.5208
15.8608
17.1693
15.8585
21.5669
13.8761
18.9116
15.8541
15.8538
6.75966
14.513
9.48461
21.5667
9.48466
11.161
6.75984
9.48473
9.48476
18.9126
18.9118
13.8741
18.9097
11.1601
18.9092
11.1598
15.852
17.1693
21.5668
11.1579
11.1582
11.1584
10.8122
14.5083
11.1576
18.9054
9.48455
13.869
17.1689
21.5664
9.48433
9.48435
14.5045
15.8445
10.8071
18.9003
13.8636
15.8416
11.1527
9.4839
11.1535
18.8996
15.8421
13.8628
6.75076
6.75099
18.898
11.1521
6.75088
5
11.1528
11.153
9.48357
6.75248
9.48362
16.5306
16.6674
21.5653
21.5653
17.3571
9.48318
15.8371
15.8368
9.48326
15.8375
5.08116
11.1504
9.48336
9.48338
11.1518
11.1521
11.1523
11.1525
6.75133
21.5656
21.5657
17.1682
17.1682
21.5657
21.5658
11.1461
6.74494
5
11.1469
15.8332
21.5656
16.5306
15.8286
15.8283
16.6674
21.5652
17.3575
9.48307
15.8245
11.141
17.1678
14.4817
6.73794
15.822
6.738
21.5654
21.5654
16.5307
17.3577
21.5651
9.48304
15.8144
15.8142
15.8139
18.8703
11.4144
21.5653
21.5653
17.1679
21.5654
21.5654
17.1679
9.48334
15.8033
18.8596
5.08126
5
18.8604
11.4045
9.48328
9.4833
9.48332
15.8054
14.4643
17.168
17.168
9.48345
15.8013
11.1257
11.1259
6.7247
11.1264
21.5657
17.1682
14.4575
15.7976
6.72183
13.819
17.168
9.48345
9.48347
11.1225
11.1228
14.4561
17.1682
17.1682
15.7922
21.5658
13.8114
18.8455
15.788
6.71539
11.1171
5
11.1176
11.1178
6.7166
6.71683
11.1185
11.1187
9.48333
18.8486
21.5655
15.7897
15.7895
18.8458
11.1173
9.4835
18.8463
18.8454
17.1682
21.5657
11.1152
15.7856
18.8419
11.1147
18.8414
13.8053
11.1136
9.48347
9.4835
11.115
9.48355
9.48357
13.8086
18.8426
15.7852
17.168
17.168
14.4401
15.7803
6.71019
9.48347
15.7812
11.1123
6.7111
14.4407
15.7808
11.1121
15.7809
10.7445
21.5655
17.168
18.834
18.8332
11.1088
11.109
17.1681
21.5657
21.5657
17.1682
21.5657
11.1039
9.48367
13.7909
21.5655
17.168
11.1014
17.1681
14.422
15.7622
14.421
15.7611
9.48359
6.69809
15.7621
10.7256
6.69771
15.7617
9.48343
11.3638
11.0997
15.7624
15.7622
11.0996
21.5657
11.099
17.1682
11.3613
15.7597
21.5658
11.0971
15.7584
18.8147
6.69517
9.48381
15.7586
21.566
13.7774
11.0952
18.8122
15.7548
17.1683
17.1683
6.69074
11.0924
14.4104
15.7506
15.7504
11.0918
11.0921
21.566
14.4084
11.3501
11.0907
15.7487
11.0908
15.7488
15.7486
11.3498
11.0906
11.0908
6.68959
6.68982
6.69005
15.7498
9.48424
15.7505
11.0921
21.5664
15.7492
21.5665
11.09
9.48441
9.48443
11.0914
15.7495
10.7119
17.1688
18.8039
21.5664
11.0887
11.0889
15.7459
18.8022
21.5665
15.7435
14.4023
11.087
9.48448
13.7639
9.48421
10.7065
15.743
14.4017
6.68497
11.0867
11.0869
11.0871
11.0874
11.0876
9.48414
15.7448
11.0883
9.48421
11.3473
15.7456
18.8019
18.8011
15.7438
11.0876
18.8004
9.4844
11.3454
9.48445
18.8012
5
14.4035
18.8003
21.5665
11.0863
18.7985
21.5665
9.48443
17.1691
21.5666
18.7929
17.1691
9.48455
11.0821
11.0823
6.68103
6.68126
11.083
9.48469
9.48471
11.0844
6.68314
6.68337
11.0851
6.68382
11.0855
9.48488
11.0863
5.08277
9.48495
15.7435
11.0876
17.1696
21.5672
21.5672
17.1697
18.7931
18.7923
18.7915
11.0817
17.1698
18.7897
21.5674
18.7876
11.0791
15.7307
21.5675
18.7856
11.3297
11.3295
18.7844
9.48546
18.7845
9.48551
5
15.7287
11.0779
11.0782
14.3882
9.48542
18.7858
9.48547
18.7859
18.7851
11.0775
6.67628
11.078
11.0782
11.0784
11.0787
11.0789
9.4857
15.731
11.0796
21.5679
11.0789
17.1704
18.7853
18.7846
11.0773
11.0775
15.7279
18.7842
11.0771
18.7838
11.3279
21.5682
21.5682
21.5682
17.1707
21.5683
9.48616
17.1708
15.7176
18.7739
5.0841
11.0709
5.08415
11.0717
9.48634
6.671
11.0727
21.5685
17.1711
21.5686
17.1711
21.5686
11.0675
15.7126
11.0676
18.7692
11.3134
5.08449
9.48667
21.5688
11.0675
15.7125
11.3137
11.3135
11.0673
5.08467
21.569
17.1715
21.569
17.1715
21.5691
11.0631
11.3072
18.762
11.0627
18.7616
15.7044
9.4871
5
9.48692
21.5691
5.08481
11.3075
11.0634
9.48703
11.0642
18.7639
9.4871
15.7075
14.3663
18.763
18.7623
21.5693
21.5694
17.1719
21.5694
21.5694
15.6969
11.2981
9.48737
11.0578
11.058
6.65676
11.0585
14.3576
18.7544
18.7536
18.7529
18.7521
15.6949
21.5697
18.7498
11.294
11.2938
11.0545
18.749
11.0542
18.7486
9.4878
11.0545
9.48785
15.6934
11.2946
18.7495
18.7487
15.6915
11.054
21.5701
9.48803
5
11.2932
9.48787
9.4879
18.7498
11.0548
15.6929
11.0549
9.48801
5.08588
14.3537
18.7505
18.7497
18.749
18.7482
18.7475
9.48819
9.48821
11.0545
5
11.2943
21.5701
9.48806
11.0547
15.6926
18.7489
9.48815
9.48817
5
15.694
21.5701
11.0548
5.0859
9.48808
11.0562
18.7514
14.3531
5
18.7505
18.7498
9.48798
11.2947
18.7497
18.7489
11.293
9.48809
9.48811
18.7497
11.2938
21.5703
6.65231
9.48822
6.65311
9.48827
11.0554
6.65414
11.0559
9.48836
18.7516
14.3534
18.7502
9.48844
11.0558
15.6941
11.0559
15.6942
11.056
11.0562
11.0564
6.65514
9.48864
6.65594
18.753
21.5708
11.2958
18.7507
11.2949
18.7498
18.7491
9.48884
9.48887
15.6935
11.0556
5
11.0562
15.6946
11.0563
15.6947
11.0564
11.0566
9.48886
21.571
17.1735
18.75
11.0553
11.0555
6.65419
11.0559
9.48904
6.65521
9.48908
9.48911
5.08697
15.6978
11.2989
11.2987
11.0583
11.0585
9.48926
11.0593
11.0595
11.0597
11.301
11.0598
18.7562
5
11.0599
9.4892
15.7007
9.48924
21.5714
18.7566
14.3583
18.7551
9.48935
9.48937
11.06
9.48942
11.0608
9.48946
15.7019
18.7582
21.5716
5
11.3017
18.7566
11.3007
18.7556
11.2998
9.48942
18.7555
5.08731
18.7556
11.0592
15.6987
15.6985
11.0592
9.4896
5
11.3015
11.3013
21.5716
11.0592
9.48951
9.48953
11.0606
11.0608
9.48959
15.7019
9.48964
15.7026
5
9.48944
11.3051
5.08733
11.0632
6.66193
11.0637
11.0639
5.08744
11.0647
11.0649
11.3085
9.48968
11.3092
18.7641
15.7068
9.48977
18.764
11.0649
14.366
18.7628
9.48988
11.3078
18.7627
18.762
18.7613
15.704
9.49001
11.306
11.0634
11.0637
11.0639
15.7054
11.064
11.0642
15.7058
11.0643
17.1748
11.0636
11.0639
11.0641
9.49031
9.49033
9.49035
9.49037
15.709
15.7088
9.49044
11.3108
5
9.49025
9.49027
9.49029
18.7688
11.0682
16.665
21.5723
16.5287
17.3357
21.572
9.48993
21.5721
5.08781
9.48999
15.7053
15.7051
18.7614
15.7042
15.704
9.49012
6.66204
11.0638
11.064
11.0642
9.49023
11.065
15.707
15.7068
9.49031
11.0655
6.6642
11.0659
11.0661
9.49042
9.49044
9.49046
5.08833
21.5726
17.3341
16.6649
16.5287
21.5722
9.49008
9.4901
18.7624
11.0639
16.6651
21.5721
16.5288
17.3363
21.5718
9.48974
21.5719
5.08763
9.4898
15.699
15.6988
11.0594
15.6989
15.6987
9.48993
11.0599
6.65865
11.0604
11.0606
9.49004
15.7014
21.5722
15.6999
21.5722
16.5287
17.1745
16.6651
21.5718
14.3505
6.6527
15.6911
17.3361
21.5719
11.0523
13.7016
6.65026
17.1742
9.4896
18.7431
9.48964
9.48966
11.052
11.0523
9.48973
15.689
16.5288
16.6653
21.5714
21.5714
17.3373
9.48935
15.6825
15.6823
9.48941
15.6829
5.0873
11.0493
9.4895
21.5716
16.6653
21.5715
21.5715
17.3372
9.48939
15.6786
15.6784
18.7347
15.6775
15.6773
9.48951
14.3369
15.6773
17.1742
15.6753
18.7316
9.48964
11.0438
11.044
11.0442
15.6762
21.5719
15.6748
21.5719
16.5288
16.6653
21.5715
17.3372
17.174
14.3242
15.6645
9.48943
21.5716
6.63435
11.0361
17.1741
13.676
9.48927
18.7186
6.63299
11.0347
6.63342
6.63364
6.63386
15.6631
9.48944
15.6637
11.0359
21.5716
15.6626
21.5717
16.5289
11.0327
21.5714
13.6712
9.48908
9.4891
9.48912
6.63111
9.48917
21.5713
13.6723
13.6716
18.7127
15.6555
17.1733
17.1734
14.3108
15.6512
6.62583
9.48883
15.6521
11.028
6.6267
14.3115
15.6519
11.0279
15.652
10.6086
21.5708
13.6648
21.5706
17.1731
11.0238
17.1732
14.3033
15.6437
14.3024
15.6428
9.48866
6.62072
15.6437
10.6006
6.62042
15.6434
15.6432
9.48852
11.0225
14.3031
17.1732
17.1732
21.5707
9.48865
17.1733
15.6375
17.1733
15.6356
21.5709
13.6483
18.6892
15.632
15.6319
6.61285
9.48859
14.2917
21.5707
9.48866
9.48868
11.015
9.48872
6.61425
18.6904
21.5709
11.0144
9.48882
15.6328
15.6326
18.6888
11.0145
16.6655
17.339
21.5708
16.5291
21.5706
9.48852
15.6254
15.6252
5.08643
9.4886
9.48862
9.48864
15.6283
15.6281
18.6843
11.0115
9.48875
11.0122
11.0125
6.61112
11.0129
21.571
17.1735
14.2851
15.6255
15.6254
6.60864
13.6398
17.1733
15.6229
18.6791
6.60644
9.4888
21.5709
11.008
11.0082
21.571
14.2797
16.5291
16.6655
9.48848
21.5706
6.6027
9.48854
11.005
6.60368
11.0055
11.0057
15.6189
21.5708
13.6317
18.6725
15.6154
17.1731
17.1731
15.6119
11.0011
9.48855
14.2717
21.5707
9.48861
11.0011
11.0014
21.5708
16.5291
15.6088
15.6086
6.59729
9.4885
9.48852
11.0002
9.48856
6.59937
6.59958
13.6269
18.6676
21.5705
10.9991
10.9993
6.59796
15.6098
10.9996
17.1731
14.2671
10.9983
9.48857
17.1732
14.2659
15.6063
15.6062
10.5631
15.6055
18.6617
21.5706
17.1731
14.2602
13.6156
15.5997
15.5996
14.2582
10.9923
6.59097
9.48836
15.6001
10.5574
9.48815
9.48817
6.59232
10.9941
5.08608
9.48825
10.9954
10.9956
9.48831
5.08618
9.48835
10.9975
5
10.998
