0
2
1
1
1
2
1
0
0
3
3
5
3
0
5
5
3
3
3
3
3
0
0
0
0
3
1
2
1
5
0
5
4
1
1
1
3
3
3
3
0
0
0
0
1
1
1
1
4
1
2
3
2
2
4
3
1
0
0
1
2
2
2
3
3
3
9
9
9
4
4
4
4
4
4
4
4
9
7
7
4
7
4
3
3
4
3
3
3
0
3
0
0
1
1
1
1
1
2
2
2
8
8
8
8
8
2
8
2
2
2
2
2
2
2
2
2
2
2
2
2
2
2
2
2
1
1
1
1
1
1
2
1
1
2
2
1
1
1
2
1
2
1
2
1
2
1
1
2
2
1
2
2
2
2
2
2
1
1
2
2
2
2
8
8
8
8
8
8
8
8
8
8
8
8
8
8
4
4
4
4
4
4
4
3
4
3
2
3
3
3
3
2
2
3
0
2
2
0
0
2
2
3
0
0
2
0
0
0
1
4
11
3
0
13
4
2
6
14
13
4
2
0
11
0
11
0
4
4
6
13
0
0
0
0
0
0
0
4
7
12
3
3
3
3
3
3
3
3
2
2
2
2
2
2
2
2
0
10
13
3
4
11
15
11
8
8
8
8
8
8
16
8
8
8
1
5
1
13
1
13
1
1
13
1
5
1
5
1
5
5
1
5
5
1
5
5
8
5
8
1
1
1
4
4
1
4
4
4
4
5
1
1
1
1
3
5
5
4
3
1
3
0
1
6
15
1
1
3
5
3
7
1
15
10
3
8
13
13
1
1
1
1
1
1
1
1
1
1
1
1
1
1
1
1
1
1
1
8
1
8
8
8
1
8
8
8
8
8
8
8
4
8
8
13
8
4
8
4
1
4
12
1
12
3
16
1
1
5
1
8
8
1
1
1
2
8
3
3
8
8
8
8
8
8
8
8
12
8
8
12
8
12
5
8
3
8
3
3
3
3
0
2
11
4
8
2
2
2
5
5
0
0
1
1
4
4
4
4
2
2
2
2
2
3
2
0
3
3
0
2
0
2
3
11
0
4
4
4
4
4
12
11
2
3
3
3
2
2
2
4
4
4
4
2
3
2
2
2
2
3
3
3
2
2
2
8
12
4
2
3
2
10
8
0
1
1
0
6
12
0
4
0
2
1
1
6
12
11
14
10
8
4
6
14
3
5
1
1
9
14
14
0
1
1
1
1
1
1
3
13
14
1
1
1
1
2
1
3
7
1
4
3
8
3
3
5
1
1
6
17
17
9
9
1
8
5
8
8
1
5
3
1
5
1
3
3
3
3
3
2
2
2
2
17
17
