3.16278
10
4.86738
5.9624
8.5624
10
8.5624
10
10
8.42548
8.42548
10
10
10
10
10
10
10
10
10
9.51121
10
10
10
10
9.51121
10
10
10
10
0
7.06866
10
10
10
10
10
10
10
10
10
10
10
10
6.29774
6.29774
6.29774
6.29774
10
3.59174
2.47211
10
3.27482
3.27482
7.67946
10
3.16278
8.32944
8.32944
6.27513
10
10
10
10
10
10
10
10
10
7.61757
7.61757
7.61757
4.02562
4.02562
4.02562
10
10
7.58477
10
10
10
10
10
10
10
10
10
10
10
0
10
0
3.17758
6.1787
6.1787
6.1787
8.7787
8.7787
2.71663
2.71663
10
7.08269
7.08269
7.08269
7.08269
7.08269
10
7.08269
10
10
10
10
10
10
10
10
10
10
10
10
10
10
10
10
10
3.16278
3.16278
3.16278
3.16278
3.16278
3.16278
2.71663
3.16278
3.16278
2.71663
2.71663
3.16278
3.16278
3.16278
2.71663
3.16278
2.71663
3.16278
2.71663
3.16278
2.71663
3.16278
3.16278
2.71663
2.71663
3.16278
2.71663
2.71663
2.71663
2.71663
2.71663
2.71663
3.16278
3.16278
2.71663
2.71663
2.71663
2.71663
7.08269
7.08269
9.42269
9.42269
9.42269
9.42269
9.42269
9.42269
9.42269
5.69672
9.42269
5.69672
9.42269
9.42269
0
0
0
0
0
0
0
10
0
10
0
10
10
10
10
0
0
10
0
0
0
0
0
0
0
10
0
0
0
0
0
0
3.16278
10
1.34324
2.47211
3.02066
3.17869
10
10
10
1.22211e-14
3.17869
10
10
3.02066
7.28987
10
7.28987
10
10
10
10
0.72
10
10
10
10
10
10
10
10
9.66384
10
10
10
10
10
10
10
10
10
10
10
10
10
10
10
10
10
0
9.59158
6.76
10
6.21779
6.4311
0.26
6.4311
6.83781
6.83781
6.83781
6.83781
6.83781
6.83781
10
6.83781
6.83781
6.83781
10
10
10
10
10
6.76
10
10
10
10
10
10
10
10
10
10
10
10
10
10
10
10
6.83781
10
6.83781
3.27482
3.27482
3.27482
6.21779
6.21779
10
6.21779
6.21779
6.21779
6.21779
0
10
5.6896
5.6896
10
6.19686
8.88825
8.88825
10
10
10
0
0
4.82135
7.31327
10
3.27482
9.93259
10
9.94587
10
10
9.93259
0
9.70576
9.82299
9.70632
1.22543
1.22543
10
10
10
10
10
10
10
10
10
10
10
10
10
10
10
10
10
10
10
6.00885
10
6.00885
6.00885
6.00885
10
6.00885
6.00885
6.00885
6.00885
6.00885
6.00885
6.00885
10
6.00885
6.00885
2.68493
6.00885
10
6.00885
10
10
10
4.06919
10
4.06919
9.82299
10
2.71663
3.16278
9.94587
2.71663
10
10
3.16278
2.71663
2.71663
10
6.00885
10
3.75644
6.00885
6.00885
6.00885
6.00885
6.00885
6.00885
6.00885
6.00885
0
6.00885
6.00885
0
6.00885
0
3.84401
6.00885
10
6.00885
3.75644
3.75644
3.75644
3.75644
10
10
10
10
6.00885
10
10
10
10
10
10
10
2.64144
2.64144
7.35858
7.35858
7.35858
7.35858
10
10
10
10
10
0
10
0
0
0
0
10
0
10
0
2.84562
0
10
10
10
10
10
1.56
2.0466
10
10
10
10
10
10
10
10
10
10
10
10
10
10
10
10
10
10
10
10
10
10
10
3.59455
1.56
10
10
10
10
10
3.59455
2.96433
0
3.16278
10
10
0
3.09077
2.62704
3.09077
2.47211
3.16278
10
10
0
10
10
10
10
4.5499
10
10
10
6.94612
10
0
10
0
0
10
10
10
10
4.27228
4.27228
4.27228
9.91528
7.32712
0
9.68925
9.68925
9.68925
9.68925
5.18382
6.87228
10
3.09775
10
10
10
8.50863
10
10
2.11334
10
10
10
3.39027
3.39027
10
10
10
8.21092
10
8.21092
8.21092
10
10
9.77641
10
10
10
9.77641
9.77641
1.04
10
10
0
0
10
10
0
0
