12.0912
12.0912
11.5643
11.7685
11.8026
14.376
11.4105
18.0818
11.5364
14.3335
14.1206
9.97379
17.6423
10.1287
10.9965
10.2459
15.2019
11.0522
11.0932
14.0353
11.0187
20.5726
15.1356
10.1562
20.4992
17.4833
17.5189
17.552
17.583
17.6121
10.2019
11.0011
17.6273
17.6511
15.2564
17.7073
17.7275
14.1233
17.6868
14.0867
17.6503
20.6512
15.1743
10.1469
20.6032
10.968
13.9798
17.5427
10.2895
17.5475
10.127
15.1267
10.9674
17.5847
20.5989
17.5611
17.5768
17.5919
20.6089
17.57
13.9912
20.5542
17.5156
17.5305
17.5449
17.559
17.5726
10.0962
10.9658
17.5797
10.1317
17.575
17.587
17.5987
17.6101
14.0379
20.6069
10.1129
13.9676
13.9411
17.4964
15.0792
13.9447
13.9198
17.4749
10.8852
17.4976
17.5086
20.5389
13.9186
10.8719
20.5045
10.8604
22.7976
17.4186
13.8543
10.8076
20.4423
14.9499
17.4153
17.4259
10.835
13.8732
13.8541
10.8067
13.8458
17.3997
10.8084
10.8183
17.4294
13.8679
13.8502
17.4036
13.8427
13.8258
17.3791
13.8189
20.3999
20.3839
17.3401
20.378
13.7653
20.3475
17.3036
10.7117
17.3227
13.7642
17.3173
20.3564
17.3121
20.3515
17.3071
17.3161
10.7235
29.1765
29.1219
29.0681
17.2266
20.2675
17.2232
17.2323
17.2414
20.2825
17.2379
17.2467
17.2554
9.65861
17.2538
13.2829
17.2546
17.263
17.2712
20.3129
9.66937
20.2919
17.2464
20.2886
29.052
29.006
17.1826
9.60434
17.1826
28.9804
28.9363
22.2964
17.104
20.1478
17.1026
17.1109
9.54023
20.1477
13.1349
20.1323
20.1229
17.0775
20.1219
20.1128
20.1037
20.0948
13.4882
20.0773
20.0686
9.44117
13.4561
20.0456
20.0373
20.0291
20.021
10.3736
16.9835
13.4312
20.0212
20.0133
9.38967
20.0002
16.9544
32.3562
19.9466
13.3413
19.9322
19.9251
16.8795
13.3281
9.30714
16.8757
28.5349
28.5021
32.3539
25.7585
19.8082
19.802
9.18972
19.7921
16.7466
32.3482
16.7063
32.35
32.3509
32.3518
32.3527
32.3536
32.3544
12.8341
19.4287
19.4246
12.8217
19.4165
16.372
12.823
16.3773
8.81338
27.7904
19.4081
19.4042
19.4004
27.7461
32.2895
27.6763
25.6242
19.3053
19.302
19.2987
16.2541
8.69084
20.0548
16.236
27.5879
20.0207
19.2458
19.2428
16.1981
19.2489
19.246
19.243
19.24
12.6381
19.2342
19.2314
8.63803
19.228
16.183
32.3352
19.1963
19.1937
19.191
16.146
9.55215
16.1635
12.6156
8.62243
19.2116
12.6099
27.4733
32.0236
31.9862
19.1432
32.3373
32.338
32.3387
32.3394
25.7439
18.9345
18.9329
32.3422
32.3429
32.3436
25.748
32.345
32.3456
18.7012
18.7005
8.10021
18.701
18.7003
15.656
18.7092
27.0821
15.6313
32.3418
18.6535
15.6091
24.7996
18.6135
15.5691
32.3376
15.5383
24.801
18.5441
18.5439
11.9438
18.5436
15.4992
18.553
8.90538
7.97657
26.5134
32.3297
24.8035
32.3235
24.8054
15.3513
32.3181
26.2386
18.3684
8.72092
15.3337
15.3434
15.353
26.2817
30.8417
26.2403
18.7072
26.206
18.6808
18.3308
15.2863
8.69262
18.3502
18.3506
18.351
26.2015
30.7628
26.162
30.7235
18.2998
18.3003
18.3008
15.256
7.74337
18.6382
15.253
26.1394
18.6263
18.6151
18.604
30.6456
30.6205
26.0207
26.0087
18.2076
15.1627
18.2175
15.1725
15.1816
15.1906
18.2453
11.6457
15.2008
15.2096
8.61532
32.3019
24.8119
27.1164
24.814
32.2909
18.3859
25.8451
18.0962
7.57318
32.2824
32.283
32.2836
25.6879
32.2848
17.9703
25.6478
17.965
30.2151
8.30241
25.6309
8.305
32.2894
17.9416
32.2905
32.2911
32.2916
25.6959
32.2928
17.8118
25.4066
17.8074
29.9758
25.379
8.13985
8.14906
32.2972
32.2977
32.2982
24.813
27.119
32.2931
14.6159
25.1946
17.6667
18.5925
32.2958
32.2963
32.2968
32.2974
32.2979
17.5422
17.5445
25.0037
29.5726
24.9774
24.9698
32.3015
29.5098
32.3025
32.303
32.3035
25.7078
32.3045
17.3802
17.3827
24.7583
29.3282
7.71871
24.7479
7.72371
32.3085
32.309
32.3094
32.3099
25.7141
32.3109
17.2618
17.2645
24.5783
29.149
7.60146
24.5694
7.60685
32.3146
24.8075
32.3105
24.8088
27.1086
32.3057
14.1829
32.3066
7.58065
24.3817
14.1848
17.1402
17.143
24.3982
28.9696
28.9541
17.1219
24.3657
24.3601
10.516
16.8537
16.8491
17.1037
14.1811
14.1815
17.1251
24.3733
27.1088
14.1822
24.3556
17.1127
32.3067
22.3111
17.0897
32.3081
25.7122
24.8094
32.3047
7.57873
24.8104
17.5794
16.9919
24.8115
24.8128
32.2943
32.2947
27.1177
14.1712
24.0451
16.9022
14.1726
17.4613
7.57023
16.9206
14.1743
24.085
28.6578
24.0667
32.2993
32.2997
32.3001
32.3006
32.301
25.7051
7.57536
23.9157
28.4889
7.57662
32.3035
10.9752
28.4794
17.2917
16.801
14.1808
14.1812
23.9159
16.4158
28.481
28.4682
23.878
23.8739
14.1798
14.1802
24.8109
27.1136
32.2995
24.8122
32.2961
14.1733
23.7698
16.7195
28.3483
32.2982
23.738
28.3119
17.1247
28.2962
28.2843
14.1773
7.57449
23.7207
16.6882
10.9762
16.6987
28.3155
21.7073
28.2919
14.1794
28.293
14.1802
16.6882
17.1232
28.2951
28.2835
23.694
16.6717
32.3061
14.1832
10.9733
23.6994
14.1829
7.58011
28.2988
16.6848
14.1844
16.6962
23.7307
14.1856
16.7054
28.3221
21.7144
28.2995
10.971
7.58315
7.58352
16.7096
16.7126
16.7156
14.1882
14.1885
21.7642
23.771
28.3459
16.2497
28.3276
16.2355
23.731
23.7277
16.6945
16.6974
23.7329
28.3079
28.297
23.7078
16.6819
23.7088
16.2027
10.0749
16.2039
16.6742
28.2785
28.2678
28.2572
16.6562
23.6724
32.3058
10.9737
14.182
14.1824
23.6848
7.57984
16.6733
28.2759
14.1841
16.6771
14.1848
23.7139
16.6856
28.2935
21.6867
14.1865
7.58358
28.2954
17.1087
28.2819
28.2716
23.6827
32.312
7.58592
16.6621
23.6776
16.663
23.6786
28.2544
23.6655
32.3147
28.2242
17.0377
23.6325
28.2084
14.193
28.2095
7.59047
10.967
16.642
23.6457
16.6429
28.2257
14.1944
14.1947
21.6414
16.6475
28.232
28.2222
16.6375
10.0381
14.1969
16.6503
16.653
16.6558
16.6585
16.6612
16.6639
16.6666
16.6692
16.6719
16.6746
14.2002
16.6844
7.59763
6.67334
23.7231
16.6959
16.6985
16.7011
23.7315
28.3078
23.7191
28.2954
16.6875
16.6901
16.6927
14.2013
6.67319
16.2168
14.1954
23.739
16.2212
16.7005
16.703
23.7373
28.3138
23.7251
28.3017
16.6897
16.6922
16.6947
16.2093
14.1927
16.699
23.7314
16.2169
6.6766
14.1877
28.3189
28.3097
23.7209
16.2126
16.2104
23.7063
16.2052
16.203
23.6918
16.1978
28.2629
28.2539
23.6654
23.6627
14.1765
16.6548
14.177
14.1773
16.6705
16.673
14.1782
16.682
16.6844
23.7168
28.2938
28.285
23.6964
16.6718
23.6972
16.1995
16.6679
16.2005
16.6656
16.668
23.6937
28.2709
28.2622
16.6574
23.6771
23.6745
16.6565
16.1837
16.1817
16.6498
32.2965
32.2968
32.2971
23.6182
28.1956
23.6073
16.1174
23.5995
16.1126
16.6003
16.6027
16.6051
14.171
16.6139
16.6163
14.1718
16.625
6.68242
16.6308
14.1701
32.2937
14.1707
16.6363
16.6386
16.1693
16.1674
23.6415
10.0286
14.1671
14.1673
16.6453
10.0456
23.6673
28.245
23.6566
16.6415
16.6437
16.646
14.1699
7.56693
14.1704
16.6665
6.68287
16.6721
16.6743
10.0745
16.6787
16.6809
16.6832
16.6854
16.6876
17.1283
32.2942
23.7097
17.1097
14.1718
17.116
16.6804
14.1726
16.6885
14.1731
16.6965
14.1737
14.1739
14.1742
14.1745
16.722
10.1221
6.68142
16.7293
14.1731
32.2966
23.7824
16.7267
16.7288
14.1744
32.2979
32.2982
32.2984
25.7024
32.299
16.6853
23.7199
16.2281
23.7125
28.2906
28.2829
23.6946
23.6923
16.6672
16.6693
17.0984
16.6699
23.6968
16.6706
14.1769
16.6784
16.6804
16.6825
7.57475
17.1256
17.1233
17.1209
16.6858
16.6879
28.3028
23.7146
32.3032
23.6995
28.2778
23.6897
32.3042
32.3045
32.3047
32.3049
32.3052
25.7092
7.57924
23.604
28.1825
28.1751
32.3067
32.3069
32.3071
32.3074
32.3076
16.5499
16.5521
23.5159
28.0944
23.5068
23.5048
7.58287
32.3096
28.0793
9.93638
14.187
16.5463
14.1875
16.554
14.188
14.1882
14.1885
23.5418
32.3122
28.1083
16.9228
23.5187
28.0973
14.1901
28.0984
7.58734
10.9687
16.5625
23.5291
16.5634
28.1107
14.1911
14.1913
16.5717
16.5738
14.192
7.58898
14.1924
16.5919
16.594
14.1931
16.6013
14.1936
16.6086
10.0085
14.1942
14.1945
17.017
28.1936
28.1867
23.599
16.6116
32.319
14.196
10.9655
23.6027
14.1958
16.6194
14.1963
16.6265
17.0241
16.6272
17.0249
23.6207
17.0209
16.6254
16.6273
10.0271
14.1984
7.59544
16.6415
16.6434
32.3225
32.3227
32.323
32.3232
25.7271
16.5979
16.5998
9.9996
10.0015
14.2012
14.2015
28.1815
16.996
14.2021
14.2023
32.3257
32.3259
32.3261
25.7301
32.3266
16.5738
14.2038
28.1278
28.1213
16.9359
16.9341
23.5302
23.5283
32.3284
16.5603
23.5183
28.0974
16.5569
23.5128
16.9131
10.9595
7.6028
7.60301
16.5707
23.5334
16.5715
16.9364
14.2072
23.5399
16.5761
14.2079
16.583
14.2083
16.5898
16.963
16.5905
23.5618
16.5912
23.5627
16.963
16.9612
16.9594
16.5886
28.1393
9.98408
28.1357
7.60782
23.5555
32.3346
14.2116
14.2118
14.212
9.99298
14.2124
16.6018
16.6037
16.6055
14.2132
14.2134
14.2136
7.61056
28.1917
17.0064
28.1837
28.1775
23.59
32.3381
7.6119
16.6096
23.5873
16.6103
23.5882
28.1676
32.3395
16.6
32.3398
28.1431
28.137
16.5869
16.5887
23.555
28.1345
23.5472
28.1267
28.1207
21.5183
28.1086
28.1026
28.0966
23.5094
32.3426
28.0787
16.549
16.8962
23.4926
28.0721
16.5448
28.0689
16.5428
14.2211
14.2213
16.5539
32.3448
32.345
32.3452
25.7491
32.3456
16.5167
23.4445
28.0241
32.3463
32.3465
32.3466
25.7506
32.347
16.4752
23.3816
16.4761
27.9639
7.62149
23.3839
7.62185
32.3484
16.476
16.4779
14.2258
14.226
7.62291
16.4935
32.3497
27.9792
23.3924
23.3909
27.9706
16.4795
14.2275
7.62448
27.9812
16.7962
27.9741
21.3722
27.9629
32.3519
23.3665
27.9462
16.7613
27.9392
27.9337
14.2298
7.62672
23.3604
16.4639
10.9466
16.4695
27.9513
21.3495
27.9403
14.2305
27.9415
14.2309
16.4658
27.9453
27.9399
27.9344
16.4569
23.3504
32.3552
10.9457
14.2316
14.2317
23.3586
7.62884
16.4677
27.9476
14.2326
16.4703
14.2329
23.3766
16.4756
27.959
21.3573
27.9483
21.3466
27.9375
14.2342
16.7592
27.9373
16.4598
27.9345
23.3479
14.2352
10.944
32.3579
14.2349
14.2351
16.4677
23.3649
7.63232
16.473
27.9539
14.236
16.7754
16.4747
14.2365
14.2367
14.2368
14.237
14.2372
14.2373
27.9944
27.9891
23.4024
6.83691
16.8075
16.496
14.2367
7.63365
23.4192
16.8197
14.2374
14.2375
7.63444
14.2378
23.4414
16.8419
28.0201
14.2385
32.3618
32.3619
28.0031
16.5049
16.5066
14.2394
14.2395
14.2397
14.2399
16.5249
16.5266
7.63708
14.2405
23.4629
28.0431
32.3641
32.3642
25.7682
23.4296
28.0098
16.5103
23.4255
16.511
16.8284
23.4251
7.63922
14.2426
32.3659
28.0087
32.3662
32.3664
16.4959
16.4975
23.4055
23.4041
16.8046
23.4014
7.64102
14.2444
14.2446
16.508
28.0022
25.7719
32.3683
32.3684
32.3686
14.2456
23.3832
7.64265
23.3879
16.7884
23.3853
16.4857
16.4873
23.3887
23.3874
32.3702
25.7741
27.9505
32.3706
32.3708
14.2478
7.6447
23.3553
16.4663
16.4679
16.4695
16.4711
16.4727
16.7675
23.3645
32.3724
25.7763
27.9279
32.3728
32.3729
23.321
14.2501
7.64699
16.4521
16.4537
16.4553
16.4569
16.4585
27.9249
23.3385
25.7783
32.3746
23.3206
16.7211
14.2519
16.4476
16.4492
32.3755
32.3756
14.2526
23.3145
16.4406
14.253
27.9031
25.7802
32.3766
32.3767
32.3769
23.2804
7.65077
16.4222
23.2874
16.6879
16.4223
23.2873
14.2548
16.4271
16.4287
16.4303
16.4318
14.2555
27.8886
25.7827
32.379
32.3792
32.3793
23.2665
6.65701
14.2545
14.2547
7.65156
16.688
23.2852
32.3783
27.8576
25.7824
14.2556
32.3789
7.65263
32.3791
23.2555
16.4024
16.404
16.4055
16.4071
16.4087
25.7838
27.8395
32.3803
32.3805
16.3893
23.2364
23.2353
16.3895
16.6382
23.2354
7.65502
14.2584
14.2585
32.3818
23.2401
32.382
25.7859
27.805
16.3798
16.3813
23.2235
16.624
23.2214
14.26
7.65685
