1	1	2	3	4	5	6	7	8
2	4	2	3	4	5	6	7	8
3	6	4	3	4	5	6	7	8
4	8	7	5	4	5	6	7	8
5	10	9	7	6	5	6	7	8
6	12	11	10	8	7	6	7	8
7	14	13	12	10	9	7	7	8
8	16	15	14	13	11	10	8	8
9	18	17	16	14	13	12	10	9
10	20	19	18	17	16	14	13	11
11	22	21	20	19	17	16	15	13
12	24	23	22	21	20	19	17	16
13	26	25	24	23	22	20	19	18
14	28	27	26	25	24	22	22	20
15	30	29	28	27	26	25	23	22
16	32	31	30	29	28	26	25	25
17	34	33	32	31	30	29	28	26
18	36	35	34	33	32	31	29	28
19	38	37	36	35	34	33	31	30
20	40	39	38	37	36	35	34	33
21	42	41	40	39	38	37	36	34
22	44	43	42	41	40	39	38	36
23	46	45	44	43	42	41	40	39
24	48	47	46	45	44	43	42	41
25	50	49	48	47	46	45	44	42
26	52	51	50	49	48	47	46	44
27	54	53	52	51	50	49	48	47
28	56	55	54	53	52	51	50	49
29	58	57	56	55	54	53	52	51
30	60	59	58	57	56	55	54	53
31	62	61	60	59	58	57	56	55
32	64	63	62	61	60	59	58	57
33	66	65	64	63	62	61	60	59
34	68	67	66	65	64	63	62	61
35	70	69	68	67	66	65	64	63
36	72	71	70	69	68	67	66	65
37	74	73	72	71	70	69	68	67
38	76	75	74	73	72	71	70	69
39	78	77	76	75	74	73	72	71
40	80	79	78	77	76	75	74	73
41	82	81	80	79	78	77	76	75
42	84	83	82	81	80	79	78	77
43	86	85	84	83	82	81	80	79
44	88	87	86	85	84	83	82	81
45	90	89	88	87	86	85	84	83
46	92	91	90	89	88	87	86	85
47	94	93	92	91	90	89	88	87
48	96	95	94	93	92	91	90	89
49	98	97	96	95	94	93	92	91
50	100	99	98	97	96	95	94	93
51	102	101	100	99	98	97	96	95
52	104	103	102	101	100	99	98	97
53	106	105	104	103	102	101	100	99
54	108	107	106	105	104	103	102	101
55	110	109	108	107	106	105	104	103
56	112	111	110	109	108	107	106	105
57	114	113	112	111	110	109	108	107
58	116	115	114	113	112	111	110	109
59	118	117	116	115	114	113	112	111
60	120	119	118	117	116	115	114	113
61	122	121	120	119	118	117	116	115
62	124	123	122	121	120	119	118	117
63	126	125	124	123	122	121	120	119
64	128	127	126	125	124	123	122	121
65	130	129	128	127	126	125	124	123
66	132	131	130	129	128	127	126	125
67	134	133	132	131	130	129	128	127
68	136	135	134	133	132	131	130	129
69	138	137	136	135	134	133	132	131
70	140	139	138	137	136	135	134	133
71	142	141	140	139	138	137	136	135
72	144	143	142	141	140	139	138	137
73	146	145	144	143	142	141	140	139
74	148	147	146	145	144	143	142	141
75	150	149	148	147	146	145	144	143
76	152	151	150	149	148	147	146	145
77	154	153	152	151	150	149	148	147
78	156	155	154	153	152	151	150	149
79	158	157	156	155	154	153	152	151
80	160	159	158	157	156	155	154	153
81	162	161	160	159	158	157	156	155
82	164	163	162	161	160	159	158	157
83	166	165	164	163	162	161	160	159
84	168	167	166	165	164	163	162	161
85	170	169	168	167	166	165	164	163
86	172	171	170	169	168	167	166	165
87	174	173	172	171	170	169	168	167
88	176	175	174	173	172	171	170	169
89	178	177	176	175	174	173	172	171
90	180	179	178	177	176	175	174	173
91	182	181	180	179	178	177	176	175
92	184	183	182	181	180	179	178	177
93	186	185	184	183	182	181	180	179
94	188	187	186	185	184	183	182	181
95	190	189	188	187	186	185	184	183
96	192	191	190	189	188	187	186	185
97	194	193	192	191	190	189	188	187
98	196	195	194	193	192	191	190	189
99	198	197	196	195	194	193	192	191
100	200	199	198	197	196	195	194	193
101	202	201	200	199	198	197	196	195
102	204	203	202	201	200	199	198	197
103	206	205	204	203	202	201	200	199
104	208	207	206	205	204	203	202	201
105	210	209	208	207	206	205	204	203
106	212	211	210	209	208	207	206	205
107	214	213	212	211	210	209	208	207
108	216	215	214	213	212	211	210	209
109	218	217	216	215	214	213	212	211
110	220	219	218	217	216	215	214	213
111	222	221	220	219	218	217	216	215
112	224	223	222	221	220	219	218	217
113	226	225	224	223	222	221	220	219
114	228	227	226	225	224	223	222	221
115	230	229	228	227	226	225	224	223
116	232	231	230	229	228	227	226	225
117	234	233	232	231	230	229	228	227
118	236	235	234	233	232	231	230	229
119	238	237	236	235	234	233	232	231
120	240	239	238	237	236	235	234	233
121	242	241	240	239	238	237	236	235
122	244	243	242	241	240	239	238	237
123	246	245	244	243	242	241	240	239
124	248	247	246	245	244	243	242	241
125	250	249	248	247	246	245	244	243
126	252	251	250	249	248	247	246	245
127	254	253	252	251	250	249	248	247
128	256	255	254	253	252	251	250	249
129	258	257	256	255	254	253	252	251
130	260	259	258	257	256	255	254	253
131	262	261	260	259	258	257	256	255
132	264	263	262	261	260	259	258	257
133	266	265	264	263	262	261	260	259
134	268	267	266	265	264	263	262	261
135	270	269	268	267	266	265	264	263
136	272	271	270	269	268	267	266	265
137	274	273	272	271	270	269	268	267
138	276	275	274	273	272	271	270	269
139	278	277	276	275	274	273	272	271
140	280	279	278	277	276	275	274	273
141	282	281	280	279	278	277	276	275
142	284	283	282	281	280	279	278	277
143	286	285	284	283	282	281	280	279
144	288	287	286	285	284	283	282	281
145	290	289	288	287	286	285	284	283
146	292	291	290	289	288	287	286	285
147	294	293	292	291	290	289	288	287
148	296	295	294	293	292	291	290	289
149	298	297	296	295	294	293	292	291
150	300	299	298	297	296	295	294	293
151	302	301	300	299	298	297	296	295
152	304	303	302	301	300	299	298	297
153	306	305	304	303	302	301	300	299
154	308	307	306	305	304	303	302	301
155	310	309	308	307	306	305	304	303
156	312	311	310	309	308	307	306	305
157	314	313	312	311	310	309	308	307
158	316	315	314	313	312	311	310	309
159	318	317	316	315	314	313	312	311
160	320	319	318	317	316	315	314	313
161	322	321	320	319	318	317	316	315
162	324	323	322	321	320	319	318	317
163	326	325	324	323	322	321	320	319
164	328	327	326	325	324	323	322	321
165	330	329	328	327	326	325	324	323
166	332	331	330	329	328	327	326	325
167	334	333	332	331	330	329	328	327
168	336	335	334	333	332	331	330	329
169	338	337	336	335	334	333	332	331
170	340	339	338	337	336	335	334	333
171	342	341	340	339	338	337	336	335
172	344	343	342	341	340	339	338	337
173	346	345	344	343	342	341	340	339
174	348	347	346	345	344	343	342	341
175	350	349	348	347	346	345	344	343
176	352	351	350	349	348	347	346	345
177	354	353	352	351	350	349	348	347
178	356	355	354	353	352	351	350	349
179	358	357	356	355	354	353	352	351
180	360	359	358	357	356	355	354	353
181	362	361	360	359	358	357	356	355
182	364	363	362	361	360	359	358	357
183	366	365	364	363	362	361	360	359
184	368	367	366	365	364	363	362	361
185	370	369	368	367	366	365	364	363
186	372	371	370	369	368	367	366	365
187	374	373	372	371	370	369	368	367
188	376	375	374	373	372	371	370	369
189	378	377	376	375	374	373	372	371
190	380	379	378	377	376	375	374	373
191	382	381	380	379	378	377	376	375
192	384	383	382	381	380	379	378	377
193	386	385	384	383	382	381	380	379
194	388	387	386	385	384	383	382	381
195	390	389	388	387	386	385	384	383
196	392	391	390	389	388	387	386	385
197	394	393	392	391	390	389	388	387
198	396	395	394	393	392	391	390	389
199	398	397	396	395	394	393	392	391
200	400	399	398	397	396	395	394	393
