17.8868
12.3229
10.5402
29.9287
18.9569
11.7285
19.4155
26.9237
36.2858
17.8868
25.5876
10.8372
7.77589
11.1222
8.92378
27.1831
11.6121
16.6643
37.8182
27.0927
19.2449
27.1826
27.1057
37.291
26.5434
26.5004
11.15
7.77123
19.0436
16.6276
27.2412
19.2831
30.0952
31.9543
29.2707
10.9473
18.7308
26.4784
36.877
36.59
25.8783
25.8671
10.6851
30.1491
18.2162
18.2906
31.0522
36.1757
28.2605
17.9884
25.3687
10.3569
16.7321
36.17
25.4702
18.1261
25.5627
25.5605
36.0761
25.3782
25.3792
18.0655
25.466
16.7606
18.2315
10.5798
18.334
16.7693
26.0064
16.7733
36.6905
28.8387
25.8295
23.4034
18.3098
25.8147
23.3918
36.299
17.8979
17.8961
23.1795
25.5278
17.8267
30.809
16.7989
30.8712
21.7564
17.7071
35.9862
10.2815
7.74811
25.421
36.0049
16.7124
23.0155
35.9527
17.5552
16.7194
30.6594
17.6139
35.908
7.75234
30.5738
21.6014
35.7427
30.3432
30.2969
27.8585
35.4609
24.7685
22.3761
15.828
24.7077
24.7136
17.5619
17.5968
7.76864
8.92022
22.5897
17.7032
27.9051
7.77321
35.5832
16.0622
24.8687
17.172
24.8763
24.8801
24.8838
17.6537
24.9319
35.5527
17.1575
30.1681
16.6047
30.2154
17.1724
21.3612
35.4416
7.78338
35.43
9.83936
30.0864
24.7445
35.3733
24.6796
22.2981
16.9519
7.7847
17.5253
15.9771
24.7398
8.8514
35.4461
27.6852
22.3028
16.9562
7.79128
8.8438
17.5654
16.0713
17.5764
24.8459
7.79879
22.5192
35.5055
35.4445
30.0638
30.0358
35.3289
16.934
16.938
29.9578
27.557
35.1959
17.3716
24.5374
16.8411
7.79612
15.8669
24.5855
24.5895
17.4253
35.2668
22.1939
24.5479
29.8694
16.53
8.8276
9.76093
16.5341
30.0577
7.79876
21.3649
