12.0912
12.0912
11.5643
11.7685
11.8026
14.376
11.4105
18.0818
11.5364
14.3335
17.9419
10.2286
11.2763
10.3471
15.3894
11.2699
14.1835
17.7685
11.2055
17.8407
17.872
17.9006
10.3733
11.2505
14.2107
10.8466
20.7139
17.6883
17.715
20.6925
17.6653
20.6492
10.1304
17.5829
15.7591
11.0064
20.6016
10.9703
17.594
11.0146
17.6362
10.2025
15.8142
17.6263
20.6307
10.2015
10.9718
17.5905
14.0022
15.784
20.5588
17.5224
17.5396
20.5537
17.5166
15.7298
17.5347
20.5517
10.1248
10.8963
17.5126
20.5322
20.4988
17.4602
17.4752
20.4975
10.0664
17.4447
15.6883
10.8606
20.4863
10.845
17.4595
10.8716
17.4855
10.1138
10.8847
20.5127
17.4709
20.4987
10.0831
15.6973
17.4486
17.4602
20.4896
20.4656
15.6625
10.8247
20.4567
17.4141
13.8483
20.4237
10.78
10.7911
17.4032
17.414
13.8497
17.4037
20.4372
10.7927
10.803
20.4383
17.3947
20.4293
17.3856
10.7944
20.4308
20.4124
20.3943
17.3507
20.3868
10.7418
20.3796
10.7345
13.7754
17.3288
10.7371
20.3758
20.3596
20.3438
17.2998
17.3094
13.7503
20.3323
17.2882
17.2976
10.7054
20.3456
20.3311
32.2951
25.7005
32.2985
10.5051
32.3017
17.0591
17.0695
17.0798
17.0899
25.7134
32.3112
32.3127
16.9355
16.9463
16.957
16.9675
20.0106
16.9673
20.0106
25.7279
32.3256
32.3269
19.85
16.8073
19.8521
32.3323
25.7373
16.714
32.3361
32.3374
19.6675
16.6254
16.6369
19.6833
19.6761
16.6337
32.3459
32.3471
25.752
32.3494
16.4729
16.4848
12.9339
14.4909
19.532
16.4898
16.5012
19.549
16.5065
9.9153
19.5655
16.5227
19.5705
8.95989
14.5369
16.5295
19.5774
9.93185
16.5446
9.95262
16.5651
9.02178
32.3354
25.7402
32.3375
9.85852
32.3395
16.435
16.4454
16.4557
16.4659
19.5146
16.4709
19.5196
16.4758
9.88327
19.5343
9.88796
9.89762
16.5095
16.519
16.5284
16.5377
19.5864
16.5418
19.5905
25.7621
32.3592
32.3601
19.4869
16.4426
19.4919
32.3635
25.7681
16.3839
32.363
32.316
19.3717
16.3274
16.3369
19.3869
19.3831
16.3387
32.2938
32.2487
25.6077
32.1596
16.2299
16.2395
19.29
16.2457
9.65245
16.2644
16.2737
16.2828
19.3333
8.68942
16.2865
25.6221
32.1763
32.1345
16.2125
16.2216
16.2306
14.2058
16.244
19.2948
8.66012
9.64559
16.2569
19.3077
16.2624
16.271
19.3218
16.2764
12.7282
9.67911
16.29
9.69574
19.349
19.3459
19.3428
16.2972
16.3053
16.3133
19.364
19.361
19.3579
16.312
16.3199
16.3277
19.3785
19.3754
14.2884
9.73037
19.3837
16.3375
12.7894
19.3852
16.3389
19.3897
16.3434
9.74829
19.4016
19.3986
16.3521
16.3594
19.4103
9.76114
19.4145
19.4115
19.4085
19.4056
19.4027
16.356
11.9036
19.3961
19.3932
12.7914
16.3436
19.3946
9.74516
19.3987
9.74927
9.75617
19.4097
19.4069
16.3599
16.3667
9.77088
19.4244
19.4216
19.4188
16.3716
19.4227
9.77291
19.4265
9.77669
12.8314
16.383
16.3894
16.3959
19.4469
19.4441
9.79417
16.403
16.4094
19.4604
12.8588
16.41
9.81375
9.81994
12.8747
16.4258
19.4768
19.4741
16.4264
12.2626
27.8399
19.4589
16.4111
27.8271
9.80323
12.8581
9.80658
16.4151
19.4662
16.4183
12.8707
12.2503
16.4147
19.4659
27.8287
9.80438
9.8102
27.8291
16.4076
12.86
9.80827
13.5386
16.4242
16.4299
9.83302
12.8879
9.83605
9.84163
9.84718
19.5009
12.2733
16.4459
16.4514
19.5027
9.85179
9.85721
9.86261
16.4705
19.5217
19.5191
12.2913
12.9112
19.5075
12.2834
19.4986
16.4501
19.5014
9.85037
9.85561
21.3002
19.4993
27.8773
16.4406
19.492
16.4434
16.4486
16.4537
13.5779
9.86331
9.86839
21.3166
19.5124
16.4636
16.4686
9.87115
19.525
19.5226
12.2884
27.9012
21.2902
27.8719
9.83613
19.4902
19.4879
16.4391
16.444
16.4489
21.2829
27.8649
16.435
8.79391
16.4376
32.4123
25.8165
25.7969
25.7724
9.7747
9.77965
16.3872
19.4389
19.4368
9.78532
8.75001
21.193
9.7792
19.4335
27.7796
32.3439
25.724
25.7003
27.6952
21.0857
25.6505
19.343
19.3412
9.68967
8.65657
19.3427
9.6911
9.69599
16.3035
8.67363
16.3067
19.3587
21.075
16.3013
16.3061
8.68149
16.3093
21.084
27.6677
27.6551
27.6425
16.281
9.68307
16.2904
16.2952
8.67382
27.6587
12.7387
9.68592
27.6504
27.6381
27.6259
9.66642
12.7222
12.7206
16.2704
16.2751
16.2797
9.68163
16.2888
16.2934
8.67252
27.6567
12.7373
9.68441
16.2916
16.296
8.67988
16.2992
27.6693
27.6575
27.6457
27.634
16.2727
12.726
16.2756
12.7288
19.3262
21.0314
9.66658
27.6227
16.2661
16.2705
12.7237
12.7222
16.2717
9.67347
19.3284
16.2789
16.2832
21.0459
27.631
27.6197
16.2653
12.7186
19.3161
12.7156
9.66241
16.2694
16.2736
9.67522
16.2821
27.6389
16.2791
27.6341
27.6231
27.6122
16.2617
16.2659
16.2701
12.7234
9.6701
12.7261
19.3237
19.3222
16.2725
19.3249
19.3234
19.322
19.3205
12.7202
27.6111
16.2624
16.2665
27.6125
16.2636
27.608
16.2608
27.6035
27.5931
27.5827
16.2443
9.64566
16.2524
16.2564
19.3089
19.3076
12.7071
16.2563
19.3088
27.5933
27.5831
27.5729
19.2874
16.2375
25.8203
20.9442
19.2663
32.1087
32.0908
25.4768
16.1811
16.1851
16.1891
9.5904
16.1972
9.5984
16.2051
19.2578
12.6573
12.6561
12.6549
16.2042
9.60533
27.5201
27.5104
27.5008
9.59021
12.6465
12.6453
16.1945
16.1984
16.2023
27.5103
32.0813
25.4681
25.4511
27.4498
27.4405
25.4155
19.1916
19.1906
9.53778
8.48807
27.4174
27.4082
16.1312
8.48369
16.134
31.9919
25.3791
25.3627
25.3463
9.49157
25.3357
25.3195
25.3033
16.0661
19.1191
19.1182
9.46531
27.3112
27.3024
20.6974
13.7197
27.2917
27.283
25.2589
9.43494
27.2643
20.6594
31.828
25.2161
25.2005
15.9995
16.0034
31.7928
27.1964
9.3886
15.9955
12.4491
12.4483
9.39485
8.34409
20.6073
9.39235
19.0484
19.0477
9.39465
12.4513
9.39772
9.40155
16.0083
8.35751
16.0112
19.0643
20.6287
27.2169
31.7899
27.1937
31.7668
25.1557
9.36558
25.8264
15.9535
24.8742
25.0914
18.9743
31.6719
25.0611
9.3019
18.9582
15.9081
15.912
20.4812
31.6511
27.0554
31.629
27.0333
27.0257
27.0181
15.8716
9.27243
15.8793
15.8831
18.9365
31.6135
25.0032
24.9891
15.8584
18.9118
18.9113
18.9108
12.3106
15.8601
18.9135
9.26028
18.9168
12.9171
15.8687
18.9221
15.8719
9.27257
18.929
18.9285
18.9279
18.9274
12.3274
27.0163
15.8718
15.8755
27.0199
15.8744
27.0181
15.8733
12.3273
18.9262
15.8759
18.9293
18.9288
12.3286
27.0172
27.01
25.834
24.8724
26.9474
24.9487
25.8278
24.8585
31.4196
32.4209
15.7341
32.4213
18.775
20.1951
18.7703
26.7841
26.7774
24.7563
31.3397
24.7307
9.08278
26.738
20.1351
31.3067
12.1228
15.6725
12.1263
18.726
20.1201
18.7215
15.6712
18.725
12.1248
15.6745
18.7282
15.678
12.1318
18.7315
26.7237
26.7173
15.6727
15.6764
15.6801
12.134
9.08041
12.1374
18.7371
18.7368
15.6865
15.6901
18.7439
18.7436
18.7433
18.7431
18.7428
18.7426
12.1424
18.742
31.3198
26.7256
26.7194
15.6754
26.7185
15.675
12.1288
18.7285
15.6781
12.1319
18.7316
18.7314
18.7311
32.4333
25.8373
26.6794
25.8377
24.9469
24.8721
24.8575
31.1362
19.9525
26.5366
26.5307
11.998
32.4256
31.0898
15.5289
15.5326
26.507
11.9826
26.5011
11.9788
26.4951
18.5751
26.4892
11.9712
18.5713
18.5712
19.8932
26.4774
32.4286
32.4288
25.8327
24.8572
24.9489
18.4805
18.4806
24.8739
25.8243
30.8848
18.4412
11.8411
18.4415
15.3911
18.4453
11.8453
11.8452
11.8453
15.3952
8.79576
18.4531
15.4027
25.8269
24.8586
24.9504
32.4177
24.8753
25.8187
26.1662
30.7435
19.5605
18.3422
18.3424
26.1461
18.3393
18.3395
18.3397
15.2894
18.3437
30.73
30.7197
30.7094
26.1166
19.5153
26.1067
30.6842
25.8222
24.8751
15.2261
18.2805
24.9515
25.8174
24.8609
18.224
32.4112
11.6138
18.2147
11.6147
18.2154
18.2158
15.1654
15.1692
18.2237
18.224
11.6238
18.2247
11.6245
18.2254
11.6252
8.57214
15.1791
18.2335
18.2339
11.6336
11.634
15.1841
8.58458
18.2422
8.58858
18.2462
30.5848
30.5751
15.183
30.5709
30.5612
18.2247
15.1743
12.2415
15.1803
30.5671
30.5575
25.8203
19.3494
25.9412
24.8755
24.952
15.1181
25.8159
24.8613
18.1377
32.4098
18.1287
32.4101
23.801
24.953
25.812
25.8121
24.8622
30.2921
32.4061
32.4062
25.6724
14.9701
18.0248
30.2573
18.0194
25.6663
19.0718
19.0617
25.6539
11.4084
8.3556
14.9625
14.9663
8.36682
14.9738
14.9775
18.0322
14.9817
10.5915
14.9835
8.38404
14.9909
18.0456
14.9951
11.449
18.0503
14.9997
12.0787
15.0059
18.0605
18.061
8.40724
15.0141
8.41446
15.0213
15.0249
8.42524
15.032
15.0356
18.0902
18.0907
10.6457
11.4885
15.0386
18.0932
18.0937
15.043
15.0466
15.0501
18.1047
18.1051
12.129
11.5072
18.1083
15.0577
11.5116
11.512
8.45877
18.1165
18.117
18.1174
11.5171
8.46387
15.0705
18.1251
8.47116
15.0778
15.0812
25.8387
25.8347
15.0794
8.47957
15.0862
15.0896
18.1441
11.5438
18.1449
18.1452
11.545
18.146
11.5457
15.0956
18.1501
18.1505
15.0997
8.49981
15.1063
15.1097
15.113
8.51313
15.1196
18.1741
11.5739
15.1236
15.1269
15.1302
18.1847
15.1338
25.9153
15.1345
11.7171
18.1891
15.1382
12.2062
8.54038
11.5975
15.1471
18.2016
8.54748
15.1539
18.2083
18.2086
11.6084
15.158
15.1612
15.1644
8.5644
18.222
11.6218
8.56816
15.1745
18.2289
15.178
15.1811
15.1843
18.2387
18.239
15.188
15.1911
15.1942
18.2486
18.2489
11.6486
15.1981
15.2012
18.2556
8.60137
18.2589
15.2079
15.211
15.2141
15.2171
26.0378
26.0339
26.03
15.2125
18.2668
11.6666
15.216
15.2191
15.2221
26.0447
26.0408
15.22
7.57011
8.62004
30.631
24.0267
24.0186
24.0106
15.205
24.007
30.5952
23.991
15.1921
15.1952
26.0047
19.4045
18.2446
32.422
25.9853
18.2344
21.474
30.5608
15.1747
15.1777
18.2322
10.8747
7.52901
25.9788
8.5741
11.6311
11.6314
11.6317
15.1811
8.58086
10.593
11.6354
30.5709
23.9668
23.9591
15.1694
18.2238
18.2241
15.1729
25.9734
25.9697
15.171
19.374
25.9667
25.963
21.4572
32.4178
30.5268
32.4181
19.3235
25.9163
32.4185
25.0832
32.4171
27.1811
18.1357
32.4169
18.1284
18.1288
18.1291
15.0779
23.8184
23.8109
30.3997
15.0662
15.0691
23.8049
8.46403
25.8144
25.811
15.0657
18.1202
10.7669
18.1192
25.8116
30.3919
23.7883
23.7809
23.7736
25.7788
32.4185
21.2619
30.3438
30.3365
23.733
15.0194
32.4185
15.0124
23.7196
32.4189
30.2937
18.0476
23.6909
10.397
11.4403
23.6822
23.6751
23.668
14.9758
11.4296
14.9792
18.0338
18.0342
19.0875
25.0833
32.4169
32.417
27.1811
30.192
32.4168
25.8207
30.1635
17.9603
17.9608
18.9807
27.1809
32.4171
25.0836
25.8195
32.4159
32.416
25.4747
30.0554
18.8714
17.8862
17.8867
25.4633
30.0441
20.9534
14.8264
32.4166
14.8225
17.8773
17.8778
17.8783
17.8789
17.8794
32.4175
25.4415
18.8451
25.4356
20.9311
30.0128
18.8259
25.4193
30.0002
32.418
32.4181
14.7817
17.8365
25.0833
32.4171
27.1811
23.3198
17.7956
32.417
14.7376
11.1914
8.13804
14.7443
14.7473
14.7503
14.7533
18.7476
32.4181
20.8292
29.9114
23.3086
14.7367
29.9029
32.4181
14.7264
32.4184
17.7722
17.7728
14.461
14.7229
10.4228
25.2967
25.2939
8.11809
18.7022
25.2928
32.4189
25.8228
27.1801
32.4187
25.0831
17.7235
17.7242
32.4177
32.4178
29.7762
17.703
32.4182
32.4183
29.7443
20.6519
25.0834
32.4166
27.1813
32.4163
32.4164
14.5795
25.8204
17.6281
18.4789
17.6272
25.0737
25.0712
17.6246
11.024
17.626
17.6267
11.0261
17.628
11.0275
17.6294
14.5781
14.5811
7.9809
14.5871
11.0408
17.6428
17.6434
11.0429
17.6448
11.0442
17.6461
11.0455
25.1019
17.6458
11.0452
14.5952
14.5981
17.6531
17.6537
14.6024
11.0561
17.658
11.0574
8.00409
14.6103
17.6652
17.6658
11.0041
17.6672
17.6678
14.354
14.6178
14.6207
11.0744
17.6762
8.0216
11.0785
11.0792
14.629
17.6839
14.6325
17.6874
17.688
17.6887
14.6373
14.6401
14.643
17.6979
17.6985
25.177
17.6975
17.6981
14.6467
17.7015
11.101
14.6507
14.6536
14.6564
14.6592
17.7141
17.7147
8.06
11.1169
17.7187
14.6672
11.1209
14.6706
14.6734
17.7283
14.6768
25.2247
17.73
17.7306
23.2118
29.8023
17.7236
17.7241
17.7247
14.6732
14.676
14.6788
11.1324
17.7342
14.6827
14.6854
14.6882
17.743
17.7436
17.4677
14.6927
14.6954
17.7502
14.6987
14.4343
17.7547
17.7553
14.7038
11.1574
17.7591
14.7076
11.1612
11.1618
11.1623
14.7119
17.7667
10.1055
17.7656
11.165
17.7666
11.166
17.7677
17.7683
14.7167
17.7715
17.772
17.7726
17.7731
17.7736
14.722
11.1757
11.329
17.7778
17.7783
17.7789
11.1783
25.2952
17.7783
14.7267
17.7815
11.1809
11.1814
14.7309
11.3385
23.2922
23.2866
32.4325
14.7208
25.2881
14.7219
14.7245
18.6971
17.7777
11.1771
29.8769
23.2751
32.4336
14.7135
25.2766
14.7146
14.7172
18.6856
17.7704
11.1698
32.4344
18.6761
23.2582
17.7606
29.8497
23.248
14.7017
14.7043
14.7069
8.10624
14.7121
23.2618
29.8526
23.2508
32.4358
14.6982
11.1518
25.2533
14.6998
17.7546
17.7551
18.66
17.7541
25.2547
11.152
14.7014
23.2451
29.836
25.2461
23.232
14.6918
18.6459
14.6929
17.7477
14.696
11.1496
14.6991
29.8373
23.2357
32.4383
14.689
25.2375
14.6901
18.6427
14.6911
17.7459
11.1453
14.6947
25.2458
25.2435
25.2412
8.08955
17.7476
11.1469
14.6964
14.6989
14.7014
8.1007
14.7064
17.7612
17.7617
7.03488
8.1071
25.2696
17.7636
11.163
8.10913
14.7149
11.1685
17.7701
8.11512
7.04718
11.1723
17.774
14.7222
25.2879
29.8701
23.2686
23.2634
29.8544
25.2647
25.2624
17.7587
14.7069
17.7617
7.03719
11.1614
14.7108
17.7655
11.1649
17.7665
11.1659
14.7152
8.11443
17.7724
14.7206
11.1742
14.7235
17.7783
17.7788
14.7269
25.2949
25.2926
14.7265
23.2823
23.2772
29.8683
17.771
25.2792
25.277
25.2748
11.166
14.7153
8.11452
14.7202
7.04895
14.7229
17.7777
11.177
25.2905
25.2883
14.7234
14.7258
17.7805
8.12546
14.7311
14.7335
25.3045
25.3023
14.733
14.7354
14.7377
14.7401
17.7948
17.7953
14.7434
7.07228
25.3205
25.3183
25.3161
25.3139
8.13714
29.8999
23.2986
29.8898
14.7328
17.7875
17.7879
14.736
25.3084
25.3062
18.7077
14.7341
25.3053
25.3032
17.786
25.3017
25.2995
25.2973
14.7299
17.7846
14.7327
17.7874
17.7879
17.7883
17.7888
25.3054
23.2917
18.035
17.7821
17.7826
8.12742
14.733
14.7353
14.7376
17.7923
17.7928
14.7409
8.13993
17.7979
14.7459
17.8006
17.8011
18.7272
32.4405
25.3137
29.8963
29.8914
14.7348
23.2937
32.441
23.2812
29.8725
14.7223
23.2748
32.4414
17.7669
17.7674
14.7155
25.2758
32.4419
25.2661
29.8488
23.2477
29.8391
14.7004
32.4424
14.6977
23.2373
29.8288
32.4428
23.2175
17.7362
16.0612
17.7374
11.1367
17.7384
32.4436
32.4437
32.4438
32.4439
25.1925
28.6598
25.7737
18.5718
11.0954
25.1653
29.7481
32.4437
32.4438
29.7259
25.1365
32.4441
28.6598
25.7736
32.4434
17.6493
7.9941
14.5997
17.6545
14.6025
17.6573
25.106
29.6888
18.5031
25.0975
23.0841
32.4445
32.4446
14.584
32.4447
17.6323
28.6595
25.773
17.617
32.4443
17.6128
17.6133
17.6139
17.7712
23.0262
14.5567
17.6115
25.0373
10.8314
11.0097
17.6116
14.5596
17.6144
11.0136
14.5629
17.6178
11.017
17.6188
17.6194
11.0186
11.0191
11.0196
17.6215
17.622
17.6226
14.5705
17.6254
17.6259
17.6264
17.6269
17.6275
23.049
17.7852
25.0531
17.6216
14.5696
14.5718
17.6267
25.0594
25.0576
32.4454
23.0372
32.4456
17.6125
17.613
17.6135
17.6141
14.562
14.5643
32.4462
28.6589
32.4457
25.7719
22.9963
32.4457
29.5812
29.5768
24.9876
14.5258
17.5806
17.5812
32.4463
24.9837
18.3871
24.9801
18.382
24.9766
17.5713
17.5719
10.971
32.447
24.9702
18.3737
10.9647
17.5666
14.5145
17.5694
17.5699
10.9691
17.571
24.9747
17.5704
25.7701
32.4479
28.6583
29.5271
32.4475
24.9286
32.4476
22.9087
17.5323
18.3218
17.5318
24.9157
24.9139
17.5301
24.913
24.9113
24.9096
14.4747
14.4769
17.5318
14.4797
14.4819
14.4841
17.539
17.5396
10.9387
14.488
24.9309
24.9291
14.488
24.9307
17.5417
17.5423
10.9414
17.5434
24.9321
10.9414
17.5434
17.5439
10.943
10.9436
18.3396
24.9326
32.4505
29.5092
17.5361
17.5367
14.4846
17.5394
17.54
10.9391
17.5411
17.5416
14.4895
17.5443
17.5449
17.5454
14.4933
17.5481
14.496
17.5508
17.5514
17.5519
14.4998
10.9532
17.5551
10.9542
7.90025
17.5584
17.5589
29.5391
21.9479
29.5292
24.9401
24.9384
17.5475
17.548
22.927
17.6558
10.7534
14.4913
24.9352
14.4924
14.4945
17.5494
14.4972
14.4994
29.5321
17.5515
29.5287
29.5246
29.5206
24.9315
17.5429
17.5434
24.9313
24.9297
24.928
14.488
14.4901
14.4922
29.5209
14.4917
17.5465
17.5471
29.5215
29.5175
29.5134
17.5396
14.4874
7.88625
24.9314
24.9298
24.9281
10.9397
24.9273
17.5406
24.9264
17.5401
24.9255
17.5395
14.4873
14.4894
24.9309
24.9292
24.9276
24.926
17.54
10.7448
17.5408
29.5114
14.4859
29.5105
17.6397
17.5362
21.9168
14.4798
24.9173
17.5336
17.5341
17.5346
10.7423
14.4826
17.5375
24.9222
17.5369
29.5064
14.4821
14.4842
14.4863
17.5411
17.5416
17.5421
29.5139
24.9249
29.5084
10.9349
17.5369
10.936
14.4852
14.4872
24.9277
24.9262
24.9246
14.4862
17.541
17.5415
14.4893
17.5441
10.9432
14.4924
22.9239
29.5162
22.9161
32.4544
14.4826
17.5374
17.5379
14.4856
14.4877
17.5425
17.543
7.88747
17.5456
17.5461
14.4938
24.9367
10.9461
14.4953
17.5501
24.9395
14.4968
24.941
24.9394
14.4968
14.4988
17.5536
14.5013
29.5327
29.5288
7.89498
29.528
17.5505
14.4982
29.5278
14.4977
14.4997
17.5545
14.5022
14.5042
7.90297
14.5082
29.5426
22.9425
32.4572
14.5011
17.5559
14.5036
14.5056
10.959
17.5609
17.5614
22.9443
17.5594
29.5374
22.9374
14.502
14.504
22.9395
29.5319
32.4583
17.5498
22.9265
32.4585
10.9423
22.9174
29.5099
22.9098
14.4839
29.5053
32.459
22.8992
14.477
17.5318
14.4795
14.4815
10.7321
14.4837
24.9196
14.4847
14.4866
22.9128
22.909
32.4596
14.4797
14.4817
14.4837
14.4856
17.5404
24.9229
17.5399
18.3257
24.9205
18.3227
14.4846
24.9204
24.9189
17.5375
17.538
24.9188
17.5375
14.4851
14.4871
6.78901
14.4893
14.4912
24.9308
17.545
7.88941
17.5475
18.3372
6.79552
17.5472
14.4949
24.9368
22.9243
29.5169
24.928
14.49
17.5448
7.88912
14.4943
14.4962
24.9386
24.9371
14.4962
6.80038
24.9397
6.80152
18.3431
17.5496
17.5501
22.9282
14.4952
29.5237
14.4947
18.3413
24.9361
14.4947
24.9375
17.5486
18.3404
24.9352
24.9337
17.5461
6.79844
7.89072
14.4959
18.3435
29.5236
22.9237
22.92
21.8265
24.9222
17.5375
14.4851
17.5399
6.79522
17.5407
24.9267
17.5402
6.79712
29.5124
22.9126
22.9089
21.8202
14.4769
14.4788
17.5336
24.9175
17.5331
18.3203
24.9152
18.3174
14.4779
24.9151
24.9137
17.5308
17.5312
17.5317
18.3179
6.78996
17.5315
14.4791
24.9175
22.905
29.4977
17.5282
24.9096
18.3118
29.492
22.8921
22.8886
21.8015
24.8909
17.515
14.4625
17.5173
6.77895
29.4801
22.8803
21.7964
17.5095
14.4571
24.8862
14.458
7.85666
14.4618
22.8821
22.8786
21.7959
17.5081
14.4556
17.5104
18.2888
24.8837
18.2859
17.5081
17.5086
32.446
24.8767
17.5045
24.8759
18.2781
24.8731
32.4464
22.8552
29.4479
22.8482
14.4387
17.4935
24.8592
18.2614
18.26
32.447
17.4876
17.4881
24.8509
18.253
24.8481
14.4329
14.4347
24.8522
32.4476
17.485
32.4477
32.4478
14.4252
24.8378
25.8517
14.4212
14.423
14.4249
24.8371
22.1596
14.4228
17.4776
24.835
17.4772
29.4195
22.8198
21.736
18.2261
32.4466
24.8158
32.4467
14.4075
32.4468
24.8063
32.447
25.8508
24.7921
22.116
14.3924
22.1154
32.4458
32.4459
24.7744
32.446
24.7677
14.3788
7.77743
14.3825
7.78112
14.3862
24.78
32.4465
24.7733
32.4467
32.4467
32.4468
32.4469
25.8507
7.76042
24.746
22.0699
14.3617
25.8503
32.4465
32.4466
22.0511
24.7213
24.72
14.347
7.7456
14.3507
14.3526
7.75112
25.8502
22.0511
32.4458
32.4459
14.3414
32.446
24.7079
7.73568
14.3408
24.7121
17.3948
10.7937
14.3428
17.3976
17.3981
14.3456
17.4005
17.401
17.4015
17.402
17.4025
14.3499
14.3518
14.3536
6.67192
29.3171
14.3536
22.7203
29.3133
29.31
17.402
17.4025
17.403
17.4035
10.8024
6.66889
17.4048
14.3523
32.4452
6.66823
14.3497
14.3515
17.4063
17.4068
17.4073
10.8062
14.3552
14.357
17.4119
17.4123
17.4128
29.3246
17.4112
22.7258
29.3189
29.3156
17.4053
17.4058
14.3532
7.75175
17.0604
6.67529
18.1359
17.0609
14.3519
17.4067
14.3541
17.409
14.3564
14.3582
14.36
17.4148
6.68556
17.4156
17.4161
14.3635
17.4184
17.4188
14.3663
14.368
14.3698
6.69593
29.3448
17.4229
10.8218
14.3708
17.4256
17.4261
14.3735
17.4283
17.4287
17.4292
10.8281
6.70225
17.4305
14.3779
32.4389
17.4281
17.4285
29.351
22.7516
29.3447
29.3415
17.4206
17.4211
17.4216
7.76572
17.0908
18.1585
14.3677
17.091
6.69612
14.3677
22.7466
29.3397
29.3366
17.0856
18.149
17.0833
17.4111
32.4336
32.4337
32.4337
32.4338
32.4339
17.3899
17.3903
17.0509
17.0499
17.3866
17.387
17.3875
14.3349
32.4317
32.4318
32.4319
32.4319
32.432
17.3682
24.6787
29.2627
29.2596
29.2565
29.2535
17.007
18.0661
17.0047
17.3548
17.3553
7.7038
17.3575
17.358
17.3585
14.3073
29.2528
29.2498
22.6504
17.3546
17.0031
18.06
17.0008
17.3502
17.3507
17.3512
7.70213
17.3534
17.3539
29.2443
29.2412
29.2382
22.6388
17.3463
17.3468
16.9942
18.0492
16.992
17.3424
18.0463
16.9904
17.3401
14.3025
18.0459
16.9914
29.2241
29.2211
22.6218
29.2151
17.3316
14.3018
17.3338
7.69863
14.302
17.3377
17.3382
14.3021
22.6288
29.2221
16.9842
16.9833
18.0324
29.2131
14.3001
29.2126
17.3295
17.33
32.4234
32.4234
32.4235
32.4236
32.4236
17.3096
14.3007
14.3007
17.3135
32.4239
32.424
32.4241
32.4241
32.4242
17.292
24.5686
17.2918
29.1532
24.5652
14.3015
14.3016
25.8285
32.4247
32.4248
32.4249
32.4249
32.425
17.2693
17.2698
24.5348
29.1188
14.3022
24.5334
14.3024
25.8293
14.3025
17.269
17.2695
17.27
14.3027
17.2722
14.3029
17.9438
16.8889
14.3018
16.8905
32.4237
32.4238
32.4239
32.4239
32.424
17.2512
17.2517
24.5081
29.0921
24.5042
17.9062
14.3014
25.8283
14.3015
29.0874
32.4247
32.4247
32.4248
32.4249
32.4249
17.2264
17.2269
24.4706
29.0545
24.4667
14.3022
14.3023
25.8292
17.2246
14.3025
17.2268
17.2273
16.8205
17.2259
17.8724
14.3016
16.8217
17.2255
17.226
14.3006
14.3007
14.3007
14.3008
14.3009
14.3009
14.301
17.2384
17.2389
14.3012
25.9722
14.3012
32.4244
14.3014
28.378
17.2349
10.6337
14.3012
17.2376
17.2381
14.3014
17.2402
17.2407
17.2412
17.2417
14.3017
17.2439
14.3018
14.3019
14.3019
17.2494
6.64552
17.2504
17.2509
17.2513
29.0927
22.4936
29.0871
29.0843
17.2445
17.2449
17.2454
7.69826
16.8521
17.902
14.3005
16.8526
6.64613
14.2983
14.2984
14.2984
14.2985
17.2519
17.2524
17.2529
17.2534
14.2988
17.2555
6.64625
17.2565
14.2978
32.421
17.2545
17.2549
17.2554
29.1004
22.5013
29.0948
29.092
17.2486
32.4215
32.4216
32.4216
32.4217
32.4217
17.2296
24.4762
10.6277
17.2299
14.299
17.2321
29.0648
14.2991
14.2992
14.2993
17.2357
17.2361
14.2994
25.969
14.2995
32.4226
14.2996
28.3787
32.4225
32.4225
32.4226
32.4226
32.4227
17.213
17.2135
24.4516
29.0356
24.4479
14.3
14.3
25.8269
14.3002
14.3002
10.6128
6.64591
17.2155
14.2993
14.2993
6.81447
29.0462
29.0435
22.4445
17.2146
16.8082
17.8547
16.8063
25.8235
32.4198
24.7775
25.9621
32.4188
14.2958
24.4244
24.4234
17.1932
17.8262
16.7799
32.4181
17.1873
14.2951
17.1894
17.1899
14.2953
14.2953
14.2954
24.4257
24.4248
25.8224
17.1911
24.4201
29.0042
14.2958
14.2959
29.0063
17.8217
29.0027
29
32.4192
28.3803
25.9625
24.7777
25.8217
17.1685
32.418
14.295
17.1678
24.3854
24.3845
22.3722
28.9658
28.9632
16.7341
17.7765
24.3726
28.9566
24.369
25.8215
14.2947
14.2947
14.2948
7.69159
14.2949
17.7787
32.4181
32.4181
17.7659
16.7207
28.9449
28.9423
22.3434
28.9371
14.2944
17.1457
14.2945
7.69128
17.1494
14.2947
14.2947
32.4178
32.4179
32.418
32.418
32.4181
17.1347
24.3358
28.3807
25.9607
25.8217
24.7779
32.417
14.294
17.1186
22.3007
16.6695
14.2931
24.3099
32.4163
24.3048
25.8202
24.7783
28.382
32.4151
32.4152
22.2652
25.956
17.0903
17.6735
25.8192
17.0864
17.0869
21.213
32.4146
28.8408
14.2916
28.8407
28.8382
28.8356
28.8331
28.8306
24.2433
28.8272
25.8189
17.6386
24.2349
17.0663
28.8195
17.0652
17.0657
14.2925
17.0679
10.4665
17.0689
17.0694
17.0699
32.4159
32.416
32.416
32.4161
32.4161
17.0525
24.2136
16.5737
16.573
28.7936
28.7911
32.4144
28.3824
25.8179
24.7788
14.2901
32.4132
24.1812
24.1804
14.2903
6.81686
14.2896
14.2897
17.0349
24.189
24.1881
25.8168
28.7679
24.1807
28.7646
28.7622
17.5777
28.7589
28.7564
28.754
28.7515
16.5287
17.5652
16.5271
17.0156
17.0161
17.0166
14.2887
24.1644
17.5663
14.2889
22.1535
32.4121
6.81722
14.2883
22.1494
32.4115
32.4115
17.0073
28.7328
28.7303
28.7279
28.7255
28.7231
14.2888
17.0014
17.002
14.289
28.3834
24.7793
32.4109
25.9485
32.411
14.2879
24.1217
24.1208
14.2881
24.1224
14.2882
16.9916
16.9921
28.7101
25.8153
24.1191
28.7029
17.5186
28.6997
28.6974
14.2888
14.2888
24.115
16.9853
6.81723
16.9866
28.7019
28.6996
28.6972
14.2885
28.6971
22.0985
17.5104
24.1069
32.4118
25.8157
21.0471
28.6764
24.0894
24.0886
16.9674
14.2881
28.6755
32.4113
14.2883
24.087
16.9665
14.2884
25.8154
28.67
24.083
24.0822
28.6661
16.9619
14.2888
28.6668
14.2889
17.4848
32.4121
28.6621
28.6598
32.4123
32.4124
32.4124
32.4125
28.6357
6.81709
14.2887
28.6372
28.6349
14.2889
14.289
28.6372
17.4529
28.6341
28.6318
24.0449
25.8162
14.2893
16.9377
24.0434
24.0426
16.9373
28.6272
24.0403
32.4128
24.0357
25.8167
24.7791
28.3835
32.4118
25.95
32.4118
21.9942
17.4062
25.8158
14.289
16.9091
16.9097
32.4122
20.9475
14.2882
16.9057
28.5804
28.5782
25.8153
32.4116
20.9329
21.9657
17.3776
23.9744
28.5582
23.9714
16.8893
14.2879
28.5583
16.4202
23.9699
23.9692
16.8876
14.2874
23.9716
23.9708
28.5546
28.5523
23.9656
16.8853
28.5501
14.2878
17.3682
14.2879
28.5518
6.81749
28.5511
28.5488
32.4105
16.8809
28.5436
32.4106
32.4107
14.2877
32.4108
28.5279
32.4109
14.2879
14.2879
32.4111
17.3377
32.4112
32.4112
32.4113
32.4113
32.4114
17.3108
28.4921
16.846
23.9063
23.9056
25.8155
24.7793
28.384
32.4106
25.948
23.882
14.2876
16.8311
16.8317
25.8146
16.8288
28.4653
14.2879
25.8148
32.4111
21.8587
17.2708
16.8207
23.8686
20.8202
23.8647
32.4105
28.4432
16.8131
32.4107
14.2876
16.8128
23.857
28.4406
10.2094
32.411
32.411
32.4111
32.4112
32.4112
16.796
16.7966
23.8324
14.2883
28.4183
28.4161
28.414
16.794
23.8283
16.7941
16.7947
16.7953
20.7818
28.4113
25.8148
16.7886
23.8206
16.7888
23.8207
16.7889
32.4113
28.4001
10.1825
14.2884
28.4011
16.2624
16.7841
17.2162
17.2155
23.8126
16.7834
14.288
16.7855
16.7861
28.401
25.815
32.4113
14.2883
23.8067
28.3903
28.3882
28.3861
16.7754
23.8005
25.8155
14.2887
6.81728
14.288
23.8024
14.2882
28.3883
16.7768
14.2883
16.7789
14.2884
23.8081
16.7806
28.3925
28.3904
28.3883
16.777
16.7775
14.2888
16.7796
16.7802
23.8074
14.289
14.2891
16.7834
23.8121
17.2137
17.213
16.7827
16.7832
14.2894
28.3983
17.2142
28.3956
7.6864
7.68645
16.7852
14.2898
16.7872
17.2198
17.2191
14.29
23.8185
28.4022
14.2902
28.4023
16.7868
14.2903
14.2904
16.7904
16.7909
16.7915
14.2906
16.7935
14.2907
28.4132
28.4111
28.409
14.2909
14.2909
14.291
14.291
16.7975
23.8323
25.818
16.7953
23.8289
28.4126
28.4105
14.2914
14.2915
17.2308
28.4123
28.4102
23.8238
16.7921
25.8186
14.2918
6.81643
23.8241
14.2912
14.2913
28.4123
16.7938
23.8266
14.2915
16.7954
16.796
14.2916
28.4164
28.4143
28.4122
23.8258
25.8188
28.406
17.2219
23.819
28.4027
14.2922
28.4028
14.2923
6.81632
23.8201
16.7896
16.7902
28.4054
14.2918
28.4055
28.4035
28.4014
14.292
16.7883
16.7888
14.2922
23.821
25.8191
20.7629
16.7849
28.3976
32.4146
23.8064
32.4147
21.789
16.7759
10.1743
23.8004
17.202
16.7762
23.8
32.4151
28.3802
28.3782
28.3762
28.3741
28.3721
14.2923
28.3723
28.3702
28.3682
17.1841
28.3656
14.2926
28.3658
17.1816
14.2928
14.2928
23.7832
28.3669
25.8198
16.7618
16.7624
14.2931
16.7644
16.7649
10.1633
16.766
16.7666
16.7671
23.7856
16.7672
16.7678
16.7683
14.2936
16.7703
14.2937
16.7723
16.7729
16.7734
16.7739
14.294
16.7759
14.2941
16.7779
14.2942
14.2942
14.2943
14.2943
16.7843
16.7848
16.7853
14.2945
16.7873
7.69135
16.1761
16.788
14.2938
16.7899
28.404
16.7891
14.294
14.2941
14.2941
16.794
14.2942
16.796
16.7965
16.797
14.2944
16.799
16.7995
14.2945
16.8015
16.802
16.8025
16.803
23.8388
28.4226
23.8362
17.2379
23.835
14.295
16.8021
14.2951
14.2952
14.2952
14.2953
14.2953
14.2954
14.2954
16.8126
14.2955
16.8146
16.8151
16.8156
14.2957
14.2957
14.2958
16.8204
14.2959
16.8223
14.296
14.296
14.2961
14.2961
14.2962
16.8299
14.2963
16.8318
16.8323
16.8329
16.8334
14.2965
14.2965
14.2966
14.2966
16.8395
10.2379
14.2968
16.8419
23.8961
16.842
16.8425
16.843
16.8435
16.844
16.8445
16.845
14.2973
16.8469
14.2973
14.2974
6.64652
14.2966
16.8521
6.6467
14.2958
14.2958
14.2959
16.8573
25.8435
23.9163
14.2961
32.4192
16.8543
24.9918
16.852
14.2956
14.2957
32.4188
24.7776
23.9057
6.6471
16.8482
14.2942
23.909
16.8497
16.8502
10.2486
14.2944
14.2945
16.854
23.9154
16.8541
16.8546
16.8551
14.2947
14.2948
6.64713
28.5067
21.9085
28.5028
28.5008
14.2942
16.855
16.8555
16.856
28.503
16.8552
21.9055
28.4998
28.4979
16.8518
23.912
16.8519
7.69146
16.2728
17.315
16.2716
16.8508
6.64752
10.2496
6.6477
16.8527
14.2916
32.4147
32.4148
24.993
32.4142
24.7787
14.2903
32.4135
23.8939
23.8933
28.4772
28.4753
21.877
16.8342
16.2511
16.8334
17.2891
16.8335
16.2513
24.9937
32.4117
25.8357
24.7793
32.411
14.2879
23.867
23.8664
16.8193
28.4511
28.4491
32.4113
32.4113
24.7794
25.8345
32.4106
14.2876
23.8451
23.8445
10.2024
16.805
32.4109
32.4109
32.411
32.411
32.4111
32.4111
10.1862
16.7888
16.7893
6.64869
23.8228
32.4105
24.9942
25.8339
32.4101
24.7797
16.7761
32.4093
14.2863
16.7759
23.8024
23.8018
16.7757
24.9945
24.78
32.4082
25.8321
32.4083
16.7633
23.784
23.7834
32.4085
24.7801
24.995
32.4072
23.7661
28.3499
32.4073
23.7605
32.4074
32.4075
32.4075
25.8114
14.2845
32.4077
23.7409
14.2847
32.4078
28.3223
6.6495
28.3217
14.2841
17.1397
23.7369
25.8111
23.7332
16.7292
23.7334
28.3172
14.2844
32.4076
32.4076
32.4077
32.4077
32.4078
14.2847
28.2986
17.1146
28.2962
14.2849
28.2964
6.64946
28.2958
32.4073
14.2843
10.11
16.7128
16.7133
16.7138
23.7102
14.2846
23.7117
32.4078
23.708
16.7126
25.8117
24.7802
16.7064
32.4072
20.6523
24.9954
16.6993
10.0976
16.7003
10.0986
14.283
16.7027
14.2831
10.1024
10.1029
16.7056
28.2829
28.2811
28.2793
16.0655
17.0939
16.701
16.0652
16.7004
16.7009
16.7014
16.7019
28.2779
23.6917
25.8091
32.4054
32.4054
32.4055
14.2824
23.6784
28.2621
16.6909
23.6768
32.4057
23.6732
25.8096
28.2539
17.0699
23.6673
28.251
14.283
28.2513
14.2831
6.64992
23.6684
16.6853
16.6858
28.2536
14.2825
28.2538
28.252
28.2503
14.2827
16.6843
28.2512
28.2494
28.2476
14.2829
14.283
16.684
28.2506
28.2488
20.6214
28.2444
23.6584
32.4056
25.8094
21.6372
17.0495
16.6715
14.2827
16.6734
23.6504
23.6499
28.2337
23.6476
23.6471
28.2309
28.2291
23.6431
16.6687
28.2276
17.0436
14.2833
14.2833
28.2293
16.0156
16.0152
28.2249
28.2231
21.6251
28.2196
16.6624
14.2821
10.0619
16.6647
10.063
16.6657
23.6392
25.8093
20.594
28.2162
23.6302
14.2818
17.0337
16.0054
28.2141
14.2811
17.0321
28.2138
14.2813
17.0318
21.6173
32.4045
25.8083
17.0211
15.9932
28.2015
21.6035
28.198
28.1963
14.281
7.67777
25.8079
28.1955
23.6096
23.6091
28.1928
16.6443
14.2813
28.1938
14.2814
17.0118
32.4046
28.1906
28.1888
32.4047
32.4048
32.4048
28.1745
32.4049
14.2819
6.6502
28.1717
28.17
32.4044
16.9819
25.8082
21.5631
28.1577
28.156
15.9447
16.9708
15.9438
32.4032
32.4032
32.4033
32.4033
32.4034
16.6044
23.5482
28.1319
25.8073
23.5431
28.1268
16.9429
28.1246
28.1229
14.2807
14.2807
23.541
16.5999
6.65045
16.601
28.1274
28.1257
28.124
14.2803
28.1243
23.5384
32.4035
23.535
32.4036
24.7813
24.9964
32.4024
21.5058
16.5833
16.9189
25.8064
9.9784
16.5813
20.4768
28.0956
9.97644
28.0947
28.093
28.0913
28.0897
28.088
23.5022
28.0858
16.9019
28.0837
16.571
16.5715
32.4026
32.4026
32.4027
32.4027
16.562
16.8869
16.8865
16.562
16.5625
9.96062
32.403
32.4031
32.4031
32.4032
32.4032
16.8691
28.0509
28.0492
32.4034
32.4034
32.4035
32.4035
32.4035
16.5357
16.5362
23.4459
28.0295
14.2807
23.4458
14.2808
25.8077
16.8463
16.8459
32.404
32.4041
32.4041
32.4042
16.5246
28.0122
25.8081
20.3832
32.4036
21.4038
16.8163
23.4141
27.9976
23.412
16.5139
14.2808
27.9983
27.9967
27.9951
27.9934
14.281
16.5128
16.5133
14.2812
14.2812
14.2812
28.0012
16.8173
27.9991
27.9975
23.4119
25.8084
14.2815
16.5135
23.4114
23.4109
16.5135
27.9953
27.9936
27.992
18.06
27.9898
20.3642
25.8079
14.2811
25.808
16.5035
32.4043
21.3803
14.2813
16.7947
23.3925
16.5011
27.9768
27.9752
27.9736
25.8085
32.4048
21.3678
16.7802
16.4919
23.3789
23.3784
20.3378
25.8081
27.9557
16.4864
32.4044
14.2814
9.88397
21.3585
16.7709
25.8084
23.3649
25.8085
20.3206
27.9421
16.4773
16.4778
9.87589
9.87642
9.87694
16.4799
27.9451
27.9435
27.942
14.2814
6.6503
16.7613
16.7609
16.4787
16.4792
14.2809
16.481
14.281
9.8804
16.4834
16.4839
16.4844
9.88249
16.4855
16.486
16.4865
20.3315
27.9526
25.8076
23.3632
16.4813
16.4819
23.3643
25.8078
9.87708
32.4041
27.9408
9.87397
21.3437
14.2812
27.9403
16.7565
18.0089
27.9378
25.8081
25.8081
32.4044
23.3406
16.4665
14.2814
21.3305
23.3413
16.7426
27.9244
16.4657
27.9236
17.992
17.9916
27.9209
23.3354
27.919
14.2815
20.2956
16.4616
16.7355
16.7351
16.7347
16.4614
16.4619
14.2811
27.92
14.2812
14.2813
16.4653
9.8633
9.86382
16.7423
16.7419
16.4663
14.2816
16.4681
16.4686
16.7457
16.7453
14.2818
16.7468
27.9287
14.2819
14.2819
27.931
17.9988
27.9288
27.9273
27.9257
23.3403
14.282
27.9257
20.2997
25.8083
14.2815
14.2815
25.8084
14.2816
14.2816
14.2817
14.2817
14.2818
16.4689
16.4694
14.2819
14.2819
16.4724
16.473
16.4735
14.2821
16.4753
9.87331
14.2822
16.4776
23.3571
16.4778
16.4783
16.4788
16.4793
23.3597
16.4796
16.4801
16.4806
14.2827
14.2827
6.64998
27.9504
21.3526
27.9474
27.9458
14.2822
16.4814
16.4819
6.65008
16.483
14.2817
23.3674
16.4845
16.485
9.88305
14.2819
14.2819
16.4885
32.4051
32.4052
32.4052
32.4052
32.4053
32.4053
9.87223
16.4752
16.4757
6.65007
23.3555
23.3551
14.2818
16.4775
14.2819
14.2819
14.2819
16.4818
6.65015
16.4828
9.88087
6.6503
16.4844
14.2808
32.4039
16.4836
27.9509
16.4831
21.3538
27.9486
27.9471
16.4806
23.3623
16.4809
7.67798
15.7391
16.7651
15.7384
16.4804
6.65065
16.4815
16.482
27.9492
21.3514
27.9462
27.9447
23.3591
16.4782
16.4787
16.4792
7.67647
15.7393
16.7634
15.7386
6.65103
14.2778
16.4806
6.65117
16.4816
14.2772
32.4004
16.4809
16.4814
16.4819
14.2774
16.4836
14.2775
14.2776
6.65124
14.2769
16.4884
14.277
14.2771
16.4913
7.67389
7.67393
16.4943
16.4948
14.2773
14.2773
16.4977
7.67417
7.67421
16.5007
16.5012
7.67434
16.5029
16.5034
16.5039
16.5044
16.5049
16.5054
14.2779
14.2779
16.5083
16.5088
16.5093
16.5098
16.5103
16.5107
14.2782
27.9949
16.5115
27.9941
32.4015
14.2784
16.5105
16.5109
16.8109
21.4923
32.4028
16.5089
16.5094
32.403
25.8068
32.403
32.4031
16.5
32.4032
27.9723
16.4971
16.4976
32.4033
16.4963
7.67705
14.2803
27.974
16.4983
27.9732
16.4978
16.4983
7.67733
32.4037
32.4038
16.4966
14.2807
32.4039
16.4958
16.4963
7.67765
14.2809
16.4992
16.4997
16.5002
14.2811
16.5019
7.67793
16.5036
16.5041
7.67805
14.2813
16.507
32.4045
16.5043
25.8084
16.5024
16.5028
32.4047
16.5009
14.2817
14.2817
16.5038
7.67856
7.6786
16.5067
16.5072
7.67872
14.282
27.9894
16.5091
27.9886
16.5086
16.5091
7.679
32.4054
32.4054
16.5074
14.2824
32.4055
16.5066
16.5071
16.5076
7.67935
27.9879
27.9864
32.4058
14.2828
32.4059
14.2828
32.406
7.67966
23.3975
16.5049
16.5054
16.5058
27.9832
32.4062
32.4063
7.67997
27.9774
32.4064
32.4064
7.68013
16.4986
32.4066
23.3856
16.4972
23.3859
16.4974
32.4067
32.4068
27.9641
27.9627
14.2838
16.4931
7.68064
16.4948
7.68071
16.4964
7.68079
14.2841
16.4993
16.4998
16.5003
14.2842
16.5019
7.68106
27.9785
27.9771
32.4075
16.5
16.5005
14.2845
16.5021
16.5026
16.7953
21.4718
32.409
16.5006
16.5011
32.4091
25.8129
32.4091
32.4092
16.4921
32.4093
27.9574
16.4892
16.4897
32.4094
14.2864
16.4897
16.4902
16.4906
16.4911
16.4916
16.4921
14.2866
27.9626
16.4928
27.9618
32.4099
16.4906
14.2869
14.2869
16.4935
7.68372
7.68375
16.4963
16.4968
25.814
32.4102
32.4103
16.4902
32.4104
32.4104
16.4859
16.7689
7.68417
27.9526
14.2875
16.4876
16.4881
27.9543
9.88513
32.4108
25.8146
32.4108
32.4109
32.4109
16.4756
16.7531
16.4759
27.9358
27.9344
7.68481
16.4756
32.4112
16.4745
27.9336
16.474
14.2883
32.4114
25.8152
32.4115
32.4115
32.4116
32.4116
16.4609
9.85892
16.4619
16.7321
7.68545
14.2887
32.4119
32.4119
32.4119
25.8157
32.412
16.4521
16.4526
16.718
27.9
27.8986
7.6859
16.4522
32.4123
16.451
16.4515
27.8986
16.4511
16.4516
7.68619
14.2895
16.4544
32.4126
16.4518
25.8165
16.45
16.4505
32.4128
16.4486
27.894
32.4129
32.413
16.4436
27.8863
32.4131
32.4131
32.4132
25.817
27.872
32.4133
7.68697
21.2716
21.3564
16.4318
21.2716
16.6842
16.4312
14.2916
23.2847
32.4147
32.4148
32.4148
16.4271
27.8607
27.8593
7.68863
14.2919
16.4281
14.292
16.4298
16.4302
21.2689
21.2675
27.8625
16.6787
7.689
23.2785
16.6798
16.4285
32.4155
27.8601
27.8587
14.2925
7.68929
16.4279
16.4284
16.4289
16.4293
16.4298
16.4303
14.2928
32.4159
27.8643
27.8629
32.416
16.4269
23.2759
32.4161
14.2931
7.68987
32.4162
32.4163
32.4163
25.8201
32.4164
16.4152
16.4157
16.6603
27.8424
16.415
16.4155
27.8424
32.4167
16.6563
16.4133
27.839
21.2413
16.412
32.4169
32.4169
32.417
32.417
25.8208
21.2236
21.3054
16.637
14.2952
32.4183
7.69202
23.2341
21.2214
14.2954
16.4004
20.1778
16.3993
16.3998
32.4052
16.3987
23.2326
32.4032
27.8137
27.8124
32.4182
14.2951
21.2131
20.1674
27.806
27.8046
16.3903
16.3908
16.3912
16.3917
14.2948
14.2948
32.4179
27.8061
27.8048
32.3906
23.2173
7.69174
16.3899
16.3904
14.2951
14.2951
16.3932
16.3936
16.3941
16.3946
14.2953
14.2954
32.4185
32.4185
32.4185
32.4186
25.8224
16.6143
27.7964
27.795
32.3808
27.7913
27.79
21.1924
16.605
16.3799
14.2959
16.3815
21.1938
16.6065
32.4191
21.1888
32.4192
32.4192
32.4192
23.1899
21.2585
14.2974
25.8243
20.1292
27.7706
27.7693
16.3675
16.368
6.64659
21.2554
20.1278
27.7692
27.7678
21.2511
16.585
16.3673
27.7677
16.3669
27.7671
32.3529
21.1671
21.1658
32.348
27.7585
21.1609
16.5735
27.7556
14.2984
23.1722
16.5733
21.159
14.2986
16.3599
16.3604
16.3609
9.75876
6.64617
16.3623
14.2981
32.4212
16.5753
27.7573
32.4213
32.4214
32.4214
16.3534
32.4215
25.8253
27.7402
32.326
32.4216
7.69531
27.734
21.2157
21.1372
16.3446
21.1366
16.3443
16.5499
14.2999
32.423
32.4231
32.4231
25.8269
32.4232
32.4232
32.4232
32.4233
32.4233
32.4233
16.3226
16.3231
16.5179
27.6999
7.69719
27.7003
16.3228
32.2869
16.3218
14.3006
16.3234
27.7006
27.6993
27.698
21.1004
16.5131
21.0989
16.3195
14.3009
16.3211
16.5146
23.113
21.1775
21.1009
32.4253
32.4253
20.04
32.4247
32.4247
27.6809
14.3017
27.6814
25.8287
16.3085
7.69862
27.6792
32.2651
21.0794
16.4921
27.6741
23.0892
14.3021
27.6743
16.306
21.1538
16.4922
16.3073
21.0786
14.3034
16.308
20.0252
27.6741
27.6729
32.426
16.486
23.0844
21.0715
27.6665
14.3031
32.2541
14.3032
21.1457
27.6672
16.3021
27.6666
16.3017
16.4837
21.0695
16.3012
27.6652
27.664
14.3046
20.0122
16.2996
21.0669
23.0783
21.0653
27.6604
14.3042
14.3042
32.2496
21.1387
27.6611
16.2983
27.6605
16.298
14.3055
21.0653
16.478
27.6601
27.6588
20.0041
16.2954
16.2959
27.6571
21.0595
27.6546
14.3052
14.3052
14.3053
27.6583
32.2442
27.6549
21.0573
16.2934
14.3055
21.0584
23.0698
16.4709
27.6529
14.3056
23.0697
14.3057
16.2951
16.2955
16.296
16.2965
14.3059
14.3059
7.70267
16.3003
16.3008
14.306
14.3061
23.0836
9.70066
6.64447
14.3055
16.3054
14.3056
14.3056
14.3057
7.70242
6.64457
16.3107
14.3051
23.0973
6.64469
16.3126
16.3131
14.3046
16.3146
14.3047
16.3162
7.70147
16.3178
16.3183
6.64477
23.108
14.3042
25.6221
32.4273
16.3158
16.3163
23.1044
16.3166
14.3044
27.6901
25.6798
32.2739
32.2716
32.2694
23.0964
6.64482
14.304
7.70075
14.304
16.3151
6.64493
14.3035
23.1053
16.3169
14.3036
14.3036
14.3036
7.70041
16.3218
6.64502
23.1139
14.3031
14.3032
16.3247
16.3252
16.3257
16.3261
14.3033
14.3034
16.3288
14.3034
14.3035
14.3035
7.70027
6.64506
16.3341
14.303
23.1333
16.3354
21.1212
32.3034
32.3012
32.299
32.2969
14.3032
23.1254
14.3033
23.1267
23.1264
23.1261
16.3308
16.3312
16.3317
6.64507
23.1288
23.1286
14.303
16.3333
14.303
14.3031
14.3031
7.69986
16.3381
6.64514
23.1387
14.3026
16.3399
32.3116
23.1385
32.3092
32.307
32.3048
21.1192
32.3014
32.2992
23.1261
23.1258
16.3304
23.1262
23.1259
23.1257
14.3031
14.3031
14.3032
23.1302
23.1299
32.3006
32.2984
21.1128
32.2951
32.2929
23.1198
14.3035
14.3035
23.1227
16.3285
16.329
16.3295
16.3299
32.2961
32.2939
32.2917
32.2896
23.1165
21.1036
16.3237
23.1156
23.1154
23.1151
14.304
14.304
32.289
32.2868
32.2847
23.1116
21.0987
23.1101
23.1098
16.3202
23.1102
23.1099
14.3044
14.3044
23.1129
21.1
32.2823
14.3045
32.2818
32.2796
32.2775
23.1044
14.3047
23.1057
16.3176
23.1061
23.1058
16.3177
14.3049
21.0953
23.1066
32.2773
32.2752
23.1021
14.3051
23.1034
23.1031
16.316
32.2745
32.2723
23.0993
14.3053
23.1006
23.1003
32.271
32.2688
21.0832
32.2655
32.2634
14.3055
23.0919
14.3056
23.0933
16.3096
16.3101
16.3105
16.311
7.70254
14.3058
14.3059
23.1004
16.3145
25.6064
9.71076
32.2702
32.2681
16.3111
32.2666
16.3101
7.70283
24.6128
32.264
32.2618
32.2597
25.5929
16.3039
9.70169
32.2567
32.2546
23.0816
32.2522
16.3004
32.2508
23.0778
14.3058
23.0791
23.0788
23.0786
32.2492
21.0636
32.2459
32.2438
23.0708
23.0705
23.0703
16.2945
23.0707
23.0704
14.3063
14.3063
14.3063
23.0749
9.69493
14.3064
16.2991
14.3065
16.3006
16.3011
16.3015
32.252
32.2499
32.2478
24.591
23.0721
23.0718
7.7029
20.0027
14.3056
14.3056
27.6582
7.70241
16.2975
23.0755
16.2978
16.2983
16.2987
16.2992
14.3059
16.3007
14.306
14.306
32.2542
24.5982
32.2494
25.5828
23.0742
23.0739
7.70222
20.0056
14.3049
27.6587
16.2966
14.305
32.247
25.5812
32.2427
24.588
32.2379
16.2905
9.68825
7.70128
23.0678
14.3046
23.0691
32.2398
24.5855
25.573
32.2328
7.70082
23.0614
23.0611
19.9929
14.3036
14.3036
27.6459
16.2876
16.2881
9.68585
7.7005
24.5844
32.2328
32.2307
25.5682
23.0556
23.0554
19.9882
7.69942
27.6386
14.3027
16.2835
14.3028
16.285
14.3029
19.9933
23.0579
23.0577
23.0574
25.5692
27.6387
32.2248
21.0392
32.2216
25.8293
24.567
32.2138
25.8288
32.425
9.66518
16.2683
7.69881
14.3021
16.2709
16.2713
6.64536
16.2722
16.2726
14.3017
16.2741
14.3017
16.2756
7.69853
16.2771
14.3018
14.3019
16.2796
16.2801
14.302
7.69874
23.0543
25.5668
14.302
14.302
32.226
16.2817
6.64537
16.4559
14.3016
25.5735
32.4246
16.2795
14.3016
19.9872
23.0504
23.0501
25.5642
27.6314
21.034
32.2164
25.828
24.5634
25.8275
32.4237
25.5485
32.4237
32.4238
32.4238
32.1884
32.1863
9.6522
16.4153
27.5975
32.1836
32.1815
32.1795
25.5212
23.0045
32.424
23.0005
19.936
32.4235
16.3968
7.69726
32.4236
32.1648
32.1628
9.63647
27.5742
16.2389
16.3913
14.3008
27.575
14.3008
16.2405
27.5761
13.6862
32.1642
16.3926
27.5748
32.4255
16.2379
32.1586
32.4256
32.4256
32.1499
25.4927
27.5586
14.3026
13.6746
32.1482
27.559
27.5579
16.2292
14.3041
14.3041
14.3042
7.70094
27.5636
27.5625
27.5613
27.5602
27.5591
16.3756
7.70115
16.3769
16.2308
9.62853
13.6746
16.4136
20.9659
32.1482
32.4291
32.4291
32.1405
27.5513
19.8961
16.2241
27.5491
32.4287
25.4707
7.70233
32.1309
24.4755
25.4626
32.1242
16.215
16.2154
7.70185
16.3555
9.61404
27.5383
27.5372
14.3053
27.5376
27.5365
16.353
32.1224
27.5332
16.3833
32.4285
32.4286
32.1125
7.70229
32.4286
25.4485
14.3056
32.1086
32.1067
32.1047
32.1027
24.4472
22.9274
22.9272
19.8576
22.9252
20.9123
32.0947
14.3047
32.0942
32.0923
32.0903
22.9176
25.8317
25.8317
32.428
32.428
25.8318
27.484
15.2441
22.8986
19.8299
14.3039
16.1792
27.4824
27.4813
32.0675
27.4783
27.4772
16.2937
7.70088
32.0646
32.0627
32.0607
32.0588
22.8861
20.8731
16.1703
22.8855
25.3975
32.4274
32.4275
32.0483
32.0463
16.2748
9.56004
16.2752
27.4574
25.8314
20.8564
32.4277
32.4277
25.8316
27.4414
27.4403
16.2568
27.439
20.8417
16.288
27.4367
27.4356
32.0217
19.7799
27.4309
14.3045
22.848
27.4312
14.3046
7.70132
22.8497
14.3046
16.1479
14.3047
9.5466
16.1499
16.2556
13.5928
32.027
20.8416
32.024
32.0221
22.8495
22.8493
22.8491
16.1471
22.8496
22.8494
9.54445
16.2509
16.2844
27.4329
27.4318
7.70335
32.0195
27.4303
13.5861
14.3081
16.1479
27.4335
7.70489
20.8376
27.4328
27.4318
22.8473
16.1465
6.64397
14.3078
16.2512
19.7773
27.4318
20.8344
32.0168
32.4304
32.4304
32.4304
25.3417
32.0037
20.8183
32.0008
31.9988
22.8263
22.8261
22.8259
31.9963
24.3386
31.9919
25.3227
27.4008
16.2176
22.8162
13.566
31.9886
31.9867
31.9848
22.8123
20.7992
22.811
22.8108
16.1223
22.8113
22.8111
22.8109
25.3851
20.7959
16.2088
32.4319
31.9754
31.9735
32.432
25.3012
9.50943
16.1971
16.1969
32.4321
19.717
25.8353
25.8353
20.7704
22.7823
22.7821
22.7819
32.4317
25.8355
16.0994
15.1169
16.0991
14.3082
14.3082
31.9504
24.2919
31.946
9.49443
25.2762
31.9428
14.3077
22.7719
22.7718
31.9421
31.9402
20.7549
31.9373
16.1658
27.3481
27.347
7.70477
14.3081
27.349
16.0915
16.0919
22.766
16.0923
14.3082
31.9385
31.9366
7.70505
16.0923
20.7534
19.6918
27.3471
27.3461
16.0894
7.70466
14.3079
16.0919
9.48948
14.308
14.3081
16.0948
16.0953
16.0957
16.0962
24.2864
31.9404
31.9386
25.2682
16.091
20.7519
31.9344
31.9325
9.48545
27.3441
16.0881
32.4309
31.9283
32.431
27.3365
31.9227
13.5217
27.3356
31.9218
25.2483
31.918
24.2581
31.9137
16.0761
9.47369
22.7426
22.7424
31.9128
27.3237
27.3227
16.1393
16.1391
22.738
22.7379
22.7377
9.47082
27.3215
27.3205
20.7232
7.70602
32.4324
25.8362
14.3094
32.4325
25.8363
22.7249
25.8363
20.709
27.3043
16.0622
27.304
27.303
22.7187
16.1196
19.6432
14.3091
31.8887
32.4323
32.4323
32.4323
25.2106
16.1065
14.3093
32.4323
15.0435
25.8356
25.8356
32.4319
20.68
22.6921
14.3089
27.2766
27.2756
22.6914
27.2745
16.0421
16.092
19.6163
22.6892
22.689
16.041
19.6156
27.2712
27.2702
16.039
7.70489
16.0404
31.8592
27.2702
27.2692
16.0384
16.0388
22.6863
19.6125
31.855
24.197
27.2635
32.4304
31.8471
31.8453
32.4305
25.1759
9.42362
16.0692
16.069
27.2512
27.2503
31.8364
31.8346
22.6624
31.8327
31.8308
20.6455
22.6576
16.0199
22.6582
22.658
25.8346
32.4309
20.6378
32.4309
25.8348
27.2279
22.6437
14.9842
19.5703
14.3069
16.0098
22.6434
22.6433
27.2263
16.0094
22.6428
14.3071
27.2273
16.0442
9.40708
27.2269
31.8131
16.0417
9.4056
27.2246
16.0084
27.2243
13.4485
31.8124
31.8106
22.6385
31.8087
16.0062
31.8076
22.6354
14.3089
22.6367
22.6366
22.6364
25.8358
25.8359
20.6171
32.4321
22.6266
27.2097
25.836
14.9621
14.3087
15.9976
19.5503
27.206
27.205
19.5474
20.6062
7.70444
15.9948
15.9952
22.6212
27.2042
27.2032
31.7894
27.2005
27.1995
16.0161
14.308
27.1999
16.0504
7.70478
13.4328
16.0198
9.39171
27.2027
27.2017
14.3095
7.70625
27.2037
31.79
27.201
27.2
16.0167
32.4327
16.0481
31.7833
32.4328
32.4328
25.1073
31.7737
7.70653
14.3098
32.4329
15.9825
32.4329
25.8368
14.31
27.1797
14.9338
25.8363
25.8363
20.5766
15.9746
19.5143
22.5879
14.3091
22.5893
9.37175
27.1729
27.172
22.5879
15.9887
27.1707
31.7569
27.168
15.9846
27.1669
7.70611
16.0191
27.1673
15.9709
13.41
15.9865
9.37001
20.5732
27.1685
7.70762
27.169
19.5081
14.3104
15.9724
15.9728
7.70721
9.37128
31.7587
22.5866
22.5865
15.9734
15.9738
14.9251
25.837
32.4332
25.837
25.837
20.5611
22.5734
14.3103
27.1578
16.0087
9.36182
22.5743
9.36219
22.5748
15.9655
22.5753
15.9659
14.3105
15.9673
27.1611
25.1511
20.5621
15.9751
14.3107
14.3107
27.1603
7.70751
27.1608
19.5
14.3103
16.0116
14.3103
7.7071
14.3104
15.9697
27.1647
7.70721
7.70723
27.1667
27.1658
22.5817
27.1647
19.5041
15.9684
9.36584
15.9693
15.9697
22.5817
7.70696
15.9711
25.1578
22.582
22.5818
15.9702
15.9706
15.9711
15.9715
9.36901
15.9724
9.3699
15.9733
15.9738
15.9742
22.5883
9.3716
27.1719
15.9744
14.3107
14.3108
15.9768
15.9773
15.9777
22.5934
22.5932
7.70765
9.37598
15.9794
15.9798
22.5965
22.5964
22.5962
22.5961
22.5959
20.5826
22.5949
31.7651
31.7633
22.5913
14.3113
22.5926
22.5924
15.9776
31.7633
31.7616
22.5895
14.3115
20.5776
27.173
27.1721
15.9748
15.9752
15.9757
14.3116
15.9771
22.5921
22.5919
14.3117
22.5932
15.9783
15.9787
15.9791
20.5819
31.7644
31.7627
15.9767
15.9771
27.1751
27.1742
31.7604
31.7587
31.757
14.3121
14.3122
9.3719
15.9753
14.3122
15.9767
14.3123
15.9781
15.9786
15.979
15.9795
14.3124
14.3124
15.9818
6.64303
14.312
16.0018
6.64314
15.984
15.9844
14.3115
15.9858
14.3116
15.9872
7.70838
15.9886
7.70843
15.99
15.9904
14.3118
14.3118
22.6149
9.38974
6.64317
14.3113
15.9945
27.2015
15.9943
15.9948
14.3115
20.607
32.4346
31.7871
31.7854
31.7837
22.6115
6.64322
14.3111
14.3112
7.70792
31.7869
31.7852
31.7835
32.4343
27.1921
20.5949
15.9874
22.6077
16.0083
15.9877
9.38518
15.9886
16.0101
22.6092
31.7795
32.4346
20.5918
31.7744
31.7727
22.6006
14.3117
14.3117
27.1865
15.9844
15.9849
15.9853
15.9857
15.9862
15.9866
15.987
14.312
15.9884
31.7793
22.6072
31.7774
32.4352
7.70887
14.3122
22.6057
22.6056
15.9866
15.9871
15.9875
15.9879
15.9884
22.6086
16.0092
14.3124
22.6098
15.9895
15.9899
15.9904
15.9908
27.1953
20.5981
32.4357
14.3126
31.7797
31.778
31.7763
22.6042
24.411
25.8393
32.4355
32.4355
31.7643
31.7626
15.9768
14.3126
14.3126
14.3127
7.70942
6.64298
15.9814
27.1814
14.3122
32.4353
31.7667
31.765
25.8392
24.3972
9.37176
15.9891
15.9889
27.1712
27.1703
15.9738
15.9742
15.9747
22.5882
15.975
14.3123
14.3123
14.3123
7.70911
15.9792
6.64305
27.1789
14.3119
15.997
22.5961
14.312
20.5843
31.7669
32.4351
31.7628
32.4352
32.4352
25.839
24.3903
15.9813
9.36688
15.9818
27.1641
27.1632
32.4351
31.7471
31.7454
25.8389
24.378
9.35865
15.9695
15.9694
27.1517
27.1508
15.9607
31.7378
15.9601
14.312
9.35845
27.1515
12.8597
27.1521
15.9619
15.9624
15.9628
22.57
20.5567
27.1521
22.568
31.7383
22.5662
31.7365
32.4362
27.1452
20.548
15.9568
22.5609
15.9614
22.5606
19.4807
32.4359
31.727
27.1381
15.9526
31.7251
22.5531
31.7233
14.313
22.5527
15.9532
22.5524
27.1354
31.7218
27.1329
27.132
27.1311
15.9478
7.71001
20.4643
15.9485
12.8466
15.9502
15.9506
15.9511
15.9515
8.28146
13.2948
24.3601
32.436
32.436
31.7173
31.7157
15.9444
9.34262
15.9449
27.1272
14.3131
15.9463
27.1283
31.7146
12.8426
27.1272
20.4582
27.1259
27.125
7.71057
31.7128
14.3139
12.8419
27.1267
15.9457
27.1265
7.71155
20.5307
27.1261
27.1252
15.9419
19.4593
9.34049
14.3144
27.1248
27.1239
15.9406
27.1229
20.5257
20.4523
27.1207
27.1198
31.7062
19.4531
27.1159
14.3139
27.1164
15.9385
27.1162
15.9384
12.8356
27.1174
15.934
22.5333
22.5331
27.1161
31.7025
27.1136
27.1127
27.1118
15.9285
9.33276
15.9362
27.1121
7.7119
12.8328
20.5178
20.4425
15.9373
15.9377
15.9316
22.5308
19.4478
31.6996
24.0327
31.6958
27.1069
25.0971
31.6917
15.9304
25.8418
27.1003
15.917
31.6866
9.32401
22.5153
22.5152
31.6853
32.4382
20.4978
31.6805
31.6789
14.3153
22.5084
14.3153
27.0927
15.9232
15.9236
15.924
15.9245
15.9249
27.0949
20.4978
22.5102
15.9241
31.681
31.6793
31.6777
25.0799
22.5042
22.5041
14.3157
31.6756
32.4388
32.4389
25.8427
31.6662
20.4811
31.6638
31.6621
27.0733
22.4894
20.476
27.0715
22.4876
25.0615
25.0599
14.3161
27.0687
15.9075
27.0684
27.0676
20.4704
25.8431
15.8804
32.4394
32.4394
31.6452
22.4734
9.29682
14.3164
15.9012
32.4395
31.6438
20.4587
31.6413
27.0525
22.4687
15.8968
15.8972
27.0528
25.043
25.0414
15.8663
14.3168
14.3168
15.8968
7.71358
15.871
9.295
27.0539
27.0531
27.0522
14.317
27.0528
31.6391
27.0503
15.867
20.3773
7.71357
15.896
15.8965
15.8969
15.8973
8.2236
13.2938
14.3162
31.6426
31.641
31.6394
23.9714
22.4655
22.4654
7.71258
19.3837
14.3154
27.0497
15.8946
27.0494
27.0486
27.0477
27.0469
27.046
7.7123
15.8641
15.864
15.893
9.29036
12.7893
20.3778
20.4523
31.635
32.4393
32.4393
31.6288
27.04
15.8884
19.3731
27.0384
7.71264
31.6261
25.0283
23.9569
31.6209
7.71223
19.3679
27.0321
20.4349
22.4474
20.434
22.4465
15.8469
27.0292
15.8809
32.4383
25.8421
25.0147
22.4391
32.4383
27.019
25.0091
19.3512
15.872
15.8724
15.8728
9.2702
27.0177
31.6041
27.0153
15.832
27.0144
7.71183
20.3455
27.0145
15.871
12.7675
15.8333
9.26946
20.4199
27.0154
7.71253
27.0159
19.3491
14.3153
31.6023
32.4384
15.8695
32.4385
31.5968
15.8674
31.5958
23.9288
24.996
31.5906
22.4189
22.4188
19.3366
7.71136
27.0017
15.8624
15.819
20.3325
27.001
19.3358
15.8608
22.4165
32.4371
24.9873
7.71081
26.9961
22.4123
22.4122
9.25528
20.3994
19.3309
26.9935
26.9927
9.25301
15.8565
15.8569
15.8574
26.9944
31.5808
7.71065
14.3139
14.314
26.9961
26.9953
26.9944
22.4107
22.4106
19.3296
26.9921
31.5785
23.9137
31.5749
24.9771
15.851
31.5724
25.8401
32.4363
22.3947
25.8402
24.9663
14.3134
15.8448
32.4365
9.24014
24.9644
19.3087
15.8416
9.23892
26.9717
15.8419
32.4361
31.5565
32.4362
26.9655
25.84
31.5489
24.1834
12.7311
31.5469
14.3138
26.9595
26.9587
15.7755
26.9578
7.71061
15.7759
7.71066
20.2918
15.7768
26.9591
32.4368
15.8322
25.8406
31.5409
32.4369
24.1723
31.5353
26.9465
12.7224
14.3144
31.5357
26.9469
15.7637
26.946
14.3145
26.9466
7.71128
15.7647
9.22338
15.8269
22.3654
22.3653
7.71142
26.9494
19.284
22.3644
25.8411
15.8245
32.4374
23.8651
31.5271
25.8407
31.5234
32.437
24.9227
19.2665
15.814
24.9205
31.5152
24.9174
19.2617
26.9236
26.9228
15.8093
7.7099
9.20754
31.5118
26.9231
26.9223
26.9215
26.9207
15.7375
26.9198
20.252
32.4362
19.253
32.4357
25.8395
24.9002
25.8395
22.3219
15.7977
26.9053
26.9045
22.3209
15.797
26.9043
15.7211
19.241
22.3192
15.7958
22.3198
26.9026
19.2398
20.3042
12.6925
22.3182
22.3181
25.8397
19.2355
32.4355
25.8393
22.3087
24.8824
22.3071
22.307
32.4356
15.7858
24.8785
15.7852
19.2245
15.7846
14.3122
31.4745
23.8115
31.471
24.8733
9.17831
31.4686
7.70862
26.8813
24.8715
24.87
15.6951
14.312
14.312
26.8801
7.70881
26.8806
19.2184
14.3116
20.2151
32.4345
24.8676
15.7775
25.8383
32.4345
22.2871
25.8384
24.8587
26.8662
15.7711
26.866
26.8652
22.2817
15.6821
19.2034
15.7694
7.70801
22.2822
22.2821
32.4344
24.8529
25.8382
32.4345
24.8456
26.8532
19.1917
22.2683
19.1909
15.7604
15.7608
22.2682
22.2682
26.8509
14.3107
22.2686
15.7615
26.852
15.6689
14.3108
15.7622
9.15952
15.7631
22.2716
22.2715
7.70767
15.7643
15.7648
15.7652
22.2746
22.2745
22.2745
22.2744
22.2743
22.2742
15.7653
15.7658
7.70795
25.8381
9.16202
32.4343
19.194
26.8531
32.4339
24.8405
25.8377
24.8368
19.1844
22.2603
22.2602
14.3105
26.8443
23.7713
31.4288
24.831
31.4258
22.2544
22.2543
19.1779
7.70648
26.837
14.3098
15.752
14.3098
25.8367
9.14826
24.8283
19.1771
32.4325
25.8363
25.8363
24.8177
22.2425
15.7436
26.8258
15.7436
26.8257
22.2421
26.8248
15.6417
15.7429
15.7433
15.7438
22.2431
13.296
14.3096
31.4154
24.8177
31.4125
15.7428
23.7532
9.1386
31.4103
7.70605
7.70608
25.8362
25.8362
24.8103
32.4325
24.806
26.8135
22.23
19.1544
15.7343
19.1543
15.7338
22.2287
22.2286
26.8113
15.7336
26.8112
22.2277
14.3088
22.2289
15.7344
15.7348
22.2301
22.23
9.13197
15.7356
22.2312
15.7359
22.2318
15.7363
14.3091
15.7376
14.3091
14.3091
15.7398
7.70591
15.7411
14.3092
25.8361
32.4323
25.8361
32.4324
24.8039
26.8114
19.1526
22.2267
19.1518
15.7319
22.226
15.7323
22.2265
26.8092
22.2257
15.7322
26.809
15.6259
15.732
22.2261
22.226
22.2259
14.3088
9.13008
9.1305
15.7341
15.7345
14.3089
14.3089
22.2323
22.2322
14.309
14.309
15.7384
15.7388
14.3091
15.7401
15.7405
15.7409
14.3092
26.8232
26.8225
25.8361
15.7393
32.4323
32.4324
15.736
26.8145
19.1557
25.8358
24.8014
24.7999
15.7317
19.1505
22.2242
7.70531
22.2254
9.12877
26.8087
26.8079
22.2244
15.6248
15.7313
15.7317
15.7321
14.3088
14.3088
20.2152
9.13064
19.1539
26.8102
15.7328
22.2273
26.81
22.2264
22.2264
15.7326
7.70533
15.7339
15.7343
22.2295
14.3087
26.8134
22.2299
15.735
22.2305
19.1558
15.7344
25.8352
32.4314
23.7374
31.3923
15.7288
7.70474
14.308
14.308
15.7318
14.3081
15.7331
14.3081
15.7344
9.13162
9.13204
9.13245
15.736
7.70501
15.7373
9.13457
9.13498
9.1354
15.739
7.70514
14.3084
15.7411
14.3085
15.7424
14.3085
14.3085
7.7053
14.3086
15.7463
15.7467
15.7471
15.7475
14.3087
14.3087
14.3087
15.7505
15.7509
15.7513
15.7518
14.3089
15.753
13.2963
14.3087
15.7549
14.3087
15.7562
15.7566
15.757
15.7574
15.7578
15.7583
14.3089
22.2666
15.7595
15.6675
9.1567
15.7603
14.309
15.7615
15.7619
15.7624
15.7628
22.2719
15.7631
14.3092
15.7644
15.7648
15.6753
9.16202
14.3093
15.7664
15.7668
14.3094
15.7681
15.7685
22.2804
14.3095
15.7697
15.7701
15.7705
15.771
15.7714
14.3096
15.7726
15.773
14.3097
15.7743
15.7747
15.7751
14.3098
15.7764
15.7768
14.3098
15.778
15.7784
15.7788
22.2956
15.7792
15.7796
15.6971
9.17681
14.31
15.7812
15.7816
14.3101
22.301
22.3009
14.3102
15.7836
14.3102
15.7849
