12.0912
12.0912
11.5643
11.7685
11.8026
14.376
11.4105
18.0818
11.5364
14.3335
14.1206
9.97379
17.6423
10.1287
10.9965
10.2459
15.2019
11.0522
11.0932
14.0353
11.0187
20.5726
15.1356
10.1562
20.4992
17.4833
17.5189
17.552
17.583
17.6121
10.2019
11.0011
17.6273
17.6511
15.2564
17.7073
17.7275
14.1233
17.6868
14.0867
17.6503
20.6512
15.1743
10.1469
20.6032
10.968
13.9798
17.5427
10.2895
17.5475
10.127
15.1267
10.9674
17.5847
20.5989
17.5611
17.5768
17.5919
20.6089
17.57
13.9912
20.5542
17.5156
17.5305
17.5449
17.559
17.5726
10.0962
10.9658
17.5797
10.1317
17.575
17.587
17.5987
17.6101
14.0379
20.6069
10.1129
13.9676
13.9411
17.4964
15.0792
13.9447
13.9198
17.4749
10.8852
17.4976
17.5086
20.5389
13.9186
15.0317
10.8878
17.4996
10.9088
20.5418
10.8971
22.8487
17.4559
13.8919
10.8446
20.4796
14.9814
17.4513
17.4613
13.8985
10.8506
17.4616
13.8993
13.8809
17.4341
13.8726
13.8549
17.4082
13.8474
20.4276
13.8137
17.3672
20.4045
10.7591
20.3982
17.3542
17.3636
10.7714
13.8137
13.7984
10.7499
10.759
20.3991
17.3546
20.3935
20.3792
17.3345
20.374
13.7627
20.3464
17.3018
17.3107
17.3194
17.328
17.3365
14.8568
17.3573
17.3654
13.8085
17.3603
13.8035
17.3553
20.3962
14.8551
9.73732
17.3511
17.3588
17.3664
13.8102
20.3954
9.73943
17.3391
9.75606
17.337
17.3443
17.3515
20.3933
20.3818
17.3354
20.3776
13.7689
17.3199
13.765
20.3514
14.8229
13.7537
20.3404
17.2939
20.337
14.8039
17.3007
17.3076
17.3144
20.3577
20.3474
17.3006
17.3073
17.3139
17.3205
17.327
9.71816
10.7231
13.7709
20.3585
17.3113
13.7578
20.3456
10.6968
13.7592
17.2952
22.5446
10.675
13.7235
20.312
17.2647
20.3093
13.703
20.2917
17.2444
20.2894
17.242
17.2482
17.2543
20.2994
17.2519
13.6995
13.6911
13.6828
17.2329
20.2783
17.2307
17.2367
17.2426
13.6905
14.739
17.2491
17.2549
17.2606
20.3063
17.2583
10.6623
29.0856
10.6466
20.2942
17.2462
17.2518
20.2978
13.7083
17.2421
17.2476
20.2937
10.6438
17.251
20.2972
17.2489
20.2952
20.288
10.638
17.245
17.2503
10.6538
13.7044
20.2949
10.6448
10.6499
20.2982
17.2498
20.2964
29.0486
10.6273
20.2758
17.2274
29.0248
20.2558
20.2492
17.2007
17.2058
17.2109
20.258
17.2095
20.2566
13.6525
10.5998
17.2066
17.2116
20.2588
20.2525
12.5727
17.1855
17.1905
17.1954
17.2002
13.6499
20.2416
17.1928
17.1976
17.2023
17.2071
17.2118
9.54567
17.2097
13.6596
17.2084
20.256
17.207
9.55073
17.2053
17.2098
13.6599
17.2084
20.2562
9.5556
17.2012
9.5656
17.2
16.2941
12.6265
9.57495
17.1891
17.1934
20.2414
12.6296
17.1774
17.1817
17.186
17.1903
13.6408
17.189
17.1932
13.6437
17.1919
20.2401
9.58406
17.1861
13.6367
17.1849
20.2331
17.1836
9.58791
12.6418
9.58975
17.1659
17.17
17.1741
17.1781
20.2265
20.2213
20.2161
17.1665
13.6174
17.1654
20.214
13.6113
20.2039
17.1542
17.1582
17.1622
17.1661
17.17
9.59044
17.1701
13.6211
20.2138
17.164
20.2128
20.2079
17.1581
13.6093
20.2021
17.1523
17.1561
17.1599
13.6111
17.1589
17.1627
17.1664
17.1701
20.219
17.1691
17.1727
17.1764
17.18
20.229
12.6388
17.167
17.1707
17.1743
10.5762
20.2268
12.6421
9.58935
17.1618
17.1653
20.2144
17.1643
17.1678
17.1713
10.5732
17.1783
9.60904
17.1784
17.1818
20.231
17.1808
20.23
9.61186
17.1766
17.1799
9.62192
17.1802
16.2917
20.2332
10.5813
20.2322
10.5802
10.1519
17.1901
17.1933
20.2426
17.1922
17.1955
17.1987
20.248
20.2437
13.6419
17.1891
13.6409
20.2342
17.1838
17.187
17.1902
17.1933
17.1964
20.2459
10.5938
17.1985
13.6504
17.1975
20.2469
20.2428
17.1923
13.6443
17.1913
20.2409
17.1903
17.1934
20.243
20.239
17.1884
17.1914
20.241
17.1904
20.2401
17.1895
20.2392
20.2352
16.286
17.1881
20.2378
13.6553
20.229
20.2251
17.1745
13.6267
17.1736
20.2235
20.2197
17.169
17.172
17.1749
20.2248
17.1741
17.177
20.2269
17.1762
20.226
17.1753
9.58424
13.6247
17.1715
20.2215
17.1707
13.6231
17.1699
17.1728
17.1756
17.1785
17.1813
9.5921
17.1812
17.184
20.234
17.1831
17.1859
10.587
17.1914
17.1941
17.1969
20.2469
20.2433
17.1924
17.1951
17.1978
20.2479
17.1969
20.247
9.60269
20.2407
17.1897
17.1924
17.1951
17.1977
9.61111
17.1976
20.2477
17.1967
13.6493
22.4248
20.2339
17.1829
13.6355
17.1821
20.2324
20.229
17.178
20.2282
20.2249
17.1739
17.1765
17.179
17.1816
20.2319
20.2286
17.1775
17.1801
20.2304
17.1794
28.9972
28.9834
20.2115
13.6137
17.1572
32.3791
23.2548
17.1292
28.9214
17.1229
20.1734
13.5726
17.1193
20.1698
20.1667
20.1637
17.1126
20.1632
22.2943
13.5537
17.1005
13.5533
20.1481
17.097
17.0996
17.1022
13.5583
20.1499
17.0988
17.1014
20.1521
20.1491
17.098
20.1487
20.1458
17.0947
20.1454
17.0943
20.1451
10.4922
17.0965
13.5495
17.0961
13.5491
20.144
10.4911
17.0954
20.1462
20.1433
17.0922
20.143
20.1402
20.1373
13.5367
20.1317
17.0806
17.0831
20.1339
13.5112
20.1275
20.1248
17.0736
13.5267
17.0734
13.5027
13.5229
20.118
28.8171
20.1074
17.0562
17.0587
17.0612
13.488
13.5108
13.4823
13.5047
20.0999
28.7895
20.0895
17.0384
17.0408
17.0433
17.0457
20.0968
13.467
20.0908
20.0882
17.037
13.4902
17.0368
28.7743
28.7629
28.7515
17.0167
13.0035
28.738
17.0074
17.0099
17.0123
28.7374
28.7262
17
9.37841
10.3983
32.397
22.1063
25.8013
16.9711
32.3981
22.0623
28.6477
25.8026
28.6188
28.608
22.001
19.9629
19.9606
16.9095
9.28828
16.91
16.9125
17.2647
19.96
16.9088
16.9113
16.9137
9.29769
28.591
16.9074
21.9879
16.903
17.2602
16.9015
28.5758
16.8972
9.28575
19.9469
21.9686
28.5546
28.5443
28.5341
28.5239
16.8619
17.2233
28.5124
16.854
16.8565
16.8589
32.3903
21.9
28.4862
25.7948
28.4595
28.4496
21.8434
19.8557
19.8537
16.8025
9.19101
16.8034
17.1669
16.8024
28.4296
16.7984
9.19222
19.8487
21.8237
28.4104
17.1509
19.8306
16.7794
16.7819
16.7843
9.18228
28.4038
16.7791
21.8016
28.3884
28.3789
16.7628
9.16354
16.7639
32.3797
21.7642
25.784
16.7393
16.7418
16.7443
16.7468
9.14951
19.7973
19.7955
19.7937
25.7824
21.7293
21.7202
16.7201
19.7721
19.7704
16.7191
28.3091
28.3001
28.291
21.6857
10.3292
21.6802
28.2675
21.6623
32.3821
25.7861
21.6231
16.6567
16.6592
32.3833
28.203
32.3838
19.6858
16.6346
16.6372
17.0072
16.6367
28.184
19.6832
28.1729
21.568
28.1557
25.7887
32.3852
21.5216
16.5901
28.1132
21.5084
32.3863
25.7903
21.4711
19.6068
16.5556
19.6079
16.5567
28.0621
28.0539
28.0456
28.0374
28.0292
21.4247
32.3893
19.5674
21.4003
32.39
27.9745
21.3701
32.3906
16.4818
24.9866
16.4647
19.5172
24.7857
25.7895
32.3859
10.0647
21.2667
19.4707
19.4695
16.4184
16.421
19.4736
19.4724
16.4213
16.4239
16.4265
16.4292
19.4818
19.4806
27.867
16.4243
19.4769
19.4757
16.4246
16.4272
16.4298
16.4324
16.435
19.4876
16.4364
16.4389
16.4415
19.4941
19.4929
16.4417
16.4442
27.8915
16.7976
16.4393
21.2881
27.877
32.3924
32.3926
25.7966
32.393
9.79502
16.4001
16.4027
16.4053
16.4078
16.4104
9.81042
16.4155
19.4681
19.467
19.4659
19.4647
16.4134
16.416
19.4686
19.4675
16.4162
16.4187
16.4212
12.8751
21.2569
19.468
19.4669
16.4156
19.4683
19.4672
16.4158
19.4685
16.4172
27.848
27.8409
27.8338
16.4056
16.754
27.8272
16.401
16.4035
16.406
27.831
27.824
16.3992
8.7778
16.4007
32.3972
21.2158
25.7917
16.3823
32.3793
25.7709
21.1758
19.4145
16.3631
32.3501
21.1587
27.7482
25.7281
27.7293
27.7225
21.1195
19.3776
19.3767
16.3253
8.70302
25.6967
21.1017
21.095
16.3103
19.3632
16.3119
16.6617
19.3626
16.3112
16.3137
16.3162
8.69663
27.6974
16.3135
21.0981
25.6746
32.2592
21.0682
16.2919
27.6616
21.0588
16.6355
16.2837
27.6495
19.3324
27.6416
21.0388
27.6287
9.94453
21.0294
27.6193
21.0166
32.1896
25.582
20.9875
16.2388
16.2413
32.1679
27.5735
32.1503
27.5559
32.1328
20.9422
16.2091
24.9838
19.2459
16.1946
24.7832
9.84493
19.2298
25.4753
32.0605
24.985
24.7843
27.4147
24.7849
24.7857
32.3857
31.9095
32.386
16.0465
32.3864
19.0895
27.2824
20.6802
19.0813
27.2698
27.264
27.2582
20.6561
31.8299
24.9873
24.7862
15.9729
19.0263
24.7868
24.7875
32.3785
18.9709
20.5121
32.3791
15.9029
32.3795
31.6553
31.6451
24.9898
24.7883
20.4065
26.9974
24.7889
15.8222
24.7896
18.857
32.3711
32.3713
18.8279
32.3716
20.2867
26.8778
31.4559
31.446
24.8399
31.4264
9.13119
15.7371
15.7399
15.7427
31.4331
24.8271
31.4136
15.7262
16.027
15.7293
15.7321
18.7858
15.7346
15.7374
15.7402
15.7429
24.8359
31.4225
26.8295
31.4079
15.7233
15.7261
18.7798
26.8226
18.7763
15.725
15.7278
15.7305
16.0291
15.7336
18.7874
15.7361
24.8241
31.4108
31.4014
31.3919
15.7139
15.7166
26.8071
15.7161
18.7698
26.8058
18.7664
20.2041
31.379
24.7734
15.6996
20.1845
24.9889
24.7875
24.7882
32.376
31.2668
32.3763
32.3765
26.6427
15.6052
31.2256
18.6531
18.653
26.6325
20.0862
26.6231
20.0222
26.6139
18.6377
18.6375
18.6374
18.6373
32.379
24.788
32.3768
26.5443
19.998
26.5352
11.985
26.5305
15.9082
18.581
15.8262
9.15473
18.5841
15.5328
18.5868
8.9324
15.5383
15.5411
15.5439
15.5466
18.6006
15.5493
26.557
15.8443
15.5496
18.6036
15.5523
18.6062
15.5549
15.5577
19.9723
31.1479
26.5556
19.9549
31.1304
15.5403
24.989
15.5299
18.5839
24.7875
24.491
31.0788
9.13145
19.8942
18.5559
18.5559
8.90143
15.5073
18.5613
11.9612
15.5099
15.5126
9.14463
15.5179
31.0932
31.0848
31.0764
24.4718
26.476
19.8754
26.4675
15.4902
18.5442
8.8897
18.5469
18.5468
15.4955
15.4982
18.5522
18.5522
11.9521
24.4659
31.054
24.4495
31.0375
26.4455
15.4763
19.849
26.4412
8.87043
15.4763
15.4789
18.533
18.5329
18.5329
15.4815
11.9355
31.0362
15.4788
24.4358
15.4761
31.0279
18.5248
15.7648
15.474
15.4766
15.4793
15.4819
15.4845
15.4872
15.4898
15.4924
15.495
18.549
31.055
15.4923
18.5463
31.0507
8.88646
24.4503
31.0386
15.4817
18.5357
15.4843
15.4869
18.5409
18.5409
8.88627
18.5435
18.5434
18.5434
18.5434
18.5434
18.5433
18.5433
18.5433
18.5433
7.87668
18.5434
18.5434
18.5434
18.5434
15.4919
18.5459
18.5459
8.8912
18.5484
7.88293
18.5485
18.5485
8.89382
8.89634
18.5535
18.5535
8.89879
8.9013
15.507
18.561
18.5609
18.5609
18.5609
7.89582
18.561
8.90628
15.5119
18.5659
18.5659
8.91116
18.5683
18.5683
7.90453
15.5168
18.5708
18.5708
18.5708
18.5707
18.5707
18.5706
8.91588
18.573
7.91038
15.5216
26.5122
26.5083
26.5044
8.91328
18.5704
18.5704
18.5703
26.5038
26.4999
15.5137
26.4997
7.90313
18.5654
18.5653
18.5653
15.5137
18.8988
8.90818
18.5653
7.90746
18.5655
18.5654
8.91064
15.5162
24.4937
18.5653
18.5652
8.91044
18.5676
11.9675
18.5675
18.5675
18.5674
18.5674
18.5673
18.5673
8.91248
8.91485
18.572
11.9719
8.91713
18.5743
18.5742
7.91488
15.5227
18.5767
7.91958
18.5768
18.5768
8.92192
15.5274
24.511
18.5766
18.5765
8.92167
11.9788
18.5788
18.5787
18.5787
8.92379
18.5809
7.92392
15.5294
26.5263
26.5226
26.5189
8.92129
31.1029
31.0957
23.4916
18.562
8.90717
26.4982
18.5619
26.4944
15.5078
18.5618
31.0783
15.5054
19.8939
18.557
18.557
18.557
18.5569
18.5569
18.5569
8.90195
7.90302
8.90442
31.0783
31.0713
26.4798
26.4763
26.4727
31.0535
15.4889
15.4911
32.3831
24.4465
11.9377
31.0505
31.0435
23.4251
26.443
31.0239
8.86957
31.0203
18.5222
26.4289
24.4136
26.4185
15.4613
11.9096
15.4775
26.4368
31.0177
31.0108
19.8232
26.4161
26.4127
32.407
30.9834
24.3803
30.9697
30.9629
23.3292
30.9472
24.3441
30.9336
26.3425
30.9235
19.736
30.9134
23.2813
30.8978
26.3067
8.78715
30.8912
24.2882
15.3838
30.8812
15.3817
15.384
32.4054
11.8156
24.2903
18.4413
18.4413
18.4414
30.88
30.8734
24.2706
8.77333
26.2792
26.2759
8.77134
15.3768
18.431
18.431
26.2795
21.5961
32.4186
30.8404
23.1929
24.2289
8.74516
18.4025
26.2377
26.2345
30.8158
18.3942
18.3943
26.225
30.8063
19.6191
30.7967
23.1502
30.7817
30.7753
8.71172
24.176
26.1814
15.3109
30.7661
15.309
15.3113
18.3655
32.4172
11.7326
26.1877
26.1846
15.3174
18.5306
26.1795
26.1764
30.7579
23.0996
30.743
24.1405
21.4558
26.1423
25.8293
30.7143
26.1235
30.705
15.2714
30.7021
24.0997
23.0396
26.0968
32.4243
26.078
30.6596
30.6534
25.8285
15.2304
8.62955
15.235
18.2893
18.2895
11.6892
26.0641
26.0612
15.2339
26.0616
7.5772
18.2864
18.2866
18.2868
15.2349
18.416
8.6299
18.2874
30.6469
24.0445
30.6347
22.9828
8.6142
18.2717
18.2719
26.0397
18.2702
26.037
18.2684
8.61338
15.2188
15.2211
26.0443
26.0414
26.0385
26.0356
26.0328
15.2139
15.2161
15.2183
18.2726
15.2208
26.0433
26.0405
18.3913
18.2673
26.0329
26.03
18.2638
26.0274
15.21
15.2122
18.3863
26.0262
26.0233
26.0205
26.0177
15.2031
15.2053
18.2596
18.2598
18.26
15.2081
18.2624
15.2105
18.2648
19.4327
26.0262
26.0234
30.6052
26.0147
30.5966
8.59458
26.0094
21.322
26.0032
26.0004
18.3529
25.9928
15.1864
25.9933
15.1868
18.2411
18.2413
18.2415
18.2417
18.2419
21.3122
32.4204
25.9769
30.5589
25.8245
30.5444
15.1627
8.56169
8.56388
15.1693
8.56825
15.1736
15.1758
15.178
15.1802
18.2345
18.2347
25.9836
15.1809
18.2353
8.58009
18.2376
25.9877
25.985
18.2343
18.2344
18.3366
25.9781
25.9754
15.1752
25.9759
25.9732
18.226
15.174
18.2283
15.1763
18.2307
15.1787
15.1808
15.1829
18.2373
18.2375
18.2377
18.2378
8.58264
24.1569
23.974
30.5647
18.229
15.177
25.9777
25.975
15.1757
15.1778
18.3316
18.2284
25.9743
25.9716
18.2251
25.9692
25.9666
18.2219
15.1699
15.172
25.9704
11.624
25.9681
15.1708
18.2252
25.9688
18.2237
18.2238
18.224
8.5688
18.2263
11.626
18.2267
18.2269
18.2271
18.2273
18.2275
18.2277
18.2279
11.6275
25.9724
25.9698
15.1726
25.9703
7.51692
18.2254
18.2256
18.2258
15.1737
18.3257
8.56895
18.2265
8.57121
8.57327
18.2308
8.57552
8.57758
15.1828
18.2371
18.2373
18.2375
25.9876
21.2992
18.2338
32.4226
8.56937
15.1746
15.1767
25.9774
11.6288
18.2295
18.2297
18.2299
8.57458
18.2321
7.52567
15.1801
25.9832
25.9806
25.9781
8.57397
25.9785
25.976
15.1759
18.3308
25.972
25.9695
18.2234
18.2235
18.2237
18.2239
15.1718
18.2261
18.2263
18.2265
18.2267
30.5568
23.9553
30.5463
8.56095
22.8988
25.952
32.4206
25.936
30.5185
30.5133
25.8247
15.1366
15.1386
25.9212
25.9187
25.9163
18.2695
25.9095
18.1831
18.1833
18.1835
18.1837
18.1839
7.48146
18.1843
18.1845
8.52914
15.1343
23.9047
18.1853
7.4843
18.1857
18.1859
8.53055
15.1357
18.2789
25.9145
18.1851
18.1853
32.4164
25.8203
25.8916
21.2127
30.4713
18.1647
21.2053
32.416
25.8655
30.4482
25.8201
30.4354
18.1408
15.0887
25.8486
18.2077
25.8421
30.4248
25.8191
32.4154
21.1394
25.8113
15.0637
25.8119
25.8096
25.8073
25.8049
25.8026
15.0581
15.0601
18.1145
18.1148
15.0626
30.3948
30.3899
21.1238
25.7971
32.4161
25.8199
30.3595
23.9277
18.0869
23.7537
30.345
30.3401
18.1117
18.0743
25.7466
25.7443
18.1052
25.738
15.0145
25.7387
15.015
30.3245
22.6844
23.7168
8.40249
18.0601
25.7265
25.7243
18.0575
15.0053
30.3104
18.0566
19.1245
15.0029
18.0574
15.0052
11.4589
15.0074
18.0618
18.0621
11.4616
25.7292
18.0915
23.8773
23.707
30.2985
18.0485
30.2941
18.0703
14.9901
14.992
25.7062
14.9926
18.047
25.7073
30.2902
23.6892
22.6479
8.37912
18.0368
25.6925
25.6903
18.0342
18.0345
18.0348
18.035
18.0353
14.9831
18.0375
30.2783
22.6415
30.2673
23.6663
18.0238
25.6732
25.6711
30.254
30.2493
30.2447
19.0586
23.6416
23.637
14.952
14.954
18.0084
18.0087
18.009
23.8036
23.6346
30.2262
18.0001
14.9478
19.0435
25.6377
25.6356
30.2186
8.33942
17.9971
25.6322
20.9596
17.9942
25.6279
32.4123
8.3294
25.8163
11.3816
14.9302
30.198
30.1935
17.9787
8.32321
30.1922
30.1876
25.598
25.5959
25.5939
30.1769
14.9153
14.9173
32.4138
23.5749
11.3396
30.1784
30.1739
22.5231
25.5781
30.1612
8.30437
30.1596
17.9591
25.5704
23.5572
25.5639
25.5619
17.9525
14.9003
11.3539
14.9025
17.957
14.9047
11.3267
14.9177
14.9196
23.5762
23.7628
30.1635
30.159
14.9097
30.1574
30.153
23.5523
8.29962
25.5618
20.8596
25.5574
25.8363
30.1337
25.5442
30.1274
14.8888
14.8907
14.8926
17.9471
30.1319
30.1275
30.1232
23.7156
17.9358
23.5185
30.1104
25.8374
17.8547
17.9229
32.4322
30.0846
25.4951
25.4932
14.8576
23.483
30.0749
30.0706
30.0663
25.4768
11.2576
14.8579
17.9125
23.4791
23.687
14.8544
17.909
14.8567
11.3102
14.8589
17.9135
17.9138
25.4918
14.8602
30.0779
25.847
32.4433
20.7551
25.4681
25.4662
14.8432
14.8451
17.8996
17.9
25.4708
30.0541
18.8684
30.048
22.3723
30.0379
25.4484
8.22782
30.0346
23.4341
14.8274
30.029
14.8265
14.8284
32.4427
11.2278
23.4397
30.0317
17.7603
14.8286
30.0267
17.8804
23.6696
23.4225
30.0146
25.4252
25.4234
14.8174
25.4243
30.0077
23.4073
32.4514
14.8083
11.204
30.008
8.21556
25.4215
30.0049
17.8695
17.8698
25.4165
18.8183
14.8151
14.8169
18.8221
18.8202
30
17.8664
14.8141
32.4621
29.9927
29.9886
29.9845
11.1874
25.4078
14.814
8.21267
17.7053
25.4079
17.8663
29.9918
29.9877
23.3874
23.5527
25.3902
17.8546
17.855
14.8026
14.8045
25.3949
25.3931
17.8567
17.8571
25.3923
25.3905
17.8551
17.8555
14.8031
14.8049
18.7989
18.7972
14.8045
8.20306
17.8609
17.8612
29.9834
29.9794
23.3792
32.4726
18.7835
25.3781
17.8472
14.7948
17.8494
29.9653
25.3761
17.8459
29.9601
29.9561
17.841
23.3564
25.3633
17.8376
23.5113
14.7825
14.7843
25.3635
17.8378
14.7854
14.7872
25.3677
11.2395
25.3665
17.8399
14.7875
29.9533
23.3531
23.3491
17.8343
14.7818
14.7837
14.7855
29.9501
14.7847
29.9488
23.3487
25.3557
32.475
11.1484
18.7641
18.7624
17.8384
17.8388
11.2379
14.7867
17.8413
11.2404
14.7892
17.8438
25.3653
25.3636
17.8419
11.2411
17.8426
14.7901
11.2436
14.7923
14.7941
14.7959
17.8505
14.798
14.7998
17.8544
14.8019
14.8037
17.8583
25.3867
25.385
14.8036
17.8582
17.8585
14.8061
17.8607
18.7937
18.792
14.806
29.9746
23.3745
32.4873
14.7987
11.1612
8.20914
29.979
25.3897
29.9734
25.3842
17.8597
17.86
14.8075
18.7898
18.7881
18.7864
14.806
17.8606
17.8609
17.8613
11.2604
17.8619
17.8623
18.7902
25.3849
32.4988
29.9626
29.9588
18.7733
32.499
23.3512
29.9436
29.9398
11.1359
29.9492
14.7959
14.7977
18.769
25.3637
14.7972
17.8518
17.8522
8.19641
29.9536
29.9498
23.3498
29.9423
29.9385
25.3494
23.3369
8.18217
32.5107
17.8361
17.8365
18.7454
18.7438
29.9239
11.1182
14.7922
17.8468
11.2459
25.3519
25.3503
25.3487
25.3471
14.7903
14.7921
14.7938
14.7955
14.7973
17.8519
25.3588
25.3572
14.7972
14.7989
17.8535
17.8539
25.3617
17.8531
14.8006
11.254
25.3636
25.362
17.8534
25.3609
25.3593
17.8516
25.3581
17.8509
25.357
14.7973
17.5916
29.9397
14.7935
29.9386
17.8456
17.846
11.2451
17.8466
17.847
14.7944
17.849
17.8494
14.7968
17.8514
17.8517
14.7992
14.8009
7.02999
17.8551
17.8554
14.8029
14.8046
17.8592
17.8595
14.8069
17.8615
17.8618
7.03848
14.8089
11.2623
25.9228
17.8587
7.0374
11.2575
14.8061
25.9211
32.5173
14.7976
17.8521
17.8525
14.7999
14.8016
25.3674
17.8551
14.8025
7.03709
17.8568
17.8571
17.8575
17.8578
14.8052
29.9591
32.5161
32.5162
32.5162
32.5163
25.3455
7.02168
14.7869
14.7886
14.7903
17.8448
14.7923
14.7939
14.7956
14.7973
17.8518
7.03543
14.799
17.8536
17.8539
14.8013
14.8029
14.8046
14.8062
17.8608
17.8611
7.04638
14.8083
17.8628
17.8631
14.8105
17.8651
17.8654
14.8128
14.8145
17.869
14.8164
14.818
14.8197
14.8213
17.8759
7.06249
14.823
17.8776
17.8779
7.06644
11.2767
14.8253
25.9127
32.5089
14.8169
14.8186
14.8202
25.3997
17.8737
29.2221
11.2685
17.87
32.5087
32.5087
32.5088
17.8594
14.8068
24.7598
32.5071
32.5072
32.5072
24.7601
17.8395
14.7869
32.5056
32.5056
11.2304
32.5057
32.5058
32.5058
17.8185
18.721
32.506
32.506
32.5061
32.5061
25.91
17.7946
11.1937
18.6855
29.8659
29.8624
14.7368
17.7914
32.5066
17.7882
17.7885
23.2613
32.5068
32.5068
24.7602
29.2233
25.2446
25.2432
14.7151
17.4999
14.714
18.647
14.7146
17.7693
14.7166
17.7712
6.96835
14.7184
11.1718
25.9054
32.5017
32.5017
25.9056
32.5018
32.5019
11.1445
17.7462
18.6145
29.7949
14.6904
29.794
17.7428
32.5023
14.6867
17.7413
17.7416
17.742
14.6893
14.691
25.9064
32.5026
32.5027
32.5027
32.5028
32.5028
32.5029
32.5029
24.7608
29.2244
14.6491
25.1471
25.1457
17.4045
14.6463
18.5474
17.7
18.5465
29.727
32.4994
32.4995
17.6892
32.4996
32.4996
32.4997
29.6907
25.9036
32.4998
14.6122
22.8898
23.0837
29.6767
11.0639
23.0778
11.0621
18.4894
6.85893
17.6629
17.6633
14.6106
14.6123
17.6669
17.6673
14.6146
17.6693
14.6166
17.6713
17.6717
14.619
14.6206
25.1034
11.073
14.6217
6.87338
17.6763
29.6918
17.6745
32.5015
32.5015
32.5016
29.6701
32.5017
32.5017
32.5018
25.9056
23.0447
14.5878
22.8505
29.6425
11.0417
23.0436
18.4548
11.0392
14.5879
7.98625
25.0551
17.6434
17.6437
17.6441
17.6445
14.5918
29.644
32.5063
32.5063
32.5064
32.5064
25.0333
6.82181
14.5758
14.5774
14.579
17.6337
14.581
29.6284
32.5051
32.5052
32.5052
32.5053
25.018
14.5653
32.5054
32.5055
32.5055
29.2232
24.9986
17.6053
29.5834
32.5051
32.5052
32.5052
32.5053
14.5363
24.9756
32.5054
32.5055
32.5055
32.5055
25.9094
17.569
18.3466
10.967
29.5278
32.5058
24.9326
32.5059
32.506
29.507
17.5531
17.5536
24.9197
24.9185
24.9173
17.5515
17.1702
29.4991
32.5047
32.5048
32.5048
24.8961
29.4803
17.535
24.8925
17.5346
24.8918
24.8906
14.4803
14.4819
10.9351
17.5371
14.4844
14.486
14.4876
14.4892
17.5439
14.4912
17.5459
14.4932
24.7603
32.5041
32.5042
29.2235
24.8894
24.8882
14.4782
17.1459
14.4774
18.2924
17.5313
14.4786
32.5024
32.5024
29.224
32.5019
24.761
24.8646
24.8634
32.5005
32.5005
29.4381
14.4523
24.8521
14.4531
14.4547
17.5095
17.5099
14.4572
32.501
32.501
32.501
32.5011
29.4239
17.4962
17.4966
24.8369
24.8357
24.8345
14.4416
14.4432
24.8381
24.8369
32.5016
32.5016
29.4117
32.5017
32.5018
24.8123
14.4269
14.4285
17.4833
17.4837
17.4841
17.4845
17.485
32.5022
32.5022
32.5023
32.5023
25.9062
10.8636
17.4656
18.1931
29.3739
29.371
32.5026
32.5027
32.5027
32.5028
25.9066
17.4403
18.1548
10.8383
29.3363
29.3334
32.5031
17.4336
17.434
14.3812
17.436
22.734
29.3273
32.5034
29.3199
32.5035
32.5035
17.4205
24.7216
24.7204
17.4195
24.72
24.7189
14.3809
14.3809
14.381
29.3101
24.7221
32.5041
32.5041
24.7118
24.7107
14.3813
17.4148
17.4152
32.5044
32.5044
14.3815
24.7048
24.7037
24.7027
32.5046
29.2822
32.5047
14.3818
32.5048
14.3819
32.5049
24.6837
17.3954
17.3959
17.3963
17.3967
17.3972
32.5052
32.5052
32.5053
17.3875
17.388
32.5054
24.6674
24.6663
24.6653
14.3826
24.6666
14.3827
14.3828
