ISS (ZARYA)             
1 25544U 98067A   24332.90817323  .00022340  00000+0  39860-3 0  9996
2 25544  51.6388 224.2748 0006855 275.7348  84.2859 15.49960541483940
CSS (TIANHE)            
1 48274U 21035A   24332.58926474  .00022006  00000+0  27558-3 0  9994
2 48274  41.4649 166.9165 0001333  15.6095 344.4784 15.59254570204659
ISS (NAUKA)             
1 49044U 21066A   24332.90817323  .00022340  00000+0  39860-3 0  9992
2 49044  51.6388 224.2748 0006855 275.7348  84.2859 15.49960541189539
FREGAT DEB              
1 49271U 11037PF  24332.75349517  .00023019  00000+0  51721-1 0  9991
2 49271  51.6331 235.7419 0928343 111.8734 258.3381 12.23494326155174
CSS (WENTIAN)           
1 53239U 22085A   24332.58926474  .00022006  00000+0  27558-3 0  9997
2 53239  41.4649 166.9165 0001333  15.6095 344.4784 15.59254570133691
CSS (MENGTIAN)          
1 54216U 22143A   24332.58926474  .00022006  00000+0  27558-3 0  9998
2 54216  41.4649 166.9165 0001333  15.6095 344.4784 15.59254570118117
1998-067WL              
1 59561U 98067WL  24332.61417290  .00520225  12892-3  99663-3 0  9997
2 59561  51.6140 200.3159 0006786 192.4146 167.6697 15.99919499 34968
SZ-17 MODULE            
1 59624U 23164C   24332.87518501  .00353393  61276-4  56377-3 0  9994
2 59624  41.4654 141.8947 0014034 328.9131  31.0891 16.02619035 33398
CYGNUS NG-21            
1 60378U 24139A   24332.90817323  .00022340  00000+0  39860-3 0  9999
2 60378  51.6388 224.2748 0006855 275.7348  84.2859 15.49960541 17442
PROGRESS-MS 28          
1 60450U 24145A   24332.90817323  .00022340  00000+0  39860-3 0  9997
2 60450  51.6388 224.2748 0006855 275.7348  84.2859 15.49960541 16082
COSMOGIRLSAT            
1 60953U 98067WT  24332.66717060  .00746130  24287-3  20319-2 0  9994
2 60953  51.6193 215.0809 0010605 206.1445 153.9028 15.93465808 14146
SAKURA                  
1 60954U 98067WU  24331.73493809  .02223257  53765-2  20174-2 0  9997
2 60954  51.6124 217.8107 0010323 214.7181 145.3161 16.13092160 14021
1998-067WY              
1 60958U 98067WY  24332.05613971  .00506629  00000+0  18598-2 0  9994
2 60958  51.6253 219.2862 0010272 202.3917 157.6640 15.86382438 14022
SOYUZ-MS 26             
1 61043U 24162A   24332.90817323  .00022340  00000+0  39860-3 0  9995
2 61043  51.6388 224.2748 0006855 275.7348  84.2859 15.49960541483786
CREW DRAGON 9           
1 61447U 24178A   24332.90817323  .00022340  00000+0  39860-3 0  9990
2 61447  51.6388 224.2748 0006855 275.7348  84.2859 15.49960541  9182
CYSAT-1                 
1 61501U 98067WZ  24332.70761360  .00280824  00000+0  23745-2 0  9993
2 61501  51.6326 222.1751 0012056 207.5355 152.5004 15.68234375  7883
DORA                    
1 61502U 98067XA  24332.08987329  .02801766  15657-1  32266-2 0  9990
2 61502  51.6036 221.7283 0015044 209.1947 150.8228 16.11892152  7827
SHENZHOU-19 (SZ-19)     
1 61683U 24194A   24332.58926474  .00022006  00000+0  27558-3 0  9992
2 61683  41.4649 166.9165 0001333  15.6095 344.4784 15.59254570204197
2024-194B               
1 61684U 24194B   24304.16570017 -.00002234  70709-5  00000+0 0  9994
2 61684  41.3050 339.9579 0264171 116.1457 292.8724 15.65002779    52
DRAGON CRS-31           
1 61791U 24200A   24332.90817323  .00022340  00000+0  39860-3 0  9998
2 61791  51.6388 224.2748 0006855 275.7348  84.2859 15.49960541  3032
TIANZHOU-8              
1 61983U 24211A   24332.58926474  .00022006  00000+0  27558-3 0  9995
2 61983  41.4649 166.9165 0001333  15.6095 344.4784 15.59254570204651
PROGRESS-MS 29          
1 62030U 24215A   24332.90817323  .00022340  00000+0  39860-3 0  9991
2 62030  51.6388 224.2748 0006855 275.7348  84.2859 15.49960541483783
2024-013E               
1 62056U 24013E   24331.59571613  .00108869  00000+0  11063-2 0  9993
2 62056  41.4662 172.4871 0009548 349.7506  10.3138 15.64003035  2302
