ISS (ZARYA)             
1 25544U 98067A   24333.96079159  .00023281  00000+0  41427-3 0  9997
2 25544  51.6398 219.0558 0006779 277.6674 199.7958 15.50011369484108
CSS (TIANHE)            
1 48274U 21035A   24333.54999546  .00024067  00000+0  30038-3 0  9997
2 48274  41.4648 161.0826 0001146  25.4304 334.6590 15.59301951204801
ISS (NAUKA)             
1 49044U 21066A   24333.87528729  .00020789  00000+0  37100-3 0  9998
2 49044  51.6383 219.4832 0006779 279.2376  80.7846 15.50003122189531
FREGAT DEB              
1 49271U 11037PF  24332.75349517  .00023019  00000+0  51721-1 0  9991
2 49271  51.6331 235.7419 0928343 111.8734 258.3381 12.23494326155174
CSS (WENTIAN)           
1 53239U 22085A   24333.54999546  .00024067  00000+0  30038-3 0  9990
2 53239  41.4648 161.0826 0001146  25.4304 334.6590 15.59301951133696
CSS (MENGTIAN)          
1 54216U 22143A   24333.54999546  .00024067  00000+0  30038-3 0  9991
2 54216  41.4648 161.0826 0001146  25.4304 334.6590 15.59301951118112
1998-067WL              
1 59561U 98067WL  24332.80154024  .00526843  13246-3  99763-3 0  9998
2 59561  51.6141 199.3160 0006825 193.8695 166.2128 16.00121187 34995
SZ-17 MODULE            
1 59624U 23164C   24333.87196497  .00388206  73590-4  59146-3 0  9991
2 59624  41.4649 135.4379 0013836 335.8469  24.1734 16.03382730 33557
CYGNUS NG-21            
1 60378U 24139A   24333.87528729  .00020789  00000+0  37100-3 0  9995
2 60378  51.6383 219.4832 0006779 279.2376  80.7846 15.50003122 17444
PROGRESS-MS 28          
1 60450U 24145A   24333.87528729  .00020789  00000+0  37100-3 0  9993
2 60450  51.6383 219.4832 0006779 279.2376  80.7846 15.50003122 16084
COSMOGIRLSAT            
1 60953U 98067WT  24333.67008497  .00774501  26800-3  19388-2 0  9993
2 60953  51.6182 209.7729 0010845 212.2474 147.7872 15.95038477 14307
SAKURA                  
1 60954U 98067WU  24331.73493809  .02223257  53765-2  20174-2 0  9997
2 60954  51.6124 217.8107 0010323 214.7181 145.3161 16.13092160 14021
1998-067WY              
1 60958U 98067WY  24333.06371039  .00551056  00000+0  19134-2 0  9993
2 60958  51.6252 214.0119 0010381 207.2800 152.7660 15.87414472 14185
SOYUZ-MS 26             
1 61043U 24162A   24333.87528729  .00020789  00000+0  37100-3 0  9991
2 61043  51.6383 219.4832 0006779 279.2376  80.7846 15.50003122483788
CREW DRAGON 9           
1 61447U 24178A   24333.87528729  .00020789  00000+0  37100-3 0  9996
2 61447  51.6383 219.4832 0006779 279.2376  80.7846 15.50003122  9184
CYSAT-1                 
1 61501U 98067WZ  24333.40847480  .00296564  00000+0  24611-2 0  9990
2 61501  51.6329 218.6045 0012380 210.1707 149.8578 15.68637963  7990
DORA                    
1 61502U 98067XA  24332.70883291  .05483889  11710-4  31917-2 0  9998
2 61502  51.5998 218.3610 0016594 207.4139 152.6004 16.17695191  7927
SHENZHOU-19 (SZ-19)     
1 61683U 24194A   24333.54999546  .00024067  00000+0  30038-3 0  9995
2 61683  41.4648 161.0826 0001146  25.4304 334.6590 15.59301951204192
DRAGON CRS-31           
1 61791U 24200A   24333.87528729  .00020789  00000+0  37100-3 0  9994
2 61791  51.6383 219.4832 0006779 279.2376  80.7846 15.50003122  3034
TIANZHOU-8              
1 61983U 24211A   24333.54999546  .00024067  00000+0  30038-3 0  9998
2 61983  41.4648 161.0826 0001146  25.4304 334.6590 15.59301951204803
PROGRESS-MS 29          
1 62030U 24215A   24333.87528729  .00020789  00000+0  37100-3 0  9997
2 62030  51.6383 219.4832 0006779 279.2376  80.7846 15.50003122483785
2024-013E               
1 62056U 24013E   24331.59571613  .00108869  00000+0  11063-2 0  9993
2 62056  41.4662 172.4871 0009548 349.7506  10.3138 15.64003035  2302
