13.3003
13.3003
11.4738
11.3878
11.0032
18.6872
12.0695
11.487
16.4983
18.7901
14.6711
14.4881
11.231
10.2794
18.4627
11.2832
15.8178
18.5914
10.4058
16.7215
21.7429
21.6509
18.3529
18.4114
15.6519
15.4925
15.7694
18.4203
10.2959
16.621
21.6576
21.5965
18.2804
21.5852
21.5325
18.2158
10.0327
18.2194
16.702
10.0872
18.2601
16.332
18.2915
15.6214
21.6082
16.7233
18.3112
15.5612
18.3384
18.3669
18.3944
18.421
11.1867
11.2116
18.4959
16.305
18.5112
18.5335
18.5551
16.3211
11.3074
21.8943
16.9972
18.5737
15.5353
18.5858
18.6044
18.6225
18.6402
18.6574
15.5455
15.3833
10.2991
18.6231
16.3661
18.6312
15.636
15.6522
18.6336
10.3394
16.4399
21.9372
21.9113
18.5652
16.3657
18.5737
18.5878
21.9245
17.021
18.5913
15.5876
18.5997
18.6128
18.6257
18.6383
21.9767
21.9546
18.6064
10.2502
18.5982
17.0539
21.9505
17.0451
18.6136
15.5084
18.6204
18.6318
18.6431
18.6542
18.6651
16.2642
18.6697
18.6802
18.6905
18.7007
22.0427
22.0241
11.4133
18.6836
18.6935
18.7033
11.5348
11.4617
18.7313
17.5516
18.7491
18.7581
18.767
18.7758
18.7845
10.2977
18.7742
12.4473
18.6385
12.4717
10.3147
18.7691
12.2557
12.552
18.7822
18.79
22.135
22.1193
22.1038
13.847
17.1609
18.7255
10.2599
22.0556
13.8302
17.1142
22.0175
12.439
18.3018
18.6747
18.6825
22.0296
13.7863
18.6464
21.9938
21.9807
18.6279
12.0557
18.6384
18.646
21.994
13.7276
17.0558
21.9607
12.2563
18.2495
18.6175
18.2645
18.6312
18.6385
17.0891
18.6528
22.0016
13.6995
18.6212
18.6284
11.9673
18.6378
17.0881
18.6516
18.6584
18.6651
18.6718
10.4151
18.6708
12.9993
18.683
18.6894
18.6958
11.4417
10.1764
18.6956
32.014
22.0178
31.9539
30.0161
21.9455
18.5917
10.0674
10.0708
18.5752
11.3212
18.588
18.5944
17.7009
17.1261
17.7046
31.8829
31.9351
21.901
31.7861
31.7478
31.7099
17.5761
31.7261
20.6568
16.3015
18.4307
31.6234
31.5872
31.5513
31.5723
21.6875
31.4643
31.4296
31.3952
33.728
17.3336
20.0271
31.3008
18.2081
21.5611
21.5542
14.3545
17.9075
12.979
21.5075
21.501
21.4946
17.8599
9.5841
17.8456
9.58002
21.46
14.3064
12.9173
21.4229
19.8621
26.8342
34.7274
29.4256
31.4845
34.7227
34.7251
30.6587
34.7301
34.7325
17.6619
34.7374
34.7398
17.5737
34.7445
34.6763
20.8068
11.8017
34.7509
34.7532
34.7555
33.2031
34.7601
34.7623
33.2099
31.2246
34.7596
13.4027
34.7571
34.7593
29.4684
31.4683
34.7546
29.2533
27.6786
16.8374
34.2579
34.7655
34.1666
25.5746
34.6237
34.7596
33.207
34.7638
32.2291
34.768
12.7738
31.2249
34.7589
34.761
34.763
28.4352
28.419
34.7691
31.4643
26.6748
16.1717
33.2619
24.6761
34.7592
33.1408
33.2086
34.7652
33.0173
16.0011
31.4641
34.7629
34.7648
27.7652
34.7687
34.7706
19.135
15.7883
34.7763
9.22534
34.7801
10.0964
19.1086
15.7616
34.7871
31.4553
25.8983
19.011
34.7845
18.9866
32.4378
31.4547
34.782
9.87004
34.7852
27.207
26.9855
15.4928
17.2991
27.2077
34.7954
8.92991
14.1517
15.4763
34.7957
34.7975
34.7992
34.8009
31.4485
34.7949
34.7966
26.8014
34.4986
31.7576
34.8014
31.6983
33.2501
30.0711
25.0166
15.0838
11.3247
31.2012
15.0741
31.6043
34.4857
31.5184
34.8063
34.8079
33.2549
29.812
11.1432
31.2003
18.2474
14.9009
26.1024
34.8077
34.8093
34.8108
34.8124
31.1773
34.8155
26.0789
24.5176
34.8201
34.8216
34.8231
34.4384
30.9183
14.8892
14.8907
33.2741
29.3401
30.8763
14.8967
22.257
26.3589
22.3109
24.6756
33.2553
34.8115
33.7549
16.2269
34.8128
14.0333
29.1294
26.2143
17.6782
31.4996
34.7977
17.6244
21.6607
16.0671
33.2451
14.3377
33.7661
34.7998
29.1359
26.2143
31.5083
34.783
33.2298
17.4009
15.8502
33.2341
26.3771
21.5676
23.9377
24.9389
28.4145
21.2607
34.7759
14.8407
13.9916
33.2251
28.2507
15.7276
33.2292
21.4206
23.7913
33.2212
34.7772
33.7884
15.6049
34.7786
13.9931
29.1453
26.2143
17.0727
31.5186
34.7657
17.0277
20.8413
15.4731
33.0029
14.2135
34.5522
21.0662
26.1331
32.9246
33.2075
34.4216
33.8025
13.974
15.3462
34.7658
29.1519
26.2143
16.8075
20.5397
34.7545
31.5268
16.7625
32.6103
15.1981
14.1729
34.1707
22.2285
27.5391
29.1586
34.7481
31.5306
34.746
33.8207
16.5858
33.9037
15.0223
33.1954
23.7911
27.2691
32.295
34.7551
25.436
20.3372
22.714
28.2134
20.0384
32.152
33.6864
32.1116
14.8105
28.6292
13.9579
22.6283
32.1058
19.9626
33.6376
20.189
21.7025
14.1224
27.013
25.258
32.0152
13.4879
33.5667
14.7938
33.1826
33.83
16.3046
34.7387
16.2801
14.7304
29.1638
26.2143
16.2376
25.0643
31.8119
19.9463
22.3261
14.786
33.1693
14.0875
13.9298
33.349
33.842
28.2451
34.7276
14.7921
34.73
33.2014
33.1776
29.1682
26.2143
31.5466
34.7204
31.4697
24.6964
19.5998
15.959
21.9897
14.4003
22.9089
26.3886
19.3529
13.9181
14.4147
31.4454
14.7817
34.7195
28.1902
32.9506
33.8469
34.722
31.2909
24.5162
19.4202
21.8022
29.1781
26.2143
31.5586
34.7016
15.7469
14.1975
14.2047
13.9078
19.1074
22.6374
14.77
26.1363
15.7895
31.177
34.7112
26.2143
29.1814
34.7031
33.8679
32.5395
22.4529
15.6579
14.1084
33.1531
25.9301
34.7099
30.9379
28.1816
24.1582
19.0632
21.447
30.8587
14.7677
32.4171
18.8002
27.3638
24.1101
21.4049
30.8117
33.1467
32.3292
33.8686
13.9319
34.7037
13.9062
29.1821
26.2143
15.4373
31.5626
34.6955
15.4122
18.5876
13.8622
30.6285
14.023
32.1866
13.8632
14.764
23.9229
14.0231
30.6456
18.8299
21.2152
27.1286
32.1613
13.896
33.142
32.1439
33.144
13.1735
15.3879
29.1847
26.2143
34.692
31.5657
34.6907
21.9211
33.8811
31.9574
25.3512
18.3601
34.6928
33.1391
30.3436
28.1653
20.9029
8.02167
31.8648
18.5033
30.2882
23.5667
30.2589
18.9375
7.09271
31.8082
19.9776
25.1927
13.8834
26.7599
33.8882
33.1312
34.6868
29.1912
26.2143
30.0918
23.3885
18.295
31.5775
34.6728
20.6435
15.0012
13.4517
18.0408
21.5091
13.8703
13.4729
25.0181
30.0526
14.7402
31.6128
34.6789
26.2143
34.6757
31.5764
34.6745
33.9014
31.4493
14.9209
13.3714
33.123
21.3673
24.849
29.8839
23.1806
18.0877
20.4764
34.6734
17.8367
28.1428
29.8069
29.7958
31.3394
14.7402
13.8756
26.3234
13.3123
29.1949
26.2143
34.6732
31.5779
34.6721
33.9043
31.2131
17.6623
21.131
24.613
33.1195
29.631
34.676
20.2275
17.8322
31.1436
29.5785
22.8881
28.1405
7.59661
6.68769
18.2852
19.3192
13.8606
29.5628
24.5131
31.1036
29.5387
31.0832
19.2807
24.4714
14.7308
13.8649
13.1758
6.68833
20.1897
31.0988
29.2022
26.2143
33.9203
17.7138
34.6566
22.763
18.165
29.4057
33.1003
34.6559
31.5896
7.6156
22.7033
17.6111
20.0031
33.0924
30.8653
33.9342
14.7115
34.6491
13.8439
31.2641
26.2143
14.7074
33.6439
34.6432
14.7073
18.4495
14.7073
30.7731
13.9104
14.7092
14.7101
22.6119
13.9093
29.2538
17.5244
19.917
25.7476
30.7844
13.8368
33.0897
30.7755
33.0914
13.2612
14.7098
31.2658
26.2143
34.6412
33.6459
34.6403
20.5962
33.9429
30.6442
24.0408
18.324
34.6423
33.0885
30.6044
33.0902
19.7016
7.62815
30.5838
17.3038
29.0146
22.3754
30.5487
20.5094
10.284
30.5491
17.0809
25.4945
13.8293
23.9529
26.2143
34.6352
33.65
34.6343
33.9517
30.4401
14.6987
14.6995
33.0825
20.3632
23.8459
28.8835
22.2478
17.1564
19.5503
34.634
18.1018
30.396
13.8268
14.6986
25.3728
30.4105
30.4024
14.7019
33.0848
33.3988
20.3009
13.9004
13.1475
20.3288
20.3325
13.2675
34.6431
26.2143
31.2694
34.6381
33.9468
30.3171
20.2354
14.7032
14.704
33.0869
23.7234
34.6431
28.7478
33.09
22.0908
16.9997
19.3934
30.2607
14.7032
30.2681
17.9541
23.6676
34.6416
30.2357
33.0885
31.2676
26.2143
33.6484
34.6367
14.7006
14.7014
30.1653
30.1578
33.0858
34.6413
14.7052
23.5385
20.0576
20.0614
14.7083
14.7622
34.6459
33.6426
13.582
14.7079
14.7086
26.2143
31.2679
14.7038
14.7046
31.2685
26.2143
34.6367
33.6489
34.6359
33.9496
19.9635
23.4463
30.0397
30.0325
33.0845
33.3993
14.7028
19.9397
19.9435
19.9473
19.951
19.9548
33.3926
33.0891
30.0068
29.9997
24.9527
19.9169
14.7106
13.9152
13.5595
23.441
34.6481
33.0941
34.6495
33.64
29.983
26.2143
29.9602
31.2656
14.708
14.7087
23.3556
34.647
33.9353
29.9028
33.0933
14.7118
14.7126
7.62072
29.9152
24.8683
33.0963
33.3804
19.8077
19.8114
19.8152
14.7167
13.1607
14.7181
16.6349
21.7181
28.3571
33.0975
29.8933
33.9278
13.8475
14.7169
34.6544
31.2613
26.2143
14.713
17.5133
34.6498
33.6398
14.7122
29.8238
14.7136
13.9213
29.8396
16.3547
24.7886
33.932
33.0952
34.6505
31.2634
26.2143
28.1824
21.5382
16.448
33.645
34.6414
18.8188
14.7038
14.7044
17.3997
19.6353
13.8348
14.7057
23.1407
29.7349
14.7077
29.7424
34.6459
33.9367
29.7027
31.2658
26.2143
33.6457
34.6404
33.0864
14.7049
14.7056
28.0906
21.4515
16.3614
18.756
19.5489
23.0319
17.3228
34.6391
14.703
13.8332
29.6449
33.087
14.7055
29.6366
29.5235
29.6244
28.6294
28.0188
33.6459
14.7033
13.5882
14.7037
34.6412
34.6418
33.9419
33.0588
26.1744
31.2694
29.5284
14.7018
19.4564
22.9394
27.9794
16.2599
18.6547
33.0092
29.5112
33.9461
14.702
34.6394
13.8328
31.2691
26.0863
14.6991
33.5181
34.493
14.699
17.1518
14.699
29.46
13.8934
29.4671
29.4615
29.347
28.4716
27.8595
29.4346
32.9166
22.8231
34.4602
14.7016
13.0745
14.731
14.7006
14.7013
14.7019
14.7025
29.4776
32.9597
22.8661
29.461
34.4978
22.8496
31.2673
34.4695
33.4624
34.641
33.9429
14.7044
29.3741
14.7057
32.8647
19.292
22.7751
27.8154
34.4071
21.1631
16.0734
18.468
32.8289
17.023
29.3338
29.3285
29.3232
14.7063
22.7349
13.8376
29.3427
17.022
29.3399
15.8634
24.2911
33.1215
32.8076
19.2349
29.3139
14.7087
14.7093
29.3251
33.9356
34.6469
27.7271
21.0818
15.9922
18.3868
14.7065
14.7071
14.7077
21.0979
18.4032
27.7233
32.7607
29.2633
33.9399
14.7067
13.8373
14.7078
29.2676
29.2626
15.7847
24.2142
13.8382
29.2658
29.2608
29.1497
27.6533
14.7081
18.1099
14.7092
8.61451
19.1927
19.1963
34.318
32.754
29.2567
29.2518
6.27
29.1498
29.2509
29.2459
28.2469
14.7097
14.7103
18.1096
19.1786
14.7119
22.6696
14.7131
29.2771
28.2712
29.1611
27.6579
14.7118
14.7123
18.1281
14.7134
8.6121
14.7122
19.2221
14.3812
14.7129
6.27
6.27
14.709
27.7456
29.2277
29.3293
29.3244
28.328
14.7083
14.7089
13.5798
18.1984
14.7097
14.7102
19.2867
19.2902
19.2936
14.7125
14.713
14.7136
14.7142
14.7147
14.7153
19.3507
19.354
19.3574
29.4368
19.3558
14.7186
22.8465
14.7197
34.4922
14.7209
19.3759
14.722
19.3907
34.6599
32.5825
14.2588
26.2143
34.6566
18.8904
26.2143
26.2143
14.715
14.7155
19.2516
19.2549
19.2583
6.27
14.7154
19.2818
19.2852
29.3646
14.7176
18.9031
14.2634
14.7165
14.717
19.3177
14.7181
14.7186
19.3397
19.3429
19.3462
19.3495
14.7213
19.36
19.3632
19.3664
14.7235
19.3809
19.3841
29.4636
14.7256
19.3937
22.8769
6.27
19.4045
19.4077
14.726
14.7266
14.7271
14.7276
14.7282
14.7287
19.4613
19.4644
27.9894
14.7308
27.9917
34.6686
19.4525
34.6697
26.2143
32.2641
26.2143
19.3911
33.111
26.2428
19.3634
34.8212
14.7283
34.484
27.882
19.3514
14.7304
14.7309
19.3725
19.3756
14.7325
14.733
14.7335
14.734
14.7345
14.7351
27.9502
34.6729
19.4113
29.491
19.4098
22.893
14.7386
14.7391
34.5457
14.7401
34.6774
32.566
26.2143
34.6752
26.2143
19.2961
26.2143
14.735
34.6723
19.268
26.2143
14.2497
26.2143
14.7314
27.746
34.6692
34.6697
19.1959
26.2143
32.2634
26.2143
33.1113
25.9988
19.1202
34.5771
19.1149
14.7291
34.2447
27.6431
19.1128
14.7311
14.7316
14.7321
19.1406
19.1438
14.7336
19.1576
19.1607
19.1639
14.7355
29.2542
14.7365
19.1802
14.7375
6.27
19.1981
19.2012
14.7369
14.7374
14.7378
14.7383
14.7388
14.7393
19.2523
19.2554
14.7408
19.2652
19.2682
14.7422
19.2816
19.2846
19.2877
14.7442
29.3779
14.7451
19.3034
14.7461
6.27
22.8009
29.3969
34.436
19.3079
19.3108
34.6836
32.5603
26.2143
26.2143
34.6794
26.2143
26.2143
26.2143
34.6736
26.2143
13.1787
24.4014
14.7358
34.1972
32.8919
22.5419
14.7376
14.7381
14.7386
14.739
27.6102
34.6768
34.6772
26.2143
26.2143
34.6736
34.6741
32.5691
34.674
34.031
26.2143
26.2143
26.2143
14.7321
33.9652
13.1764
22.3247
23.8807
24.1818
18.8434
32.6688
14.7354
28.9226
32.4074
13.4171
20.4584
28.9112
23.8671
13.898
22.3156
14.7349
18.4231
14.2495
13.1772
14.7343
18.8664
14.7352
14.7357
18.8863
18.8894
18.8926
18.8957
18.8989
28.9788
18.8982
22.3813
34.6766
34.6771
26.2143
32.2566
26.2143
14.7363
14.7368
33.1193
25.6869
34.243
14.7362
33.9407
34.6739
26.2143
32.571
26.2143
26.2143
26.2143
26.2143
26.2143
33.742
34.6627
33.7179
13.1702
14.7273
14.7277
14.7282
18.6211
28.7009
18.6208
22.1039
14.7304
14.7309
33.7572
14.7318
34.669
32.5738
26.2143
34.667
26.2143
18.5261
26.2143
14.7273
34.6646
18.5033
26.2143
14.2556
26.2143
14.2577
14.7235
14.7239
14.7244
26.2143
26.2143
34.6579
32.5842
34.6578
34.6583
26.2143
26.2143
33.4323
26.2143
33.4069
14.7172
13.161
18.294
18.2974
14.719
14.7195
14.7199
14.7203
14.7208
14.7212
26.8691
34.6589
34.6593
26.2143
32.2737
26.2143
26.8048
33.1014
14.7197
25.1537
33.76
14.7188
33.3849
14.7197
14.7202
26.7978
18.2686
14.7215
23.3185
18.2819
18.2852
14.7232
14.7236
14.7241
14.7245
14.725
14.7254
18.3343
18.3376
26.8628
26.2143
32.2697
34.6616
26.2143
14.7235
14.7239
18.3036
18.3069
14.7252
26.2143
26.2143
26.2143
34.657
34.6574
32.5846
34.6574
26.2143
13.1626
26.2143
26.2143
33.2285
13.4478
23.1452
28.1851
14.7172
19.7484
31.6722
31.9222
13.9105
23.5756
21.5796
18.0997
23.1399
12.3884
26.6377
33.2287
33.6094
24.9846
33.0979
18.0726
26.2143
18.0614
34.6521
32.2791
34.6521
16.4796
26.5616
26.2143
14.7148
14.7152
33.1616
26.2143
26.2143
26.2143
34.6477
34.6481
32.5936
13.1546
34.6485
26.2143
13.4575
26.2143
26.2143
22.8778
32.961
13.9167
14.7067
27.9235
19.4906
31.4047
31.6545
23.4271
12.3959
31.657
31.3955
21.3047
27.9012
19.4684
26.2143
26.2143
22.82
26.2143
27.8396
34.6384
34.6388
22.7554
26.2143
12.4
26.2143
26.2143
27.7344
32.6074
32.7535
27.7044
32.7453
21.1002
34.6355
17.6056
14.6995
13.4743
13.922
22.664
27.7037
32.2952
26.2143
33.0798
34.6349
34.6353
24.4869
33.1727
26.0784
14.6981
32.6836
14.6989
26.0906
17.5623
14.7001
14.7006
22.6189
13.1447
22.6259
27.6656
34.6394
32.6921
32.6015
19.1962
26.2143
32.6383
26.2143
14.6985
26.2143
25.9964
34.6345
27.5284
34.6353
26.2143
34.6341
34.6345
26.2143
26.2143
32.4481
26.2143
26.2143
26.2143
13.1337
32.3978
14.6912
20.76
17.2801
14.6924
22.7438
27.3667
31.1084
22.3202
30.8486
27.3546
22.3134
18.9351
13.4846
17.2784
17.282
20.7661
26.2143
26.2143
34.6283
17.2228
14.6923
25.7545
34.6299
16.879
13.1363
14.6933
14.2824
14.6931
34.6303
26.2143
26.2143
32.6139
26.2143
26.2143
26.2143
34.6225
26.2143
32.2099
32.2049
14.6853
26.2143
26.2143
34.6194
34.6198
33.0655
25.5533
14.6841
23.976
14.6834
32.7458
32.1535
25.5545
14.6846
17.0333
14.6854
26.2143
26.2143
34.6196
34.62
26.2143
26.2143
26.2143
32.6257
32.0106
32.3166
26.2143
26.2143
33.0577
14.6759
34.6132
23.7906
14.6756
32.6267
34.6129
31.9483
14.6768
26.2143
26.2143
34.611
34.6114
26.2143
26.2143
32.6327
26.2143
31.8002
34.6073
31.7824
22.0169
30.4779
14.6716
20.1417
30.2266
16.6572
13.1166
26.7434
21.7032
18.3455
20.1437
26.7398
13.5186
14.6735
13.94
12.4209
16.6881
26.7679
16.69
16.6937
16.6974
20.182
16.7021
31.8253
34.6124
32.6286
26.2143
26.2143
34.6095
25.1368
34.6102
32.322
26.2143
26.2143
33.0527
23.5232
32.407
14.6698
14.6702
14.6706
31.69
14.6714
25.1006
21.9352
30.1389
26.6455
18.2482
20.0451
21.6028
26.2143
26.2143
26.2143
26.5959
12.4246
34.6045
34.6048
21.5279
26.2143
26.2143
26.2143
26.5077
32.64
31.5308
13.5342
26.489
13.9462
14.6643
23.3945
32.1894
26.2143
31.5206
32.3338
34.5992
26.2143
34.5982
24.8888
24.8831
14.6624
16.3694
14.6632
14.6636
14.6639
14.6643
16.4016
26.2143
26.2143
34.5991
34.5995
26.2143
26.2143
32.6447
26.2143
31.3845
34.5957
31.368
16.2444
31.3676
31.9889
23.2178
33.0415
23.201
33.0409
31.3234
24.7252
26.2143
16.1871
32.338
34.5954
34.5957
26.2143
14.6578
21.4859
26.2444
29.9855
21.2007
29.7288
26.2358
26.2343
26.2329
17.8479
14.6594
14.6598
31.9144
33.0424
23.1319
31.2679
26.2143
32.3383
24.6513
26.2143
16.1135
34.5945
14.658
14.6583
34.5956
24.6405
32.3373
34.596
26.2143
34.595
14.6585
33.0411
24.602
14.6596
23.0673
31.819
31.1981
24.6
14.6597
14.6601
16.086
14.6608
21.1366
12.7492
12.75
26.1747
26.1733
26.1718
19.5757
21.1336
14.6606
16.1032
26.2143
32.3367
34.5966
14.66
34.5973
16.0846
16.0884
14.6615
14.6618
14.6622
14.6626
14.6629
14.6633
16.1349
16.1386
14.6644
24.6698
34.6019
16.1406
34.6027
26.2143
32.3315
26.2143
16.1091
33.0457
23.0739
16.0959
31.868
14.6633
31.2212
24.6231
16.0963
14.6647
14.665
34.6023
26.2143
32.3319
26.2143
24.6013
33.0453
14.6635
23.0462
31.8335
14.6629
31.1923
14.6636
14.664
24.6066
16.0798
14.665
21.1301
14.6657
16.0994
16.1031
34.6036
34.604
26.2143
32.33
26.2143
33.0467
23.0256
31.8237
14.6639
14.6643
16.0575
16.0611
31.1844
31.8523
23.0266
33.047
16.0403
16.044
14.6658
24.5792
31.1721
31.8529
23.0124
16.0393
26.119
16.0416
14.6669
19.5327
31.1722
34.6049
14.6683
14.6687
14.669
24.5771
34.6066
34.6069
16.0419
26.2143
32.3265
26.2143
33.05
22.9727
16.0018
31.8194
16.0013
14.6679
31.1307
24.5327
16.0059
14.6693
14.6696
32.3259
26.2143
33.0506
34.6056
34.6059
22.9475
31.8057
24.4959
14.6688
31.1015
14.6695
24.5096
15.9905
14.6705
14.6709
14.6712
32.3243
34.6081
26.2143
34.6072
14.6706
33.0532
24.4941
14.6716
22.9397
31.8681
31.0907
24.4928
14.6717
14.6721
15.9927
14.6727
21.0279
12.6285
26.2143
26.2143
34.6064
34.6068
33.0524
24.4688
14.6709
22.9131
14.6703
31.8352
31.0714
24.4735
14.6714
14.6717
15.9923
14.6723
21.0086
15.9933
15.9937
14.6737
21.0227
26.0619
26.0606
26.0594
14.6753
14.6757
15.9963
26.0734
15.997
19.4809
14.6773
14.6776
31.1323
14.6783
34.6155
32.6255
26.2143
34.6142
26.2143
15.9967
26.2143
14.6755
34.6127
15.9964
26.2143
14.2977
26.2143
14.6735
19.3939
25.9898
31.0323
14.6748
26.2143
26.2143
34.6095
34.6098
26.2143
26.2143
26.2143
32.635
30.9136
34.6064
21.1346
30.9005
29.5966
29.3389
19.2518
14.6712
25.8535
20.8145
15.9925
17.4619
13.1146
19.2657
25.8615
13.521
12.4216
25.8731
13.9413
15.9915
14.6716
15.9922
22.773
31.6856
26.2143
30.9153
32.3254
34.607
26.2143
34.6061
24.2902
24.2849
14.6702
15.9908
14.6708
14.6712
14.6715
26.2143
26.2143
34.6062
32.6349
34.6062
34.6066
26.2143
26.2143
30.7993
26.2143
30.7842
14.667
13.1107
19.1542
20.7121
15.9886
21.0292
29.4988
25.7523
29.2403
14.6695
17.3611
13.5272
13.9436
32.6366
26.2143
26.2143
26.2143
34.6009
13.1077
34.6015
30.7176
30.7143
26.2143
26.2143
14.6632
26.2143
14.6623
20.6041
20.6054
13.5369
25.6497
17.2625
24.0915
34.5995
32.3334
26.2143
26.2143
33.0425
22.5072
31.267
14.6598
14.6601
14.6604
30.6583
14.6611
24.0688
15.982
26.2143
32.3357
34.5974
26.2143
34.5966
24.0319
14.6603
33.0428
22.4852
20.5416
31.2514
12.1514
30.6207
25.5737
14.6599
26.2143
26.2143
34.5947
34.5951
32.6463
34.5951
30.5397
26.2143
26.2143
26.2143
14.6553
30.5063
13.0993
18.8708
20.4289
20.7071
29.2115
14.6572
25.4714
28.9596
13.5462
17.0919
20.4327
13.9517
12.0546
25.4763
25.4754
25.4745
18.8793
20.4373
14.657
15.9776
13.9514
20.4525
14.6573
25.4971
17.1156
30.5377
12.4331
28.9869
26.2143
26.2143
26.2143
29.191
26.2143
26.2143
34.5884
6.27
22.3315
33.0322
30.4435
23.8462
26.2143
15.9701
32.3474
34.5867
34.587
26.2143
23.8109
14.6496
14.6499
14.6502
14.6505
14.6508
15.9714
15.9717
15.972
15.9723
18.8169
15.973
30.4598
14.6533
34.5905
32.6511
26.2143
26.2143
26.2143
34.5871
34.5874
26.2143
26.2143
14.6486
26.2143
13.0912
20.5144
14.6481
16.936
25.305
20.2666
28.7946
13.9582
6.27
29.0561
13.5672
20.5289
18.7228
25.3184
20.28
25.3189
26.2143
26.2143
25.2966
26.2143
14.6451
30.3323
15.966
25.2891
30.3321
15.9669
34.5838
15.9675
32.6578
26.2143
34.583
26.2143
26.2143
26.2143
34.58
26.2143
26.2143
13.0846
20.3692
30.2138
28.9094
14.6421
14.6424
18.5814
20.1394
25.1783
25.1775
15.9642
11.7707
20.1428
12.0499
15.963
7.59
14.6419
34.5791
26.2143
26.2143
32.6653
26.2143
26.2143
26.2143
34.5738
26.2143
30.123
30.1202
13.0801
14.637
18.4907
15.9579
20.2815
28.8328
20.0506
28.5785
25.0866
16.724
14.638
13.5838
13.9655
25.0993
11.6952
20.0612
25.1
18.5051
20.0632
15.9584
14.402
15.959
26.2143
26.2143
34.5738
34.5741
26.2143
26.2143
32.6707
26.2143
30.0503
34.5712
30.0387
20.1775
28.7352
14.6352
18.4021
28.4866
15.9564
13.0797
25.0039
19.9658
16.6445
18.4085
13.5873
13.9668
12.4497
34.5723
26.2143
32.6714
26.2143
26.2143
20.1331
28.4436
15.9529
11.8407
34.5691
15.9528
14.6328
34.57
26.2143
26.2143
26.2143
26.2143
26.2143
19.8737
18.3184
33.0114
14.6292
24.9149
24.9143
28.4026
19.8735
28.654
12.4537
14.6305
19.8845
24.9234
29.9664
26.2143
26.2143
34.5665
34.5668
26.2143
26.2143
32.6784
26.2143
29.863
34.5641
29.8518
19.9756
14.6278
18.2182
28.5552
13.072
15.9492
28.309
19.7801
24.819
16.4653
24.8166
18.2218
13.601
14.6295
13.9717
19.7951
18.2398
24.8355
11.7246
15.9498
7.59
14.6287
24.8464
24.8458
34.5665
11.4431
19.8012
26.2143
26.2143
26.2143
26.2143
34.5621
26.2143
14.6245
33.0073
19.9601
24.7968
28.5375
19.7561
28.2839
24.7926
24.792
24.7915
16.4407
26.2143
19.7418
26.2143
19.7335
12.4587
26.2143
34.5602
34.5605
26.2143
26.2143
26.2143
11.6067
15.9404
7.59
14.6194
15.94
34.5569
26.2143
26.2143
26.2143
18.095
26.2143
19.6455
34.5539
26.2143
24.6707
32.9991
14.6169
26.2143
26.2143
26.2143
34.5512
34.5515
32.6929
34.5515
26.2143
13.0573
26.2143
26.2143
29.6015
13.6365
13.9847
15.9323
14.3759
17.9781
24.5739
15.9334
24.5769
24.5764
19.5383
19.5398
24.5789
29.6217
26.2143
26.2143
26.2143
34.5491
14.6124
13.0561
14.613
26.2143
26.2143
34.5483
32.6965
34.5484
34.5486
26.2143
26.2143
29.5011
26.2143
29.4894
14.6097
13.0533
24.4547
11.0777
24.4546
19.4165
17.8613
19.4195
15.931
11.383
14.6103
15.9309
14.6108
7.59
34.5471
26.2143
34.5464
34.5467
26.2143
26.2143
29.451
26.2143
26.2143
26.2143
13.0489
29.4244
14.6061
17.79
15.927
14.607
19.5254
28.1361
19.3559
27.8835
24.3929
16.0606
13.6476
17.8015
15.9279
15.9282
14.6082
22.8601
16.0788
19.3718
27.8994
28.1489
12.4717
19.5453
17.8198
13.6452
13.9877
26.2143
26.2143
26.2143
29.4389
26.2143
34.5415
26.2143
26.2143
14.6029
24.3486
32.7056
6.27
19.3044
24.3437
15.9233
24.3467
24.3464
10.976
11.2804
15.9225
19.3126
7.59
14.6018
34.5391
24.3533
19.3152
24.3545
19.3163
17.7612
22.8016
15.7476
13.0471
14.604
19.336
19.3375
24.3768
24.3764
19.3383
17.7831
19.3412
17.786
19.5112
28.1234
22.8255
27.869
19.3407
16.0488
12.4734
24.3848
19.3466
15.927
19.3514
24.3907
24.3904
17.7955
19.3537
19.3552
17.7999
16.0634
22.8389
24.394
24.3936
19.3555
34.483
19.3529
24.3922
14.6099
24.3988
16.3287
24.8708
19.3588
22.8426
19.3599
19.3614
15.9312
24.404
24.4036
19.3654
13.7897
15.9325
15.9328
15.933
24.4215
24.4211
28.1612
16.0812
19.5577
19.3804
17.8252
12.4678
26.2143
26.2143
26.2143
24.399
13.6407
13.9861
34.547
34.5473
26.2143
19.335
26.2143
26.2143
29.3924
24.3472
14.6087
32.6995
29.3833
34.5459
6.27
7.59
11.2647
34.5438
14.6072
15.9277
26.2143
26.2143
26.2143
34.542
26.2143
26.2143
19.2636
17.7083
32.9866
24.2986
14.6047
24.3052
34.5421
24.2991
15.9694
27.7856
28.0352
12.4744
13.653
13.9904
19.4341
26.2143
26.2143
29.3353
26.2143
14.6021
26.2143
26.2143
26.2143
17.6536
34.5369
34.5372
32.7089
34.5372
24.2086
29.2512
6.27
19.1741
24.2135
13.0441
19.1804
22.6641
13.778
15.9221
15.9223
15.9226
17.6415
27.9774
27.7237
17.6388
24.2349
15.907
22.6775
15.9235
17.6415
15.924
14.604
14.6042
14.6045
15.747
14.3601
15.9244
7.59
14.6035
34.5407
15.9243
26.2143
26.2143
26.2143
26.2143
34.5378
19.2041
17.6489
26.2143
32.9833
14.6011
24.2394
14.6016
34.5388
24.2403
34.3282
16.179
24.7049
24.2346
22.6786
14.6027
15.914
29.2823
7.59
28.269
14.6015
26.3336
24.2411
24.2408
14.6019
34.4131
19.2051
29.2875
29.2854
19.2025
34.33
13.0466
20.9597
24.2399
24.2396
24.2393
19.201
17.6458
19.2039
19.3686
17.6499
27.986
27.7322
22.6863
15.9126
24.2402
19.202
12.4748
19.2095
14.6048
14.3596
14.6047
14.605
14.6052
13.0488
14.6057
15.9263
24.2927
19.2544
29.3368
15.961
14.6061
22.7396
24.2949
24.7668
24.2941
24.2938
34.3818
14.6078
7.59
28.3086
24.2961
22.7402
26.3743
15.9618
24.2915
14.6067
29.3408
34.4499
29.3346
14.6073
24.2961
29.3389
19.2558
34.3835
13.052
21.0078
24.2932
24.2929
16.2258
24.7641
24.2909
22.735
15.9581
29.332
14.6079
24.2935
7.59
14.6076
28.3098
14.6078
19.268
26.385
24.3048
34.4564
19.2624
29.3448
29.3428
19.2597
29.3422
19.2591
15.9652
22.7415
24.2968
14.6092
34.3896
14.6097
24.3041
24.3038
13.0538
16.2379
24.7809
34.5471
24.2996
16.2289
24.7719
34.386
14.6105
24.3004
22.7445
7.59
28.3013
15.9655
29.3413
26.3711
14.6094
24.3001
34.4478
29.3388
14.61
24.3002
19.2619
29.3444
34.3876
21.0047
13.0538
19.2593
14.6109
15.9685
29.3451
22.7444
14.6108
24.3061
24.3058
34.3939
19.2639
24.3032
24.3029
24.7777
16.2287
24.3011
15.9648
29.3425
34.3858
24.2938
24.2935
19.2552
24.2946
16.2203
24.768
14.6124
19.2611
14.6129
14.6131
14.6134
7.59
28.3112
26.3869
17.7204
19.2784
22.7622
19.2795
24.3188
24.3185
15.9342
19.2832
24.3226
13.7927
15.9351
15.9354
15.9356
17.7429
13.0592
6.27
14.6152
29.3983
22.7976
24.3528
24.3525
19.3142
34.442
24.3499
24.3496
19.3113
14.6176
16.2749
24.8331
14.6174
14.6176
28.3428
19.3276
17.7722
19.3303
15.9388
19.3346
13.7976
15.9395
15.9397
15.9399
24.389
15.9404
22.8361
16.0471
29.4332
34.4765
24.3843
24.384
19.3457
24.385
16.2972
24.8626
19.3451
14.6209
14.6212
14.6214
7.59
28.3701
26.4573
13.0639
14.6207
16.3239
24.4098
24.4095
34.4978
14.6211
7.59
28.3798
34.5575
15.9411
14.3846
33.3983
34.5576
31.9415
29.4239
32.0175
33.9382
34.5573
24.3428
17.7477
26.2143
34.5572
26.2143
19.2817
22.7655
26.2143
19.2749
22.7587
15.9401
29.3601
21.0152
14.6194
21.0174
22.7581
22.7578
29.3563
34.5565
24.3061
29.3489
29.347
14.6205
23.649
24.7554
14.3846
15.9415
13.0648
13.0651
13.0653
25.2273
10.9391
22.7725
29.371
21.0246
24.323
29.3659
34.5584
14.3853
15.9422
14.6221
29.3708
29.3689
23.665
24.7721
13.0665
13.0667
13.0669
34.5607
34.561
15.9446
14.3881
33.396
34.5611
31.9386
29.346
32.0151
33.9448
34.5608
24.2659
17.6708
26.2143
34.5607
26.2143
19.2053
22.689
26.2143
19.1987
22.6824
15.9436
29.2838
20.9355
14.623
15.9435
24.2434
13.067
22.6919
22.6917
34.5612
29.2852
20.9358
29.2805
14.6242
29.2847
34.5616
33.3959
31.9386
33.9452
32.0153
34.5605
34.5607
17.5748
29.2139
26.2143
29.203
34.5609
19.1135
26.2143
22.5896
24.1452
29.1879
20.8392
29.1833
19.1004
19.1018
26.2143
26.2143
34.5595
34.5597
32.016
33.9424
31.9401
33.3976
22.5382
15.8559
28.3083
34.2403
29.0975
22.4969
29.0955
22.495
34.5589
29.0886
29.0869
14.6226
23.3895
24.4967
31.9397
34.5597
33.3972
34.5594
33.9427
26.2143
34.5589
26.2143
26.2143
29.0081
34.5578
17.3639
18.922
18.9234
22.4409
28.2093
19.1093
34.1441
15.7545
14.6212
23.9633
15.9419
15.6201
27.453
12.456
6.27
29.0136
34.5576
23.3052
24.4118
29.0065
20.6607
13.064
26.2143
26.2143
26.2143
33.9348
32.019
34.555
31.9436
33.4004
34.5544
17.2823
18.8403
18.8417
22.3592
15.6825
28.1352
34.0603
34.5546
26.2143
26.2143
18.8171
22.3006
23.8566
28.8991
20.5574
28.8947
18.8122
17.2569
15.9375
20.5586
22.2974
22.2972
28.8958
34.5542
23.8469
28.8893
28.8876
14.6182
23.1898
24.2956
15.506
23.8478
34.0286
6.27
28.1021
14.6172
22.3279
12.4602
27.3419
18.9996
23.8536
34.0344
6.27
28.1081
22.3292
14.6173
27.3436
12.4601
15.661
26.2143
18.8132
26.2143
26.2143
34.5518
34.552
14.3789
34.5525
28.8594
23.8152
32.0206
33.4019
31.9462
33.9281
6.27
18.7369
34.5514
18.7337
26.2143
26.2143
34.5503
34.5506
32.0222
33.9252
31.9477
33.4036
22.1739
34.5498
17.0951
15.5012
27.9547
18.6516
28.7338
33.8687
18.6483
34.55
23.6834
18.829
27.1724
15.3448
15.9334
14.6133
13.0569
18.6554
6.27
12.4652
14.3768
23.7056
13.0569
33.4032
31.9478
32.0228
34.5495
33.924
34.5497
28.6915
26.2143
34.5494
17.038
26.2143
26.2143
15.9317
18.5851
14.3755
18.5894
15.9326
23.6321
14.6127
22.1139
18.7818
27.8991
15.4457
33.8148
22.0766
23.6329
15.2955
22.0754
18.5933
18.5948
22.9741
28.6768
28.6752
34.5503
13.0569
28.6735
24.5668
10.248
34.5502
28.6676
20.3297
28.6636
28.662
22.9579
24.0621
18.5795
17.0242
15.9343
33.9269
34.5513
26.2143
26.2143
28.6342
22.93
24.0342
34.5505
28.6279
34.5509
26.2143
26.2143
33.924
28.5962
28.5947
28.5932
22.8891
23.9934
20.255
28.589
13.0565
26.2143
26.2143
34.5488
34.549
32.0232
33.9224
31.949
33.4046
21.9526
34.5483
15.2817
27.7353
33.6458
23.4649
26.9524
32.024
33.4052
31.9504
34.5469
26.2143
33.9179
34.5464
26.2143
26.2143
23.3873
28.4293
21.8292
28.4279
21.8277
34.5462
28.4221
14.3733
23.3815
31.9505
34.5468
33.4056
34.5465
33.9185
26.2143
34.5461
21.7632
28.362
20.028
23.3162
28.3582
34.5464
26.2143
26.2143
26.2143
33.9144
32.0265
34.5441
31.9528
33.4076
21.714
15.0568
26.2143
26.2143
34.5417
34.5419
32.0281
33.9093
31.9549
33.4093
34.541
21.6367
14.9831
27.4377
33.3333
15.924
23.1584
13.0474
9.79074
24.1534
14.8346
33.3372
18.3009
27.4397
21.6022
21.6023
14.3668
15.9237
28.2067
19.8788
28.2031
34.5402
27.4338
23.1538
21.631
14.8253
18.2945
26.6415
14.9788
18.1153
6.27444
14.3658
23.1617
13.046
21.6094
21.6095
34.5402
28.2038
19.8761
14.6029
28.206
33.4101
34.5398
31.9564
28.1781
33.9061
32.0295
34.5396
34.5398
16.5052
28.1437
26.2143
18.0542
34.5399
28.1304
18.0488
26.2143
12.4774
21.5296
21.5297
18.0479
33.4101
28.1192
34.5401
32.0294
31.9566
34.5395
33.9057
26.2143
26.2143
34.5384
26.2143
13.0443
16.4145
14.6014
17.9771
18.1581
21.4958
17.9801
33.1946
23.0174
27.2969
14.6882
14.843
12.4795
14.3645
15.9214
15.9216
26.5152
6.27506
23.4686
28.0721
28.0708
34.5386
28.0654
13.0454
24.024
13.0456
9.66198
19.7501
28.0724
28.0711
21.4714
23.0282
14.6019
28.0757
34.5392
31.5609
17.9874
26.2143
34.5391
21.4617
23.0185
14.3664
15.9233
17.9858
16.4306
15.9239
17.9916
9.94626
32.0291
33.4102
31.9567
34.5394
26.2143
33.9042
34.539
26.2143
26.2143
28.0054
34.538
16.3632
13.0449
17.9257
21.443
17.9273
27.2474
18.1066
33.1414
14.6022
14.7954
22.9693
14.6421
15.9217
26.4584
12.4787
15.9219
14.3654
6.27488
32.0307
31.9582
34.5377
34.5379
33.9027
27.9802
26.2143
34.5377
34.5379
26.2143
26.2143
16.3126
13.0433
17.875
17.8765
21.3938
14.6008
18.0616
27.2046
33.0945
14.7472
22.9187
14.593
15.9201
15.9203
14.3638
26.4135
12.48
6.27577
32.0317
34.5364
22.9132
17.8747
17.8762
17.8777
26.4047
21.3599
27.1992
14.7447
33.0893
21.3902
15.9206
22.916
14.5902
16.32
18.0572
6.27585
26.2143
26.2143
17.8707
21.3541
22.911
31.9599
32.0325
34.5353
26.2143
34.5348
33.4136
26.2143
16.2576
26.2143
34.5334
34.5336
6.27787
12.4852
14.5249
17.9842
14.5956
22.8513
34.5329
15.9165
14.36
33.4146
34.5331
31.9621
27.8697
32.0342
33.8931
34.5329
22.7985
16.2032
26.2143
34.5328
26.2143
17.7427
21.2262
26.2143
17.7382
21.2218
15.9158
27.8229
19.503
14.5953
34.5324
26.2143
26.2143
34.5313
33.8907
32.0354
31.964
33.4164
34.5304
16.1166
27.7548
17.6736
34.5312
21.1872
17.6715
14.5505
27.0064
32.8822
22.7083
17.8465
15.9147
13.038
26.2035
14.3953
14.5943
17.6805
12.487
6.27918
15.9143
14.3578
15.9147
22.7365
13.0382
21.1842
21.1843
27.7826
14.419
22.7394
6.27
21.1875
27.7857
19.4669
22.7412
27.7827
34.5316
14.3585
15.9153
14.5952
27.7889
27.7877
22.0823
23.1811
13.0394
13.0396
13.0398
34.5336
27.0448
22.7537
21.231
14.4317
17.8921
26.2414
14.5896
17.7156
26.2143
6.27862
14.3586
22.756
27.7976
22.092
23.1908
34.5328
27.7928
19.4727
13.0389
27.7938
13.0393
23.7882
9.3923
27.7987
22.7561
27.7977
34.533
22.7514
17.7128
17.7143
17.7158
26.2427
21.1981
27.0434
14.5885
32.9264
21.2287
15.9172
22.7545
14.432
16.1586
17.8944
6.27783
26.2143
26.2143
26.2143
26.2143
34.5307
34.5309
32.0357
33.8893
31.9643
33.4166
27.7249
31.2144
34.5305
26.2143
31.9649
32.0366
34.5294
26.2143
34.5289
33.4175
26.2143
16.0209
26.2143
34.5276
34.5278
17.5645
27.6461
17.565
13.035
15.9121
21.0893
14.4553
26.9116
32.7819
17.746
22.6105
15.9121
26.1
14.3558
14.5923
14.3011
14.5919
15.9124
23.6801
27.6667
13.0358
22.6284
27.6699
23.062
21.9643
34.5302
27.6653
27.6642
31.1537
13.0374
34.5312
34.5314
14.5946
14.5948
26.2143
34.5313
32.8075
14.358
22.6176
26.1043
14.4552
26.9109
17.5771
17.5786
32.7903
21.0935
22.6166
14.2961
21.0594
17.7544
6.27911
15.9144
16.0283
21.0686
16.03
17.5881
17.5896
15.9156
17.5938
9.95236
17.5988
15.9158
17.603
21.0866
21.0868
14.3599
15.9167
27.6905
19.3698
27.6875
14.5964
13.0399
34.5337
27.6921
27.691
21.9858
23.0852
15.9178
17.6127
17.6142
16.059
22.6559
15.9188
14.3623
17.6228
17.6242
9.94974
17.6291
15.9194
17.6333
17.6348
16.0795
14.5998
15.9203
34.5371
31.2115
26.2143
32.8503
34.5368
32.7531
24.4278
27.7023
22.6599
27.7014
17.6202
7.59
23.6735
14.3633
17.6262
17.6277
17.6291
26.156
21.1116
15.9211
26.9532
32.8432
14.4964
21.1451
22.6681
16.0728
14.3434
6.27591
17.8123
15.92
26.2143
19.39
27.7102
21.111
34.536
27.7057
21.1065
22.6634
27.7049
13.0433
27.7091
22.0044
23.1047
15.9209
14.3644
14.7296
23.6798
13.0444
14.6012
14.365
17.6478
21.1314
22.6883
14.3657
15.9226
16.0983
19.4111
21.1366
21.1368
27.7351
34.5396
27.7304
27.7293
34.5401
26.2143
32.7656
24.4377
34.5392
31.2019
17.6288
34.5398
7.59
27.7087
22.6663
13.506
32.03
31.9573
34.5387
34.5389
33.9045
27.6698
26.2143
34.5387
34.5389
26.2143
26.2143
16.0056
13.0444
17.5677
17.5691
21.0866
14.6018
17.7543
26.8949
32.7873
14.4383
14.2847
26.0977
15.9212
17.5738
17.5753
17.5767
17.5781
9.94782
17.5829
17.5844
11.1725
17.7686
22.6293
32.8035
6.27492
26.9117
21.106
14.6012
26.1195
12.4789
26.2143
34.5378
27.6627
15.9215
21.0663
15.9218
17.587
17.5884
17.5898
9.94749
17.5946
15.9224
14.6023
14.3661
22.644
13.0462
31.9564
34.5397
33.4103
33.9053
12.4777
32.7035
32.7859
26.2143
34.5389
17.5654
34.5392
7.59
31.136
13.5065
17.565
21.0486
22.6055
15.9225
17.5695
16.0142
15.923
33.906
27.6466
9.23268
22.6049
27.6464
13.0463
34.54
31.1363
14.2731
22.6016
32.7762
6.27419
26.8817
14.6023
21.0821
12.4776
26.0953
34.5396
27.6455
19.3186
27.6426
27.6416
21.9374
23.0385
21.0428
21.043
13.0467
14.6035
15.924
14.6039
14.6041
15.9246
15.9247
27.6656
21.0665
27.6647
21.0657
34.5423
22.6192
34.5426
32.7797
34.5427
31.1419
32.6943
24.3631
26.2143
26.2143
34.5414
34.5416
32.0283
33.9088
31.9551
33.4094
21.02
14.3669
26.8211
32.7168
20.9833
22.5402
27.5816
19.254
27.5789
34.5404
32.7078
21.0082
26.0177
14.3539
22.5309
14.2017
17.6717
17.493
24.2937
32.701
34.5397
26.2143
17.4814
34.5395
7.59
31.052
34.5392
15.9228
15.9229
14.3455
26.8
26.0056
32.6921
26.2143
22.5105
26.2143
26.2143
17.639
14.1736
17.4606
22.9388
27.5423
27.5413
34.5378
27.5369
17.4558
13.5069
13.0443
27.5432
34.5383
21.8356
22.9363
27.5391
19.2135
13.0447
15.9218
17.4627
17.4641
15.9223
9.94755
14.1827
32.6835
17.6479
26.7898
14.3648
15.9216
14.6015
32.0304
33.4114
31.9582
34.5376
26.2143
33.9011
34.5373
26.2143
26.2143
27.4973
34.5365
15.8562
13.0432
17.4181
20.9356
17.4197
26.7426
17.5987
32.6333
14.6004
14.2907
22.4622
14.1364
25.9483
26.2143
34.5363
32.6319
30.9829
32.5354
24.2108
34.5361
27.4818
17.4007
22.4411
7.59
27.4842
26.2143
26.2143
26.2143
33.8965
32.0331
34.5344
31.961
33.414
15.788
17.3461
27.4275
27.4266
27.4256
21.721
22.8205
19.1042
27.4233
17.3424
17.3438
17.3452
15.9184
9.95037
17.3524
17.3538
21.7316
27.4355
27.4345
34.5358
13.0424
27.434
23.4051
9.0241
27.4338
22.3918
27.4331
17.3521
17.3535
33.8999
15.9199
34.5368
26.2143
26.2143
31.9599
32.0325
26.2143
34.5346
33.4137
32.0333
33.4142
34.5337
33.895
34.5339
26.2143
34.5335
26.2143
34.5331
26.2143
27.3136
15.6761
15.9164
14.5963
15.9167
15.9169
13.0401
33.4143
31.9619
32.0341
34.533
33.8937
34.5332
27.284
26.2143
7.59
32.324
24.0036
13.5113
32.4244
13.0379
34.5317
26.2143
34.5313
33.4159
27.2586
34.5313
32.0354
31.964
34.5309
33.8899
26.2143
26.2143
34.53
26.2143
13.036
15.9131
9.95433
17.1312
15.9131
17.1352
15.5799
27.2179
27.2171
23.2216
34.5306
8.80964
30.7044
34.5304
34.5305
26.2143
15.9135
14.357
15.9138
17.1294
15.5741
17.1322
9.95339
15.9142
15.9144
17.142
17.1434
17.1449
15.915
15.9152
17.1514
17.1528
15.5975
15.9159
33.8929
34.5328
26.2143
26.2143
26.2143
31.9638
32.0357
14.5937
33.4163
34.5305
15.914
15.9141
15.9143
14.5942
14.5943
14.3581
14.5947
15.9151
15.9153
22.1736
15.9156
14.5955
13.039
7.59
17.1465
13.0388
14.5956
23.962
32.2778
32.3773
34.5323
26.2143
34.5319
30.7087
15.9155
15.9157
14.5956
14.5957
14.3595
14.5961
15.9165
14.5964
15.9169
15.917
22.2074
34.534
15.9175
14.361
33.4138
34.5342
31.9612
27.23
32.0334
33.8952
34.534
22.1647
15.5692
26.2143
34.5339
26.2143
17.112
20.5958
26.2143
17.1087
20.5925
15.917
27.1928
18.8722
14.5965
13.04
33.4144
31.962
32.0342
34.5328
33.8934
34.533
27.1539
26.2143
34.5328
15.5063
26.2143
26.2143
15.9154
17.057
14.359
17.061
15.916
22.104
14.5961
20.5851
17.2467
26.399
13.9445
32.2805
20.5504
22.1073
13.7853
20.5505
13.7856
22.1071
32.2787
6.27858
26.4003
14.5948
20.5878
12.4866
25.6004
26.2143
13.9474
26.2143
26.2143
34.53
34.5302
34.5303
27.1234
32.0359
33.4167
31.9649
17.0187
33.8879
14.3566
22.0541
6.27
34.5298
15.4596
17.0177
31.9647
32.0364
34.5297
26.2143
34.5293
33.4172
26.2143
15.4161
26.2143
34.5282
34.5284
16.9622
27.0434
16.9628
13.0354
15.9125
20.4867
13.8519
26.3077
32.1794
17.1442
22.0088
15.9125
25.4975
14.3561
14.5927
13.6979
14.5923
15.9128
20.4659
20.4662
14.3566
15.9134
27.0689
18.7519
27.0666
14.5931
13.0366
34.5303
27.0711
27.0703
34.5308
21.3626
22.461
26.2143
26.2143
26.2143
33.8873
32.0367
34.5293
31.9653
33.4174
15.3764
16.9345
20.4522
26.2719
18.6999
20.4159
20.4163
27.0139
34.529
27.0101
27.0093
21.3045
16.929
16.9304
33.888
15.9134
34.5302
26.2143
26.2143
31.9655
32.037
26.2143
34.5282
33.418
34.528
34.5282
13.0347
26.9529
20.3887
14.5918
13.7584
15.9119
26.2165
15.9118
32.09
25.4041
14.3555
21.9199
17.0571
14.3559
14.3561
16.8874
16.8888
16.8902
20.3741
15.9135
14.357
21.9361
13.0371
20.3832
20.3836
26.9812
18.6633
20.3816
26.9793
18.6615
21.9364
26.9773
34.5309
26.9736
15.9146
14.358
14.5946
21.9408
16.9019
16.9033
16.9047
25.4312
20.3878
26.2354
13.7809
32.1154
20.4196
15.9155
21.9453
13.6237
15.3493
17.0845
6.2787
26.2143
26.2143
34.5307
26.9791
18.6615
26.9769
26.9761
21.2715
22.3699
20.3785
20.3788
14.5944
21.9405
13.0381
13.0382
22.9869
8.585
14.3581
21.9522
25.4385
13.7899
26.2453
16.9122
16.9136
32.125
20.4294
21.9525
20.3961
15.9154
32.0348
33.4156
34.5316
33.8912
34.5318
26.2143
34.5314
26.2143
34.5311
26.2143
26.9403
15.3031
16.8612
21.2386
26.9426
26.9419
34.5316
13.0382
26.9417
22.9378
8.53634
13.0379
26.9464
21.9051
26.2143
26.2143
34.531
34.5311
32.0355
33.8898
31.964
33.4163
34.5304
15.254
20.3285
26.8922
16.8117
34.5312
13.6884
26.1438
16.8099
32.021
21.8486
16.9864
25.3361
13.5288
15.9142
16.8124
22.896
26.8937
13.0377
21.8559
26.8968
22.2908
21.1926
34.5319
30.3843
16.8121
16.8135
16.8149
20.2988
15.9162
22.2941
26.899
26.8983
34.5334
26.8947
13.0401
22.8837
8.49102
26.8983
21.1942
22.2935
34.5337
26.8953
13.0404
13.0406
22.8862
31.9612
34.5341
33.414
34.5339
33.8954
26.2143
34.5336
26.2143
26.2143
26.8509
34.5329
15.2109
26.8487
26.848
13.6423
26.0973
20.2836
16.7675
31.9794
14.3599
21.8087
8.44332
22.2456
21.1471
22.8411
26.851
26.8503
26.8495
34.5336
21.8055
26.8463
26.8456
13.0407
14.5975
14.5976
26.2143
26.2143
34.5337
34.5338
32.0336
33.8947
31.9617
33.4145
34.5332
15.1656
16.7237
26.8048
34.5338
15.9173
20.2066
15.9176
16.7268
16.7282
18.4887
26.8079
20.21
34.5345
26.8047
20.2068
21.7639
26.8046
13.0417
26.8085
21.1048
22.2047
22.7838
13.0422
15.9192
16.7346
16.736
15.9197
9.94942
16.7428
16.7442
16.7456
12.481
16.9289
13.4646
26.8308
34.5363
34.5365
16.7396
20.2236
21.7806
15.9204
34.5372
26.2143
26.2143
34.5363
33.8998
32.0318
31.9595
33.4128
34.5357
15.1347
34.536
26.7697
8.36001
21.7293
26.7701
13.0425
34.5362
22.1671
21.0675
30.2612
34.5367
34.5369
16.6837
16.6851
16.6864
16.6878
11.1732
14.6004
26.0178
21.7348
20.2123
13.4085
16.8748
25.2222
14.6003
14.3641
14.6006
16.7057
16.7071
16.7085
26.7895
26.7889
26.7882
21.085
22.1858
18.4634
26.7867
15.9218
16.7087
16.71
16.7114
14.6021
15.9225
14.6024
14.6025
22.7603
26.8063
26.8056
30.2955
34.5401
21.76
31.934
20.2357
25.2446
13.582
21.759
13.4293
16.7197
15.9235
21.7627
20.2063
20.2067
14.3674
15.9242
13.5918
26.0456
25.2539
31.9412
20.209
21.766
26.8068
18.4792
26.8047
16.7243
15.169
16.727
9.94603
15.9242
13.4425
16.9136
21.7739
16.735
15.1796
15.9244
33.9084
34.5412
26.2143
26.2143
26.2143
32.0295
26.7876
26.787
22.7392
34.5398
8.37098
30.275
34.5396
34.5398
26.2143
31.9042
16.6923
16.6936
11.1718
16.6979
16.6992
14.6027
15.9231
16.7073
8.37557
15.9229
15.9231
16.7141
16.7154
15.1601
15.9237
16.7205
15.1651
15.9241
33.9079
20.2012
15.1623
16.7203
16.7216
15.9249
16.7253
21.766
14.3686
9.9453
16.7323
15.9254
16.7359
16.7373
15.9258
15.9259
14.6058
14.6059
21.7903
26.8311
34.5433
22.7614
30.3185
8.40975
34.5431
34.5433
26.2143
32.0274
31.9541
34.5424
34.5425
33.9112
26.7866
26.2143
34.5424
34.5425
26.2143
26.2143
26.2143
34.5412
31.8854
30.2482
31.8012
23.4723
34.541
26.7493
16.6689
21.7095
7.59
26.752
13.0477
22.7002
8.34164
13.5051
13.047
22.1608
21.0598
16.6825
16.6839
16.6852
11.1706
16.6894
14.6043
15.9247
15.9249
16.6997
8.36622
16.7017
15.9248
9.94568
16.7083
14.6045
34.5416
30.2806
26.2143
31.9107
34.5413
31.8258
23.4968
21.7361
26.7768
22.7207
34.5414
8.35933
30.265
34.5412
13.0478
13.0479
26.2143
22.1736
34.5412
21.0699
26.7723
31.8968
26.7697
31.8143
23.4851
34.5413
26.7624
15.925
16.6843
15.9253
14.3687
16.6903
16.6916
14.6055
11.1697
14.369
15.9258
15.926
15.9261
14.606
14.6061
14.3699
14.6064
15.9268
15.927
21.7673
16.7283
16.7296
16.7309
15.9277
9.94356
16.7374
16.7387
15.1833
16.7413
16.7426
11.168
16.7467
16.748
16.7493
16.7506
15.9286
11.1677
16.7571
14.6083
16.7626
9.94282
15.9286
15.9287
15.9289
34.5457
34.5458
26.2143
26.2143
34.545
31.0174
26.8301
26.0623
26.7922
24.6777
21.7861
15.1923
14.608
15.9285
15.9286
16.7561
16.7574
15.929
15.9292
16.7633
15.2079
15.9296
16.7681
20.252
16.7697
11.1667
16.7738
16.7751
16.7764
16.7777
16.7789
8.43998
15.9301
14.6099
34.547
26.2143
26.2143
34.5462
31.0163
26.8466
21.8055
26.0769
26.811
21.8038
24.6916
15.9295
15.9297
15.9298
9.94202
16.7735
15.9298
7.59
31.9039
23.5702
13.5017
31.9727
13.0518
34.5456
26.2143
34.5452
30.34
34.5455
26.845
26.2143
26.0707
34.545
26.798
26.2143
24.68
34.5446
34.5447
21.7829
26.8237
21.7825
15.1887
15.9288
15.9289
14.6087
34.5458
26.2143
31.8719
23.5389
34.5451
30.3107
16.7386
34.5456
7.59
26.8187
21.7776
26.8184
13.0521
13.5017
22.747
13.0519
8.40856
34.5451
26.2143
34.5448
26.8155
31.0175
34.5449
21.7669
26.0404
21.7661
26.7712
24.6558
15.9283
15.9284
13.4345
21.7689
13.5024
7.59
13.0505
14.6073
16.7397
23.5359
31.8639
31.9363
34.5441
34.5442
16.7301
16.7314
16.7326
16.7339
15.9283
8.3993
11.1683
16.7408
34.5445
26.2143
26.2143
31.0187
26.8053
34.5436
26.0362
15.9268
14.6066
14.3704
23.5234
31.9266
34.5433
26.2143
16.718
34.5431
7.59
30.2889
34.5429
13.5036
26.7958
13.0493
21.7579
13.0496
26.8028
22.736
31.0189
26.2143
34.5428
34.5429
26.0245
34.5427
21.7442
26.7464
26.7842
24.6373
21.7422
15.9266
15.9267
15.1528
14.6067
15.9271
15.9273
14.738
14.6072
15.9276
14.6075
15.9279
15.928
14.3715
14.608
15.9285
14.6083
14.6084
8.40972
16.7489
15.9285
16.7523
16.7536
14.6086
14.3724
11.1674
16.7639
14.3724
15.9292
26.8151
24.6962
31.0167
26.2143
34.5453
26.2143
15.1957
34.5451
34.5452
21.786
14.6086
21.7894
26.8303
15.9293
15.9294
14.3729
14.373
14.3731
15.93
15.9301
15.9302
8.42722
15.9299
14.3733
34.5468
26.2143
34.5465
26.2143
21.7965
34.5463
31.949
34.5463
30.3212
31.8742
23.5402
34.5463
26.8226
16.742
21.7826
14.6099
13.0534
13.5008
13.9011
7.59
16.757
15.9298
31.8857
31.9523
26.2143
34.5462
16.7514
34.5464
7.59
30.3223
34.5462
13.5013
26.8293
21.7881
13.0528
26.833
22.7498
14.6097
24.6816
26.8014
26.0642
14.373
31.0162
14.373
26.2143
14.3727
34.5461
34.5463
26.2143
21.7792
21.7795
34.5462
15.9297
15.9299
26.8221
16.7416
13.501
31.8699
23.5358
13.0527
31.938
34.5463
26.2143
34.546
30.3046
13.0527
14.6095
34.5466
26.8161
13.0532
13.0534
13.5008
13.9011
7.59
16.7489
15.9298
15.7048
13.053
7.59
16.7589
13.0528
14.6096
23.5592
31.8895
31.9569
34.5463
26.2143
34.5459
30.3234
26.7971
26.0613
31.0167
15.19
26.2143
34.5454
14.6086
26.2143
34.5452
21.7736
34.5455
21.7714
26.8122
15.9293
15.9294
14.3728
14.373
14.3731
15.1876
15.9301
21.7851
15.9303
16.7482
13.9003
34.5472
21.7892
26.2143
26.2143
34.5466
31.016
26.814
15.93
15.9302
21.7772
15.9304
14.6103
15.9307
15.7067
16.7474
15.931
14.6108
14.611
13.0545
15.9315
21.8015
34.5484
34.5486
26.2143
26.2143
31.015
34.5476
26.8205
26.0481
26.7868
24.6622
15.9309
15.931
21.7809
15.1871
14.6111
15.9315
26.2143
26.8251
26.2143
34.5475
21.7748
34.5478
31.0149
26.037
21.7669
26.7758
24.6512
14.7427
15.9309
14.6108
14.6109
15.9313
14.6112
14.7437
14.6114
15.9318
14.6116
15.9321
14.7445
14.612
15.7102
16.7676
13.8969
15.9325
14.6123
14.6125
13.056
21.8231
16.784
14.3766
21.8267
29.5813
34.55
26.8568
28.5357
27.5328
30.9224
34.5503
20.236
20.2363
26.2143
20.2317
26.2143
21.7839
34.55
26.2143
16.7366
26.8177
18.4813
16.736
14.6127
14.6128
26.2143
34.5495
26.2143
27.5341
28.5279
34.549
30.9214
29.582
25.2271
34.5492
21.7364
26.7772
20.4443
14.1001
16.6956
31.9871
20.1769
25.2197
21.7333
15.1375
21.7348
16.6957
13.3969
14.6125
14.3762
16.7017
7.58693
6.27
14.3762
16.7104
16.7116
28.5335
27.5332
26.2143
29.582
34.5491
26.2143
21.7214
20.165
34.549
26.2143
34.5487
16.6685
21.7091
26.7499
16.6694
14.376
25.1979
14.0759
20.4199
31.9872
16.6684
25.1948
21.7084
15.1126
14.6126
13.3737
14.3759
15.9327
21.7168
15.933
26.7597
20.1619
20.1622
34.5501
34.5503
26.7549
26.7543
14.6137
21.7171
25.8082
26.7573
14.3778
16.6789
14.6145
15.9349
14.3783
26.768
8.34254
20.2687
25.8187
26.7677
26.7671
34.552
34.5521
15.9356
26.7638
14.6155
18.4287
8.34079
26.7666
20.2666
25.2115
26.7657
32.9976
31.8081
14.3792
16.6833
25.2097
20.4262
14.0814
31.983
16.6802
25.2067
21.7203
16.6811
20.165
16.6826
14.3797
25.2111
20.2659
31.8109
32.9989
26.7616
8.33425
34.5534
32.9988
26.2143
26.3171
14.616
15.9364
26.758
27.5841
20.4177
21.7139
25.2
25.1994
15.1169
13.3715
14.0728
16.6745
26.2143
26.2143
34.5517
14.3785
6.27
26.2143
16.6628
14.6143
16.6669
16.6681
28.5455
29.5803
34.5514
34.5515
26.2143
30.9234
26.2143
34.5509
26.2143
34.5506
26.7021
26.7016
25.7513
26.7004
18.3627
16.6188
20.1027
16.6203
14.3778
27.5316
29.5806
34.551
34.5511
30.9234
26.2143
26.2143
34.5505
26.2143
26.6597
21.6187
21.6191
20.0627
16.5802
26.6613
26.6607
26.6601
34.5512
34.5513
15.9348
14.6146
26.6608
8.23544
20.1616
16.5813
16.5825
16.5837
14.3785
16.5869
14.3788
16.5902
16.5914
21.632
16.5928
9.84622
16.5965
26.2143
26.2143
26.2143
27.5316
28.5419
30.9234
29.5806
34.551
34.5512
25.0767
21.5905
16.5513
20.0353
26.6327
13.9519
20.2963
31.9842
21.5882
25.0742
16.5485
21.5891
14.9933
13.249
14.6146
16.5538
34.5518
26.1979
32.997
26.6285
32.9972
27.4543
31.6691
26.6222
25.067
15.9354
7.59
31.9838
26.6222
26.1871
26.2143
32.9965
34.5513
15.9348
7.59
32.9964
31.659
9.57447
13.0574
16.5369
21.5775
20.0211
20.0215
26.6188
21.5779
18.2809
32.9967
26.2143
26.179
32.9962
31.6536
26.6068
27.4362
14.9678
21.5652
31.9845
6.27
20.2717
14.6134
7.58773
21.5702
16.531
16.5322
16.5334
14.6141
14.3779
29.5805
34.5511
26.6092
34.5513
34.5515
25.6545
26.6035
16.5232
20.0071
16.5247
16.5258
21.5665
14.6155
21.5697
20.0133
16.5309
9.84611
16.5345
16.5356
16.5368
14.616
25.066
26.6202
26.6196
8.19263
31.6651
32.9985
15.9367
14.6165
34.5535
26.2143
16.5369
20.0208
16.5383
30.9258
34.5537
26.2143
26.2143
26.2143
28.552
27.53
29.5797
34.5522
34.5524
25.0163
13.889
20.2336
26.5695
20.0698
15.9357
25.0166
26.5708
26.5702
31.6151
32.9983
19.969
14.3799
16.4886
16.4897
16.4909
34.5537
29.5787
26.561
27.5287
28.5599
26.2143
26.2143
30.925
21.4947
34.553
26.2143
14.3794
15.9362
9.5735
13.059
27.3638
26.5343
26.098
26.2143
16.4495
19.9335
16.451
16.4521
27.5303
28.5499
34.5523
34.5524
26.5136
26.2143
30.9244
26.2143
34.5519
26.2143
34.5516
26.2143
16.4026
21.4434
16.4041
9.84687
14.6144
19.9913
8.0662
24.9367
15.9346
26.4929
26.4923
32.997
15.9351
14.8552
16.413
16.4142
16.4154
16.4166
14.3792
19.9026
19.9029
16.4204
26.5014
18.1619
14.6158
34.5528
34.553
26.4991
14.3799
16.4208
16.422
16.4231
19.9071
16.4246
14.3806
21.4674
16.4282
16.4293
30.9266
18.1643
19.9067
19.907
34.5544
34.5545
26.4998
26.4993
16.419
16.4202
21.4609
14.6183
9.84465
16.4269
16.4281
19.9121
26.5094
18.1675
21.4675
34.5552
34.5553
15.9388
14.8692
14.6187
20.1673
13.8221
24.9541
31.979
16.4261
21.4668
14.3823
26.2143
34.5553
26.2143
26.2143
27.5277
21.4478
28.5671
34.5546
30.9269
16.3926
29.5779
34.5547
14.6179
19.8697
16.3872
26.4681
7.59352
18.1291
26.2143
34.5546
26.2143
27.528
28.5641
30.9264
29.5783
34.5541
34.5542
21.3867
24.8725
26.4267
25.4769
26.4257
34.5549
34.555
18.0798
15.9381
13.0369
14.7852
14.7863
15.938
15.9382
14.618
34.555
26.2143
25.9871
26.425
33
31.4677
27.2452
26.4192
24.864
15.9382
7.59
19.9227
26.422
9.57246
13.0608
13.0414
21.3855
31.9806
6.27
20.087
14.6165
24.8732
24.8727
7.59167
26.2143
13.7423
26.2143
34.5528
16.3382
26.2143
14.3793
16.337
6.81919
16.3415
26.4224
19.9229
26.4222
31.4671
32.9986
7.99189
34.553
32.9984
26.2143
14.6159
15.9363
25.9808
26.4158
27.2426
20.0763
13.7317
24.8579
31.9831
21.3697
16.3304
21.3711
19.8148
19.8151
26.4123
27.2391
25.9742
26.2143
32.9972
34.552
15.9355
7.59
32.9972
31.448
14.3788
21.3632
14.379
31.9828
24.8486
24.8481
21.3622
13.7209
16.323
26.2143
32.9976
26.399
34.5525
27.2241
32.9976
31.4378
15.9359
7.59
26.3946
24.8394
19.8946
9.57371
13.0587
21.3581
16.3189
16.32
9.84622
14.3791
16.3255
14.6157
19.8124
16.3298
9.57347
7.59
15.9356
13.0588
14.6155
7.99569
26.4219
26.4214
25.4713
7.59
27.2504
9.57418
13.0579
26.4244
25.9896
26.2143
32.9964
34.5512
13.0577
32.9967
31.4613
14.6147
26.4174
6.27
7.58896
13.0403
14.7853
14.6144
13.0578
9.57433
7.59
15.9342
14.5988
14.7995
13.0574
7.59
15.934
15.6917
16.3652
14.599
15.9341
13.0572
13.0574
9.57462
14.5991
7.59
15.9336
14.8272
15.692
16.3868
16.3879
16.389
16.3902
16.3913
21.432
9.84725
16.3951
16.3962
11.9074
14.3773
14.6138
16.4052
14.614
16.4091
16.4102
16.4113
11.9071
16.4148
21.4555
9.84706
14.6141
16.4221
14.6143
15.9347
15.9349
14.6147
15.9351
15.9352
16.4373
14.6151
15.9356
16.4439
19.9279
21.4849
6.27
16.4487
16.4498
16.4509
16.452
16.4531
15.9362
14.616
15.9365
14.9042
15.9367
15.9368
15.9369
14.6167
16.4713
16.4724
16.4735
11.9055
14.6169
16.4796
14.6171
16.4843
21.525
9.84521
15.9374
7.59
16.4913
16.4924
14.6171
16.4962
14.6173
14.9434
15.6883
14.5943
15.9376
15.9378
14.6176
15.938
15.9381
15.9382
14.9609
15.9385
7.59
16.522
14.618
16.5258
15.9385
16.5288
11.9047
14.6181
16.5357
15.9387
14.3821
14.6186
7.59
15.9386
15.9387
15.9388
14.3823
16.5523
11.9045
16.5556
16.5567
14.6188
16.5613
7.59
15.9389
15.939
15.9392
14.3826
11.9044
16.5736
16.5747
16.5758
15.9394
16.5787
15.0231
14.5916
15.6866
15.9395
14.383
14.6195
16.5915
7.59
15.9396
15.9397
15.9398
14.6196
14.6198
15.0491
15.0502
15.686
16.6095
15.9404
14.6202
14.6203
13.0638
15.9408
15.941
14.6208
16.6269
14.621
14.6211
13.0646
7.59
15.9413
11.9032
16.6423
16.6433
16.6444
11.9032
14.6208
14.6209
16.6538
16.6549
15.9415
7.59
16.6592
14.621
9.84298
21.7047
14.621
16.6681
16.6691
11.903
16.6724
15.9414
15.9415
14.6213
14.6214
14.6216
16.6867
16.6878
16.6888
15.1332
15.9424
34.5592
15.9427
14.6225
14.6226
14.6227
13.0662
14.6229
13.0664
14.3868
15.9436
15.9437
13.0669
14.6236
14.6237
14.6238
15.9443
14.6241
15.9445
14.6243
13.0678
14.6245
15.9449
15.1886
15.6817
14.5847
14.6247
15.9451
15.9452
14.625
14.6251
14.6252
15.2094
15.9458
15.9459
16.7708
16.7719
16.7729
16.7739
15.9464
7.59
15.2214
16.7792
14.583
15.9463
16.7844
16.7855
34.5633
34.5634
26.2143
31.9046
26.2143
30.3415
31.8958
18.5211
20.5342
20.2505
31.8936
15.9457
14.3905
15.946
15.9461
15.9462
16.7757
16.7767
34.5631
34.5633
26.2143
26.2143
31.8917
30.3415
31.887
18.5126
20.5258
20.2418
31.8849
15.9456
14.3904
15.9458
15.9459
15.9461
15.9462
16.7688
14.6261
15.9465
16.7743
16.7753
11.8999
14.6262
15.9466
14.3901
16.7855
31.9123
34.5637
31.908
26.2143
30.341
31.8993
34.5634
18.5212
20.5342
16.7691
20.2529
16.7704
16.7714
14.3914
15.9469
14.8109
16.7759
34.5634
16.774
16.775
26.2143
31.8992
26.2143
30.3413
31.8905
18.5154
20.5284
31.8881
20.2439
14.3907
15.9461
15.9463
16.7667
16.7678
34.5632
34.5633
26.2143
26.2143
30.3416
31.8795
18.5052
31.8773
20.5168
20.233
15.9456
31.878
14.3904
15.9459
15.946
15.9461
14.3895
15.9463
14.6262
16.7643
14.6264
14.6265
7.59
13.0696
15.9466
31.9027
26.2143
34.5631
26.2143
31.8918
34.5629
30.3413
18.5117
15.9458
15.9459
14.6257
13.0692
14.6259
13.0694
14.3898
15.9466
14.6264
13.0699
15.9469
14.6267
20.5517
20.2705
30.3409
26.2143
34.563
26.2143
31.9009
34.5629
14.391
31.8993
31.898
16.7709
15.9468
16.7737
16.7747
16.7757
14.3905
14.3907
14.6271
14.6273
14.6274
14.6275
14.6276
13.0711
14.3914
16.7998
15.9483
14.3931
14.6283
20.2905
20.5689
18.5563
13.0713
14.6281
14.6282
14.6283
14.6284
13.0719
14.6286
15.949
15.9491
14.6289
13.0724
20.3192
18.5835
30.3395
26.2143
34.5652
26.2143
31.9487
34.565
31.9453
13.0717
13.0718
14.6286
13.072
14.6288
14.6289
14.629
23.6123
14.3924
16.8383
15.9493
14.394
14.6292
20.3289
20.6057
18.5933
15.9492
20.3298
20.6072
16.8472
18.5955
14.3923
14.3924
30.3395
26.2143
34.5652
34.5653
31.9644
26.2143
16.8347
16.8357
16.8367
31.9635
31.9622
26.2143
26.2143
30.3401
31.9511
34.5648
31.9477
31.9464
18.568
20.5805
16.8183
20.3021
16.8195
16.8205
14.393
15.9485
31.9509
26.2143
34.5649
31.9442
26.2143
30.3402
34.5645
18.5572
16.8068
20.5706
16.8077
20.2915
16.8089
14.3926
14.8449
15.9477
21.8528
21.8531
30.3402
34.5644
26.2143
31.9311
18.5539
31.9288
31.9275
20.5637
34.564
20.2811
16.7986
16.7995
16.8005
14.3925
15.948
16.805
26.2143
34.5645
18.5487
26.2143
20.5595
31.9215
20.2772
31.9204
34.564
31.9171
16.79
16.791
16.792
14.3926
15.948
16.7965
14.3929
16.7992
14.3918
14.3919
21.8432
14.8359
26.884
25.3288
20.2855
15.9488
21.8442
21.8445
25.3307
26.8849
20.2869
15.9495
16.8061
31.9329
31.9317
21.8441
26.2143
25.3278
26.882
15.9498
16.8029
21.8435
21.8437
14.834
21.8438
13.4878
13.4879
14.3926
14.3928
15.9495
14.3943
13.4946
13.4947
25.4661
16.8096
26.8909
15.9491
14.6289
34.5659
20.2951
33.0115
23.5844
23.583
23.5816
23.5802
14.6278
26.2143
34.5645
25.46
13.487
21.8407
26.8817
34.5643
16.7981
33.0099
23.5726
23.5712
23.5698
26.2143
23.5663
15.9461
14.6259
14.626
20.2786
34.5632
25.3196
26.8738
13.0699
31.9221
23.5714
33.0087
23.5679
26.2143
23.5644
34.5623
34.5624
26.8607
25.4416
31.905
13.4653
23.5555
23.5542
13.4627
23.5529
23.5516
23.5502
21.8083
14.6232
14.6233
13.0668
16.7786
13.4691
25.446
26.8589
21.8177
34.5603
13.4653
26.2143
33.005
13.0662
23.5543
23.553
14.6222
16.7731
23.5549
23.5535
15.9419
14.6217
34.5588
26.8531
20.2551
21.8121
21.8123
14.8148
15.9424
16.7745
21.8151
13.4664
13.4666
14.6217
25.4481
16.7777
20.2616
25.3045
26.8587
31.9038
23.5576
23.5563
23.5549
23.5536
23.5522
33.0027
23.5488
23.5474
34.5567
23.5432
23.5418
34.556
26.8347
25.4285
31.8791
23.5358
23.5345
23.5331
23.5318
23.5304
13.439
13.4391
21.7825
14.6169
14.617
13.0605
16.7527
15.9376
20.2383
21.7952
25.2815
26.8357
13.4502
13.4503
25.4335
21.7932
26.8342
21.793
14.6173
14.8067
34.5541
14.6172
32.9997
23.5409
23.5396
23.5382
13.0597
23.5399
26.2143
25.2746
20.2314
21.7883
21.7886
14.8012
23.5364
23.5351
32.9975
23.5316
26.2143
34.5514
34.5515
21.7744
14.7892
26.8152
25.26
20.2168
15.9352
16.7359
21.7764
31.863
31.8617
13.4324
13.0584
21.7771
25.4207
26.8174
13.4345
16.7364
23.5255
15.9349
34.5517
23.523
23.5216
32.9964
23.5182
14.9784
20.2135
26.2143
26.8088
25.2536
21.7671
13.4269
25.4138
26.8071
14.6136
34.5506
16.7268
32.9962
15.9343
23.5165
23.5152
23.5139
23.5125
26.2143
20.2011
14.6124
25.2472
26.8014
13.0561
34.5498
23.5121
23.5108
23.5095
32.9942
34.5489
26.2143
26.79
34.5487
25.397
13.4079
13.408
31.832
23.4969
23.4956
23.4942
23.4929
14.6098
21.7409
23.4948
14.6096
13.0531
16.7062
13.0533
25.4038
13.4128
34.5465
13.4101
32.9916
21.7441
23.4984
23.4971
23.4958
23.4945
26.2143
14.6077
16.6988
14.6079
34.545
15.9284
31.8285
23.4962
23.4949
23.4936
23.4923
23.491
20.1759
13.0501
23.4928
23.4915
23.4902
32.9881
34.5428
26.2143
34.5425
26.7628
25.3842
13.3887
31.8069
13.3875
23.4777
23.4764
23.4751
23.4738
23.4725
21.7109
14.6034
14.6035
13.047
16.681
13.0472
23.4843
26.2143
23.4809
34.5398
23.4769
23.4755
26.7536
34.5393
25.3799
13.381
13.3811
31.7957
23.47
23.4687
23.4674
23.4661
23.4648
21.6999
14.6001
14.6002
13.0437
16.6699
15.9209
16.6726
13.0441
16.6759
16.6769
26.0085
29.952
33.9533
25.1957
34.5379
34.538
34.5381
33.8971
20.1376
21.6946
26.2143
21.691
21.6913
26.2143
21.687
26.2143
26.2143
34.5374
15.0828
14.6007
34.5377
21.6806
21.6808
21.6811
34.5382
34.5383
26.2143
34.538
26.2143
26.2143
33.8962
16.6147
29.9523
34.5373
16.6101
16.4463
15.0552
33.9538
13.044
34.5377
25.9404
31.7352
18.3646
16.6073
25.1815
14.3642
26.5039
16.6086
15.0529
16.6105
16.6115
25.138
14.3649
20.0966
21.6535
21.6538
20.0973
34.5387
25.1376
31.7374
31.7362
31.735
14.6023
25.5494
26.6909
16.6102
16.6111
14.6028
17.038
21.6564
29.9509
34.5397
25.9423
33.899
34.54
26.2143
26.2143
26.2143
34.539
21.6175
13.2971
17.0446
26.3541
20.07
14.6019
30.1615
21.6289
21.6291
34.5393
15.0283
34.5395
26.2143
34.5393
26.2143
33.898
20.0507
26.2143
25.0912
34.5389
14.6021
31.6915
31.6903
31.6892
16.5622
15.0065
16.5642
25.8959
33.9499
29.951
33.8986
34.5396
26.2143
21.5854
13.2565
26.626
21.5765
25.4837
26.3116
20.0274
21.5844
21.5847
14.9886
34.5397
34.5399
26.2143
34.5396
26.2143
26.2143
25.462
31.649
31.6479
31.6467
34.5394
17.0518
14.6026
21.5616
13.2324
21.5528
34.5393
21.5577
33.8986
21.554
26.2143
29.9512
21.5469
26.2143
34.5388
33.9514
26.2143
34.5386
14.9355
25.8238
13.0453
34.5389
14.3657
16.3262
18.2509
16.4948
31.6215
25.0655
26.39
16.4934
14.602
8.177
16.4973
16.4983
16.4992
14.9435
16.5012
21.5418
26.2143
25.0255
16.4996
26.2672
30.0711
31.6247
21.5283
26.2143
26.2143
34.5388
33.8978
34.5389
29.9514
33.9517
34.5387
34.5388
34.5389
21.5051
25.7963
21.5049
18.2204
21.5043
16.2962
25.0364
31.5906
26.3601
14.9066
13.0455
16.4666
8.14739
14.6021
14.9138
14.3659
14.6024
15.9228
16.4772
6.27
16.48
21.5207
19.9642
16.4815
16.4825
26.2143
34.5395
14.6026
16.4816
31.6083
31.6072
31.606
14.3667
25.4191
26.5605
13.0468
14.6035
17.0187
25.0549
16.4862
18.241
8.16473
31.6126
14.3667
16.4874
16.4883
21.529
21.5179
17.0239
26.2581
19.9737
15.9239
16.4926
31.6193
18.2459
25.0597
16.4909
25.4301
26.5716
21.5306
21.5188
31.617
26.2571
31.6154
31.6143
17.0081
30.06
34.5412
19.9683
13.1942
14.6041
31.6141
31.613
26.2143
26.3864
32.9861
25.006
18.0784
14.3675
29.9503
33.9485
25.8057
34.5407
34.5408
33.9002
34.541
31.5859
31.5847
25.3962
26.5376
34.5415
33.901
29.9498
33.9473
26.2143
34.541
26.2143
34.5407
26.2143
25.7565
34.5406
21.4631
13.0472
21.4657
21.466
34.5411
14.8681
18.1787
16.2517
24.993
31.5507
26.3224
16.4234
8.10148
24.9503
26.3272
32.9859
26.2143
31.5446
7.59
16.419
31.5456
29.9898
16.4177
7.59
18.174
26.3163
31.5442
34.54
16.4157
8.09508
26.3214
18.0164
32.9848
26.2143
31.5373
31.5362
29.9804
7.59
16.4095
26.2143
21.448
34.5391
31.5317
31.5306
31.5295
14.6025
26.2143
26.2143
26.2143
33.8975
34.5386
34.5387
34.5388
29.9515
21.4163
33.9518
34.5387
21.4115
16.2039
18.1282
24.9436
31.497
26.2659
31.4954
31.4943
25.3057
34.5388
26.4447
26.2143
21.4018
19.8453
17.0524
14.6019
14.602
21.4098
13.0811
21.4024
24.9415
31.4953
26.2644
34.5388
16.1983
16.3671
14.8114
8.04928
34.5387
26.2143
15.9218
26.2143
16.3616
16.3625
31.4891
31.488
31.4869
26.2143
26.2646
26.2143
24.8797
31.4795
17.9565
31.4784
26.2143
16.3475
14.7917
16.3494
15.9213
14.6011
15.9215
26.1222
21.3952
13.0672
19.8386
17.0277
29.9283
14.6013
31.4849
31.4838
26.2143
32.9836
15.9217
14.798
16.3557
21.3964
31.4825
21.3955
18.1114
24.9267
16.1876
26.2509
16.3549
16.3559
8.03765
34.5384
14.7989
6.27
21.392
19.8415
21.3985
29.93
13.0694
31.4834
31.4823
17.032
14.6014
26.2143
32.9834
26.2631
8.0367
16.3553
7.89461
15.921
14.6008
16.363
14.601
16.3662
24.8926
16.3668
21.4074
19.851
14.3652
26.2143
21.4074
16.3679
16.3689
14.8131
26.2143
26.2143
34.5381
16.3612
14.8055
16.3631
31.4897
18.1186
24.9342
16.1953
21.402
26.2578
21.4018
16.3623
26.4434
31.4885
31.4874
14.804
31.4873
34.5389
17.0577
26.2143
14.6017
21.4001
21.4004
19.844
13.0721
21.3935
26.1276
19.8437
29.9319
31.4855
33.9513
33.898
34.5391
34.5392
25.6769
26.2143
26.2143
34.5387
26.2143
34.5384
13.0449
21.3704
14.7743
21.3716
16.3322
32.9843
24.8567
26.2143
31.4544
17.9295
31.4534
29.8976
7.59
19.8098
16.3271
34.5389
26.2298
32.9841
31.4467
24.8454
31.4452
17.92
29.8895
19.8005
31.4434
26.2143
32.9843
26.2182
29.8823
24.8357
17.9116
19.793
26.0767
16.3098
26.2071
6.27
24.8831
14.6018
31.4393
31.4383
34.539
25.2473
26.3888
26.2143
21.346
14.6021
17.0723
14.6022
21.3536
13.0247
14.6021
7.99635
16.3168
6.27
26.2153
16.3191
16.3201
7.59
13.0449
14.6016
17.9291
24.8521
26.2326
16.325
16.3259
7.59
17.9312
24.8535
26.2345
32.9833
26.2143
31.448
13.0443
31.4492
29.8934
14.6012
21.3635
21.3637
16.3242
15.9219
16.3268
14.771
14.7719
31.4552
18.0837
24.8989
26.2228
16.1592
16.3274
8.00909
6.27
16.3307
14.6012
29.9048
31.4585
26.2143
32.9834
19.8109
26.2349
24.8521
26.0926
17.9292
21.3599
21.3658
14.6012
13.0409
7.59
16.3303
17.016
16.3327
16.3336
21.3743
21.3746
16.3351
16.336
16.3369
16.1811
6.27
15.9215
16.3422
15.9217
8.02587
26.2405
24.9171
18.1004
6.27
14.6004
31.4731
34.5376
14.788
14.6008
16.1822
26.2143
34.5375
26.2143
15.9206
26.2143
16.3374
34.5372
33.896
33.9542
25.6601
29.9524
34.5371
34.5372
16.3179
7.89514
21.3613
21.3616
21.3619
16.3224
16.3233
14.7675
16.3251
15.9214
14.771
16.3286
16.3295
16.1737
6.27
15.9216
31.4604
24.9055
14.6013
7.59
16.3365
16.3374
7.59
13.8177
14.7849
7.59
16.3437
7.59
13.0439
14.6006
17.9546
24.8757
26.2578
32.9827
26.2143
31.4703
31.4693
13.0438
13.8186
7.59
16.348
15.9206
14.6004
14.7961
8.7826
15.9206
14.6004
15.9208
14.6006
13.0441
6.27
15.9208
15.9209
7.59
16.3715
7.59
17.979
24.8991
26.282
26.2143
16.3697
16.3706
16.2147
15.9201
14.5999
16.3762
14.6001
16.3793
16.3803
15.9207
15.9208
14.6006
14.8298
8.78243
13.8184
14.6006
16.2375
16.3952
15.9211
6.27
14.8428
14.6007
16.4026
16.4035
21.4441
21.4444
16.4049
16.4058
16.4067
16.2509
16.4085
16.4094
14.6018
6.27
16.4143
14.8585
16.4161
16.417
16.4179
21.4586
21.4588
7.5582
15.9222
15.9223
16.4249
16.4258
6.27
14.602
16.4307
14.8749
16.4325
16.4334
16.4343
21.4749
21.4752
7.55789
15.9228
15.9229
14.8845
8.7811
14.6026
13.8144
14.6026
14.8938
15.9231
13.8139
15.9232
14.603
14.6031
6.27
16.4627
16.307
15.9234
14.6032
14.9115
16.4691
16.47
21.5106
21.5108
16.4713
16.4722
7.55725
15.9239
15.924
14.922
14.6039
13.8118
8.78029
14.3674
14.6039
16.49
19.9739
15.9244
15.9245
16.4942
16.4951
14.6045
16.4981
16.499
15.9251
15.9252
7.72569
16.5042
15.9251
6.27
16.3518
16.5092
14.3684
15.9252
16.5132
15.9254
16.5156
7.55648
14.605
20.004
15.9255
16.3663
14.369
15.9258
7.72535
16.5279
6.27
16.5305
16.5314
15.9256
16.5338
14.9789
15.6236
14.6055
13.5302
18.2912
26.2535
15.9252
14.3686
15.9253
16.5407
15.9255
16.3866
8.77934
13.8095
15.9255
15.9256
14.6054
14.6055
13.0489
15.9259
16.5589
15.9261
16.5613
15.9263
7.55601
15.9261
14.3695
16.5691
16.57
16.5708
16.5717
15.9267
7.72479
15.9265
14.3699
15.9267
7.5558
16.5822
16.583
16.5839
16.5848
14.3702
15.0314
15.9271
15.9272
7.7245
16.5922
15.9271
14.3705
15.9273
16.5975
20.0814
16.5986
15.0437
14.6074
16.6031
15.9279
16.6055
14.6078
7.555
15.9279
15.928
7.72398
16.615
15.9279
16.6174
16.6183
7.55499
16.6215
14.6077
15.9281
7.72391
16.6271
15.9281
16.6295
16.6303
20.1142
15.7115
16.6322
13.6199
18.3826
14.3713
26.252
26.2143
34.5441
31.7525
23.4214
26.7044
16.6235
16.6244
16.6252
34.5444
26.7048
16.624
16.6248
26.7061
34.5448
34.5449
23.4165
26.2143
26.2521
26.6954
18.3649
13.6027
31.7397
15.6967
7.72457
16.6145
15.927
16.6169
15.9272
15.9273
14.3707
16.6222
16.6231
16.6239
16.6248
16.6256
34.5445
34.5446
23.418
26.2143
26.2523
26.6966
18.3665
31.7411
13.6032
15.6988
15.0588
14.6066
16.6176
15.9271
16.6199
15.9273
16.6223
14.6072
14.6073
18.3776
15.7099
26.2524
26.2143
34.5434
31.7463
23.4159
15.0619
26.6989
34.5435
16.6164
26.6977
16.6169
20.1007
15.0622
20.1018
16.619
15.7026
14.3709
13.6104
18.3725
26.2525
26.2143
34.5432
31.7402
16.6131
26.6943
23.4103
16.6121
16.6129
34.5434
13.6017
26.2528
15.6964
26.2143
34.5427
31.7317
23.4021
34.5426
26.6819
15.0453
26.6824
16.6016
16.6024
16.6033
26.2143
34.5429
18.3507
31.7244
23.3948
13.5871
34.5423
26.6745
15.6819
26.6748
16.594
16.5948
16.5957
15.0408
16.5974
20.0812
16.5984
34.5432
23.3947
34.543
31.7199
26.2143
26.2531
26.6685
18.3396
16.5869
16.5878
13.5798
16.5886
15.6777
16.5901
14.2914
15.0352
26.6722
14.3692
16.5929
15.9261
16.5952
14.606
15.9264
14.6062
7.72491
14.606
7.55601
16.6079
16.6088
26.69
34.543
34.5431
23.4024
26.2143
26.2532
18.3513
26.6787
13.5898
31.7239
15.6864
14.6051
15.0439
16.6005
15.9256
26.6832
23.4002
34.5422
26.2143
31.722
26.2535
26.6733
18.3452
16.5917
16.5926
16.5934
13.5866
15.685
15.0391
14.6047
14.6048
13.0483
14.605
14.3687
15.9255
14.6222
14.6053
16.613
16.6139
26.6951
34.5427
34.5427
26.2143
26.2532
18.358
26.2536
34.5417
23.3991
31.7253
18.3511
34.5413
13.5888
26.6761
26.6756
15.6865
16.5956
16.5964
16.5972
15.0423
16.5989
20.0828
34.5419
34.542
26.2143
26.6738
31.719
26.2536
26.6704
18.3424
13.5817
14.6043
14.6044
14.6211
13.0479
26.2143
23.394
26.2541
31.7176
34.5408
26.6692
18.342
26.6681
13.5813
15.6812
14.6036
14.6037
14.6038
14.6039
14.604
14.6041
14.3678
15.9245
13.0477
14.6044
13.8241
14.6046
14.6047
13.0481
14.6049
14.6049
14.605
14.6051
13.0486
13.0487
13.0488
14.6055
14.6056
14.6227
14.6057
14.6058
13.0493
30.9027
23.4449
23.4438
18.3969
18.3964
31.769
32.987
14.6048
14.6049
31.7711
26.2143
26.2143
23.4388
30.8958
26.2143
23.4349
23.4338
18.3869
18.3864
23.4317
32.9845
34.5392
13.0457
26.9072
26.7075
14.6026
23.43
30.8884
18.382
31.7519
18.3804
32.984
13.0452
26.2143
26.2143
26.2143
23.4214
23.4203
32.9827
26.2143
32.9825
26.2143
23.411
34.5366
23.4076
32.9817
26.8795
26.6809
31.7261
23.4027
23.4016
18.3547
30.8622
18.3531
13.3082
13.3083
14.5978
16.5957
14.598
13.0414
15.9184
26.2143
23.4067
26.2143
32.9797
23.4016
34.5341
32.9795
26.8681
26.6703
31.7156
13.3041
30.8579
23.3934
13.3021
23.3924
18.3456
18.3451
16.5825
14.5957
13.0391
34.5328
26.2143
26.2143
26.2143
23.3888
23.3877
26.8543
26.6576
32.9769
13.2936
13.2938
31.7009
16.5738
23.3838
30.8487
23.3816
18.3347
18.3342
14.5929
14.593
15.9134
13.0365
23.3886
18.3417
18.3412
30.8537
31.7003
32.9746
13.0358
26.2143
26.2143
26.2143
23.38
23.379
32.9733
34.5281
23.3732
18.3264
23.3717
31.6836
30.8382
32.9725
13.0337
26.2143
26.2143
26.2143
23.3641
23.3631
32.9713
34.526
30.8271
23.3563
23.3552
18.3083
32.9704
18.3062
26.2143
26.2143
13.0307
26.2143
23.3489
23.3478
32.9688
34.5236
26.7993
26.6054
13.251
26.2143
23.3396
23.3385
32.968
26.2143
34.5224
32.9678
26.7852
26.5917
31.637
13.2372
13.2374
30.8005
23.3266
23.3255
18.2787
18.2782
14.5839
13.2358
26.7793
26.5866
34.5209
16.5036
32.9664
13.2312
26.2143
26.2143
13.0266
15.9037
26.2143
23.3204
23.3193
32.9649
14.5827
14.5827
26.7723
13.2297
13.2299
34.5193
32.9647
16.4948
26.2143
26.2143
23.313
23.3119
26.2143
15.9014
14.5812
14.5813
32.9637
16.4921
31.619
19.975
23.3137
23.3127
30.7876
25.0139
18.2643
18.2638
26.2143
23.3074
26.2143
32.962
26.2143
34.5164
32.9618
26.5535
26.744
31.5983
13.2046
13.2047
30.7725
23.294
23.2929
18.2461
18.2456
16.4656
13.0214
23.2942
26.2143
26.2143
32.9596
26.2143
34.5141
32.9595
26.5362
26.7259
31.5811
13.1897
13.1898
30.7595
23.2791
23.278
18.2312
18.2307
13.019
18.2328
23.2781
23.277
31.5736
30.7559
32.9571
13.0183
26.2143
26.2143
26.2143
23.2697
32.9562
23.2664
34.5106
26.7026
26.5135
14.5739
13.0173
14.5458
14.5738
14.5739
6.27
14.5737
14.5738
13.0935
13.0174
16.6294
19.9382
21.4952
21.4207
14.5741
14.3378
15.8946
15.8947
15.8948
15.8949
6.27
14.5744
14.5745
14.5746
14.5747
13.2747
14.5745
14.5746
13.2205
19.965
21.5219
20.1171
14.5747
14.3384
15.8952
15.8952
15.8953
15.8954
6.27
6.27
14.5746
14.5747
13.0941
13.0184
14.5751
15.8955
14.5753
15.8956
14.5754
16.5166
6.27
15.1335
16.521
15.8957
13.0189
14.5756
14.5757
14.5758
14.5759
14.576
13.3331
14.5758
14.5759
13.2797
21.5822
21.5824
20.1776
14.576
14.3397
15.8965
15.8966
15.8967
15.8967
6.27
14.5762
15.8966
14.5764
15.8968
14.5766
16.5642
6.27
15.1354
16.5685
15.8969
13.0201
14.5768
15.8972
16.5767
14.5771
15.8974
13.0206
32.9596
14.5774
34.5145
16.5829
34.5147
15.1376
26.2143
26.2454
33.1299
30.9586
14.577
15.8974
13.0205
15.8975
16.578
16.5788
15.1372
15.8978
14.5776
14.5777
15.8981
15.8982
26.2451
30.9579
26.2143
34.5143
34.5144
32.9598
32.9599
34.5147
15.7785
33.7111
16.7772
34.5148
15.1379
16.5652
15.8983
15.8984
21.6085
13.3038
13.3607
20.2035
14.5779
14.3416
13.8108
15.8983
15.8984
16.5775
13.0217
14.5784
15.1388
14.5785
15.8989
16.5869
15.8991
13.0222
15.1396
14.579
14.5791
14.3428
21.6374
15.8996
21.639
13.389
13.3333
20.234
33.1286
26.2446
26.2143
15.7988
34.5153
16.7804
34.5154
32.9608
34.5156
32.961
33.7123
34.5159
32.569
15.8991
32.6961
14.5787
35.1883
29.6068
32.1343
32.2519
26.2143
26.2143
14.5778
26.2143
16.5468
34.5147
14.6117
14.5778
15.8982
21.591
15.8983
16.5528
26.2143
32.9602
34.515
26.245
32.9602
33.1294
34.5148
33.7112
30.9578
34.5148
32.5697
32.6969
35.1836
15.7237
32.2527
14.5774
16.5116
15.8979
15.898
14.5778
15.8982
16.5185
21.5591
21.5593
21.5595
34.5153
13.3085
14.5781
13.2546
20.1544
32.2522
32.1349
35.1847
34.5148
29.6075
32.6968
32.57
33.7107
32.9598
34.5146
26.2143
26.2143
16.476
15.8975
15.8976
14.5774
32.9598
34.5145
13.021
34.5147
14.5778
26.2143
26.2453
33.1298
30.9585
16.7733
32.9594
14.5772
16.4712
34.5143
15.6793
14.6123
34.5144
34.5144
26.2143
26.2455
15.8973
33.13
30.9587
32.9591
16.455
21.4956
13.1921
13.2496
20.0906
32.959
34.5138
26.2143
26.2459
33.1305
32.9585
30.9593
15.8964
34.5132
33.7095
15.6472
16.7697
15.8967
15.8967
34.5135
31.5614
34.5137
26.7739
26.2143
26.2143
26.2143
23.2507
26.2466
34.5123
33.1312
32.9575
34.5123
30.9601
34.5123
32.9577
33.7085
34.5125
32.5713
15.6091
32.6985
15.8955
35.1751
16.7645
29.6094
32.2547
32.1374
14.5749
16.3749
14.3387
16.3771
16.3779
32.9577
15.8958
26.7218
26.2143
34.5121
31.4989
26.2143
34.512
16.3663
23.1952
18.1484
13.018
10.8049
15.8949
15.895
15.895
14.5748
15.8952
16.3751
15.8954
16.3773
15.8956
26.2143
33.1314
30.9606
34.5118
15.8952
15.8953
34.512
31.4958
34.5122
26.711
26.2143
26.2143
26.2143
23.1867
18.14
10.7953
13.017
16.3583
14.5738
16.3611
15.1312
13.0174
15.8944
14.5742
15.8946
14.5744
15.8947
14.5745
26.2143
26.2143
34.5111
34.5111
31.4927
26.711
23.1937
18.1469
16.3626
10.8031
13.1629
21.4037
19.9988
21.4041
16.3645
14.5737
15.8941
15.8941
15.1311
14.574
15.8943
15.8944
15.8945
14.5743
34.5114
31.5044
26.7224
26.2143
26.2143
26.2143
23.1976
18.1508
10.8068
16.3664
15.8933
13.0164
15.8934
14.5732
15.8936
16.3752
15.8938
13.1169
21.4171
21.4173
13.1767
14.5733
15.8937
14.3371
13.821
15.8938
15.8939
15.894
14.5738
20.026
14.5739
21.4338
21.434
13.1333
26.2143
23.221
26.2143
34.5101
34.5102
18.1689
31.51
26.7305
10.8229
16.3824
13.0163
14.573
15.8934
16.3884
15.8935
15.8936
15.8937
15.8938
14.3372
18.1799
10.8356
26.2143
26.2143
34.5097
34.5098
31.5119
26.2143
26.7313
16.3819
14.5726
16.3846
15.8931
13.0162
15.8933
15.8933
14.3367
15.8935
31.5202
34.5104
26.2143
34.5102
26.2143
26.2143
23.2119
18.1651
16.3793
10.8223
13.0155
15.8925
15.8926
15.8927
15.8928
14.5726
16.3899
15.893
34.5098
26.7384
34.5097
26.2143
26.2143
26.2143
23.2103
18.1636
10.8207
16.3776
15.8917
13.0149
15.8919
15.892
14.5718
15.8922
16.3876
15.8923
14.5721
14.5722
14.5723
14.5724
14.5724
13.1427
15.8926
13.1441
21.4431
21.4433
19.0249
15.8925
15.8926
14.336
15.8928
16.4092
15.893
6.27
16.4134
15.8929
15.8929
16.4169
21.4575
14.5729
34.51
21.4581
13.1585
31.7977
13.1542
19.0344
28.4203
30.8817
30.0269
32.4529
33.7017
34.509
33.314
34.5091
26.2143
32.9542
26.2143
14.5717
34.5088
26.2143
14.5716
21.4127
13.1144
21.4128
13.1146
15.8917
15.8917
15.8918
9.55358
14.3353
16.3809
15.8921
26.2143
26.2143
28.4153
30.0277
31.7993
32.4538
30.8801
33.7025
34.5078
14.5709
14.571
33.3163
34.508
34.5081
16.3437
14.5713
16.3464
15.8917
32.9538
34.5086
17.5787
26.2143
26.2143
29.4652
19.8173
33.1572
34.5078
19.8132
12.5504
32.9532
16.3294
14.571
14.776
19.8166
14.3349
16.335
16.3358
34.5085
31.7989
28.4159
30.0276
30.8805
33.7022
26.2143
14.5709
26.2143
15.8911
15.8911
31.4401
30.8802
32.4538
34.5079
33.3164
30.0279
34.5078
31.7996
28.4125
34.5077
26.2143
26.2143
26.2143
32.9523
34.5071
26.2143
26.2143
29.466
33.1583
21.2947
12.9987
12.9989
18.8843
34.5059
34.506
33.7038
30.8781
32.4552
30.0293
32.9509
34.5056
26.2143
26.2143
29.4669
33.1594
34.5049
14.3316
16.2134
21.254
21.2543
15.8886
12.9606
12.9607
18.8478
16.2159
14.5679
34.505
31.802
6.27
28.3994
14.3313
15.8881
15.8882
16.2151
34.505
21.2538
31.8019
14.5681
28.4015
21.2484
30.0296
30.8773
32.4557
14.568
33.7045
34.5049
26.2143
26.2143
33.3243
12.9271
18.8151
12.9274
34.5039
26.2143
14.5667
32.9491
16.1754
34.504
34.504
26.2143
34.5039
26.2143
34.5037
29.4678
33.3263
34.5036
32.949
33.1604
33.7055
30.8756
32.4568
30.0309
14.5661
15.8865
34.5033
17.3759
31.8037
28.3927
12.5552
26.2143
26.2143
26.2143
16.1164
16.1172
14.5654
15.8858
24.5945
34.4715
34.5026
22.9537
26.2143
26.2143
22.9476
17.9009
22.1532
15.8845
14.5643
13.0077
15.8848
14.5645
15.8849
15.885
21.1585
12.8669
18.7587
12.8672
26.2143
26.2143
28.3833
30.0325
31.806
32.4588
30.8726
33.7077
34.5003
33.3336
34.5003
14.5634
12.8324
21.1228
18.7262
21.1232
15.8837
15.8837
15.8838
14.3272
16.0889
15.8841
9.54429
16.0934
19.5774
26.2143
26.2143
26.2143
19.5713
14.5317
19.5724
15.8838
15.8839
31.2179
24.5692
34.5008
34.4698
12.5574
33.1626
14.5637
29.4697
26.2143
26.2143
34.5001
34.5002
32.9456
33.3336
34.5003
32.9457
34.5005
33.7076
32.4589
30.8724
30.0328
8.56258
14.5632
26.2143
29.4702
33.1634
34.4996
34.4997
32.9451
32.9452
34.5
33.3342
17.2738
12.5584
15.8831
15.8832
15.8833
22.8668
14.5628
34.4999
26.2143
26.2143
34.4995
29.4705
32.9447
15.8827
33.1636
34.4994
33.3355
34.4995
16.0001
17.2539
12.5588
33.7084
14.5622
30.8715
15.8827
32.4595
30.0334
15.8824
34.4992
31.8072
14.5622
28.377
26.2143
26.2143
26.2143
8.56089
15.9787
15.8819
19.4641
19.4644
14.4247
19.4654
32.9444
26.2143
34.4989
26.2143
32.944
29.471
33.1643
15.8818
34.4675
26.2143
24.4455
26.2143
31.0831
34.4982
22.7958
14.561
17.7515
22.0062
13.004
14.5607
26.2143
33.1651
26.2143
34.4971
34.4972
32.9426
32.9427
17.1984
34.4974
33.3402
12.5609
34.4973
33.7097
15.8805
30.8695
32.4609
14.5602
34.4662
26.2143
31.0445
26.2143
24.4033
22.7572
22.7563
17.7097
21.9655
14.559
15.8793
14.5591
13.0026
15.8796
15.8797
14.3643
19.4051
19.4053
15.9223
34.4968
32.9422
26.2143
34.4967
26.2143
29.4724
32.9417
34.4964
33.3424
34.4965
33.1658
22.7368
21.9463
26.2143
34.4957
26.2143
34.4645
14.5586
31.0098
22.7274
24.3741
14.5585
15.8789
15.879
13.0021
26.2143
26.2143
28.3616
31.8108
30.036
32.4625
30.8671
33.7115
34.4948
14.5578
33.346
34.4949
15.8783
34.4951
14.5582
15.8785
15.8786
32.9407
34.4955
14.5586
26.2143
26.2143
19.329
29.4732
17.1047
33.1671
34.4948
19.3226
32.9403
12.5633
15.8782
14.558
14.3217
19.3262
14.3219
15.8786
15.8787
30.9728
24.3381
34.4956
34.4646
33.3442
34.4957
33.7109
30.8678
32.941
32.462
34.4956
26.2143
30.0359
26.2143
29.4734
33.1672
34.4947
34.4948
34.4948
34.4949
26.2143
26.2143
29.3977
32.9687
31.0326
19.2679
33.3473
34.4944
33.7118
30.8665
32.4629
30.0367
32.9393
34.4941
31.8119
28.3566
34.494
26.2143
26.2143
29.4742
26.2143
34.4932
33.1683
26.2143
26.2143
32.938
15.876
16.9928
14.5557
15.876
14.5558
12.5655
15.8761
14.5559
14.556
15.8764
14.3198
15.8765
15.8766
12.9998
15.8768
14.5566
22.5948
15.8767
15.8768
24.2464
34.4624
14.5566
20.7894
14.5568
17.0156
12.5647
14.5566
33.168
29.4743
26.2143
34.4932
26.2143
26.2143
33.3511
33.713
32.4641
26.2143
34.4922
30.038
30.8642
26.2143
8.55387
34.4919
28.349
32.9373
34.4921
31.8136
15.8754
34.4922
31.8136
28.3495
30.038
30.8642
32.4645
26.2143
15.8749
26.2143
33.7139
26.2143
14.554
34.4911
33.3548
14.3178
34.4913
14.5543
15.8747
26.2143
34.4913
34.4602
22.5087
22.5078
17.4613
24.1626
30.7822
21.7189
14.5535
14.5536
15.874
15.874
14.3174
19.1466
19.1469
34.4911
34.4912
15.8745
34.4913
20.6986
15.8748
15.8748
15.8749
30.7867
14.5548
29.2331
17.4636
30.7864
13.9669
31.814
28.3479
30.0383
15.8748
30.8638
32.4647
33.7138
34.4914
26.2143
26.2143
33.3554
15.8742
26.2143
34.4908
32.9362
34.4909
26.2143
34.4596
22.4616
34.4906
24.1142
22.4574
30.7327
17.4101
21.6697
14.553
14.5531
12.9966
15.8736
30.8626
30.0391
33.7147
28.3418
31.8155
34.49
33.3575
34.4901
34.4901
26.2143
26.2143
26.2143
32.9348
34.4896
15.8729
26.2143
26.2143
29.477
33.1716
34.4889
16.8319
14.5519
14.5519
14.552
15.8724
21.6323
17.3713
15.872
12.9952
15.8722
20.6099
20.6102
14.5521
15.8725
28.339
30.0398
34.4891
32.4664
30.8612
26.2143
26.2143
33.7158
26.2143
34.4882
15.8716
33.3615
34.4884
15.8717
14.5515
32.9339
34.4887
26.2143
26.2143
29.4776
14.5511
33.1723
34.488
14.5511
15.8715
16.8024
32.9335
14.5512
19.0119
12.5701
19.0134
15.8717
15.8718
14.5515
14.5516
15.872
15.8721
14.5519
15.8722
12.9954
15.8724
19.0276
14.3159
19.0287
26.2143
34.4892
29.477
34.4891
32.9345
33.1714
32.9344
34.4892
15.8726
12.9957
15.8727
14.5525
12.996
12.996
20.5764
15.8731
20.5775
15.8733
14.5531
15.8734
30.667
17.3446
30.6657
15.8734
32.9355
34.4903
15.8737
26.2143
26.2143
29.4766
34.4898
33.171
15.873
32.9351
12.5686
34.4898
16.7932
14.5528
33.358
34.4899
33.7149
30.862
32.466
8.55156
14.5527
26.2143
26.2143
22.3554
22.3546
34.4577
17.3068
34.4887
24.0089
21.5642
30.6229
12.995
14.5517
15.8721
10.9199
32.4666
33.7157
30.0403
34.4884
33.3612
31.817
28.3356
34.4884
34.4885
26.2143
26.2143
26.2143
32.9332
34.4879
15.8713
26.2143
26.2143
29.4781
33.1729
34.4873
15.8706
16.7282
32.9326
14.5504
14.5505
14.5505
14.5506
12.5708
15.8709
17.2681
21.5296
26.2143
26.2143
34.4868
34.4557
31.8184
30.0414
26.2143
26.2143
32.4684
26.2143
34.4858
32.4687
30.8579
28.3262
31.8195
33.7179
26.2143
26.2143
34.485
34.4851
33.3692
26.2143
34.4849
15.8683
32.9304
34.4852
26.2143
26.2143
29.4799
14.5476
15.868
33.1749
14.5476
34.4847
16.6661
14.5477
32.9301
14.5478
12.5736
15.8681
18.8736
15.8683
15.8684
15.8684
15.8685
20.4349
12.9917
20.437
15.8688
14.5486
30.5256
29.4792
26.2143
26.2143
16.6723
32.9303
34.4851
34.4852
12.5733
32.9305
34.4853
33.3689
34.4853
15.8687
33.718
14.5483
30.8576
32.4689
30.0424
28.3239
31.8201
15.8683
26.2143
26.2143
34.4846
26.2143
8.54604
14.5475
15.8679
14.5477
15.868
15.8681
15.8682
30.4858
34.4539
22.2129
34.4849
26.2143
26.2143
22.205
17.1587
21.4223
14.5468
15.8672
12.9904
15.8674
14.5471
15.8675
15.8676
15.8677
15.8678
14.5475
32.93
34.4847
12.9911
26.2143
29.48
33.1751
12.5742
15.8675
12.9907
15.8677
12.9908
14.5475
21.4374
17.1735
22.2188
14.547
12.9904
14.5471
14.5472
14.5473
15.8677
15.8677
12.2358
15.8679
14.5477
15.868
15.8681
15.8682
14.548
14.548
14.5481
14.5482
14.5483
14.5484
12.1616
15.8685
12.163
20.4389
20.4392
18.08
15.8685
15.8686
15.8687
15.8687
15.8688
15.8689
6.27
15.8687
15.8688
30.5368
30.3365
34.4857
32.9935
12.1703
12.1706
18.0869
22.2609
26.2143
26.2143
22.2554
17.209
20.1683
20.4387
20.439
14.5471
12.9905
15.8675
15.8676
30.5306
30.3335
34.4845
32.9923
22.2552
26.2143
26.2143
22.2497
17.2033
20.163
12.9896
12.1602
12.1604
14.5459
18.0821
15.8662
14.546
15.8664
30.5262
32.991
22.2551
34.4831
26.2143
26.2143
22.2473
17.2009
20.1614
14.545
15.8654
14.5452
15.8656
15.8656
14.5454
15.8658
6.27
14.5453
12.9888
14.3091
14.5456
20.4487
12.1757
12.1759
18.0969
15.8655
15.8656
15.8657
15.8658
9.52244
15.8659
15.866
15.8661
15.8661
22.2778
14.5457
30.3557
32.9905
30.5452
26.2143
14.5456
26.2143
34.4825
22.2711
15.8656
15.8657
17.2262
15.8655
20.1878
20.4552
14.5452
15.8656
15.8657
15.8658
15.8658
15.8659
12.9891
14.5458
15.8661
15.8662
15.8663
20.2023
17.2418
15.866
22.2883
12.9889
26.2143
34.4824
26.2143
32.99
30.549
30.3579
22.2794
14.5451
14.5451
14.5452
26.2143
32.9899
22.2807
34.4819
30.3558
22.2768
30.5435
17.2296
14.5446
15.8649
15.865
14.3084
14.5449
32.9273
12.9884
14.5451
15.8655
20.4673
18.9109
14.5454
15.8658
14.5456
15.8659
12.9891
14.5458
14.5459
15.8662
32.9284
34.4831
26.2143
26.2143
34.4828
32.9906
22.2853
22.2845
17.2381
30.3613
30.5505
20.197
14.545
14.5451
15.8655
15.8656
15.8657
20.4717
20.472
15.8659
12.2004
12.2006
18.1216
15.8655
14.5453
34.4824
31.8225
6.27
35.2208
12.9885
15.8655
14.5453
14.5453
26.2143
31.0388
29.9015
34.4819
34.482
32.9274
32.9274
34.4822
33.8581
34.4823
18.803
33.7203
15.4583
14.3086
34.4821
26.5063
29.9874
14.5448
35.22
15.8652
15.8652
15.8653
15.8654
20.4411
20.4414
12.1688
18.09
12.1692
15.8652
15.8652
15.8653
15.8654
15.8655
9.52207
15.8656
32.9902
26.2143
30.5327
26.2143
30.3398
22.2609
22.2601
17.2137
20.1748
14.5442
14.5442
18.8874
15.8647
15.8648
15.8648
34.4816
26.5066
34.4816
33.8596
29.9876
34.4814
31.8234
35.2184
34.4814
26.2143
26.2143
26.2143
32.9261
34.4809
26.2143
26.2143
31.0399
15.8636
29.9028
34.4803
18.7516
32.9256
15.8636
14.5434
14.5435
14.5435
14.5436
15.4597
14.3072
17.1792
20.1408
26.2143
26.2143
34.4799
32.9877
22.2161
30.2975
30.48
14.5428
14.5429
15.8632
15.8633
20.4009
12.1304
20.4012
12.1309
32.9876
26.2143
30.2998
26.2143
30.4796
34.4795
22.2113
14.5423
15.8627
14.3061
15.8629
26.2143
26.2143
22.2118
14.5419
12.9854
14.5421
15.8625
15.8625
14.5423
20.4
15.8628
18.8443
15.8629
14.5427
15.8631
15.8632
14.5429
15.8633
15.8634
14.3068
14.5432
14.5433
12.1452
20.4161
18.0694
20.4166
22.2359
20.1518
26.2143
34.4797
26.2143
32.9873
14.5426
18.7658
15.4608
14.5425
29.9034
31.0406
26.2143
34.4791
26.2143
26.2143
33.867
33.7228
26.5087
26.2143
34.4781
29.9899
34.478
26.2143
8.53906
34.4779
35.2067
32.9233
34.4781
32.9235
31.8264
34.4782
14.3048
14.5413
14.5414
15.8617
12.9849
15.8619
15.862
20.3679
18.8115
15.8622
14.542
12.9854
15.8624
14.5422
34.4793
15.8626
14.5424
30.2782
32.9872
34.4796
22.1912
26.2143
26.2143
22.1859
17.1396
20.1026
14.5413
18.7253
29.9044
31.0414
14.541
26.2143
26.2143
8.53881
15.861
15.861
14.5408
12.9843
15.8613
26.2143
34.4779
31.0416
34.4778
32.9232
29.9047
32.9231
15.8611
15.8612
15.8613
14.3047
14.5411
15.8615
12.9846
14.5413
14.5414
14.5415
15.8619
10.9959
34.4786
26.2143
34.4785
26.2143
34.4783
31.0413
33.8682
34.4782
32.9236
29.9044
33.7231
34.4781
26.509
29.99
14.5408
14.3045
34.478
18.6948
31.8267
35.2062
15.4626
26.2143
26.2143
26.2143
15.8604
15.8604
14.5402
15.8606
15.8607
14.5404
15.8608
15.8609
15.861
14.5407
8.53904
15.8612
15.8613
34.4781
15.8614
31.8264
35.2071
15.8614
29.9899
34.478
26.509
33.7233
26.2143
26.2143
14.5403
34.4774
26.2143
14.3039
18.7572
15.8607
15.8608
14.5405
14.5406
15.861
10.9968
15.861
14.3044
18.7699
20.3269
30.4122
15.8614
15.8614
28.8584
17.1028
30.4119
22.1473
28.8556
15.8613
14.541
15.8614
14.5412
15.8616
20.3314
15.8617
15.8618
30.4183
28.8629
17.1068
30.4164
22.1514
14.5413
28.8618
19.2495
12.9849
15.8619
15.862
34.4788
14.5418
32.629
32.9242
26.2143
34.4787
26.2143
32.9239
31.0411
29.9043
14.305
33.8676
34.4784
33.7229
34.4784
26.5088
29.9898
32.9234
34.4782
31.8264
35.2072
34.4782
26.2143
26.2143
31.0417
26.2143
34.4774
29.9051
26.2143
26.2143
32.9222
15.8602
18.6311
14.5399
15.8603
14.5401
15.4633
14.3037
14.5402
14.5402
15.8606
15.8607
15.8607
14.3041
34.4776
34.4777
33.7234
34.4776
26.5093
29.9903
32.9227
34.4774
31.8271
26.2143
35.204
34.4772
26.2143
31.0421
29.9055
26.2143
34.4766
26.2143
26.2143
32.9215
18.5963
15.8594
14.5392
14.5393
15.4642
15.8596
14.303
14.5394
14.5395
15.8599
15.8599
15.86
14.3034
15.8602
15.8602
14.54
14.3037
20.2551
14.3039
18.6995
25.296
25.2958
15.8608
26.5093
33.7236
29.9904
34.4772
33.8706
31.8273
35.2038
34.4771
34.4772
26.2143
26.2143
26.2143
32.9219
34.4767
15.86
26.2143
26.2143
31.0426
29.906
34.4761
15.8595
18.573
32.9215
14.5392
14.5393
14.5394
14.5394
15.8598
14.3032
18.6609
12.8125
16.9969
30.3047
18.6625
15.8602
28.7504
30.3044
20.2189
28.7494
22.0404
15.8603
32.6313
32.9224
26.2143
34.4769
26.2143
31.0423
32.9219
34.4767
33.8718
34.4767
29.9056
33.7242
34.4766
26.51
14.303
29.9909
14.5393
18.5452
34.4763
31.8281
15.4642
35.2009
26.2143
26.2143
26.2143
15.8589
14.5386
14.5387
18.6178
25.2141
25.214
20.1744
14.3027
14.5392
10.9983
14.3028
30.2659
28.7105
28.7099
16.9561
30.2634
19.0955
34.4764
32.6322
15.8597
26.2143
26.2143
26.2143
26.2143
26.2143
18.6104
34.4754
20.1653
34.4756
15.8589
25.2036
14.5388
19.397
26.5105
34.4758
35.1995
31.8286
33.7248
26.2143
26.2143
34.4752
34.4753
33.8755
26.2143
34.4751
15.8584
32.9206
34.4753
26.2143
26.2143
31.0435
14.5378
15.8581
29.9071
14.5378
34.4749
18.4899
14.5378
32.9203
14.538
15.4655
14.3016
15.8584
18.5726
20.1296
25.1692
18.573
20.13
14.3021
15.8589
15.8589
14.3023
14.5388
15.4647
29.9064
14.5387
31.043
26.2143
26.2143
29.9069
26.2143
34.4749
34.4749
32.9203
32.9204
18.4841
34.4751
33.876
15.4655
34.4751
33.7253
14.3016
34.4751
26.5111
29.992
14.5378
35.1963
31.8295
15.8581
34.4749
14.5379
26.2143
26.2143
26.2143
15.8576
8.53541
15.8578
14.5375
30.1802
21.9191
16.8729
28.6235
30.1775
19.0088
15.8577
18.5365
34.4746
32.6344
26.2143
26.2143
26.2143
26.2143
26.2143
20.0818
34.4736
12.98
15.857
15.8571
34.4739
25.121
14.537
14.3007
15.8574
11.0003
15.8574
15.8575
15.8576
14.301
14.5374
15.8578
20.0963
14.5376
14.3013
21.9233
30.183
28.6276
16.8756
19.0132
30.1815
34.4746
32.6344
26.2143
26.2143
26.2143
26.2143
26.2143
34.4736
15.8569
18.5264
34.4738
20.0814
12.9803
25.1232
15.8573
19.315
15.8575
19.4531
15.8447
14.5373
15.8576
14.5374
14.5375
14.5376
14.5376
12.9811
25.1384
34.4749
19.3274
26.2143
26.2143
26.2143
26.2143
19.4571
32.635
26.2143
34.474
15.8452
28.6164
21.9106
19.0012
30.1698
16.8639
28.614
12.9801
30.1703
12.1926
25.1263
19.4543
15.8453
34.474
34.474
26.2143
26.2143
26.2143
26.2143
26.2143
32.6365
34.473
12.1935
28.6041
21.8993
18.9883
12.9792
30.1597
16.8547
14.5357
28.6061
28.6054
21.9007
16.8545
28.6034
30.1575
18.9879
34.4727
15.8561
32.6367
18.5137
26.2143
26.2143
26.2143
26.2143
26.2143
34.4718
20.0598
12.9783
34.4721
15.8554
15.8555
25.1011
19.2919
14.5354
15.4682
15.8557
14.2991
11.002
14.5354
15.8558
14.5356
14.5356
15.856
15.8561
15.8562
14.5359
26.2143
26.2143
26.2143
34.4724
32.6373
34.4724
26.2143
34.4723
25.1075
28.5981
19.2978
30.1524
16.8479
21.8932
19.433
28.596
15.8481
18.9816
30.151
12.9787
15.8557
15.8558
15.8559
14.5356
14.5357
15.8561
26.2143
26.2143
26.2143
21.8979
28.6003
28.5996
30.1537
16.8495
30.1526
34.4721
32.6376
26.2143
26.2143
26.2143
15.8548
26.2143
26.2143
34.4712
18.4978
14.5342
34.4714
20.0549
12.9778
15.8548
14.2982
15.855
11.0027
14.2983
20.0635
14.5348
25.1052
25.105
18.5089
15.8554
14.5352
14.5352
14.5353
14.5354
15.8558
14.5355
15.8559
15.856
15.8473
19.3104
25.1196
34.4729
34.473
26.2143
26.2143
26.2143
26.2143
26.2143
32.6379
34.4719
12.1944
14.5349
28.5988
12.9784
25.1096
18.5134
20.0704
15.8556
14.299
15.8557
14.2991
11.0019
14.5355
15.8559
28.6102
16.8602
30.1638
21.9048
15.8557
28.6083
18.521
18.9937
20.0782
15.856
15.856
12.9792
34.4729
32.6366
26.2143
26.2143
26.2143
14.5353
15.8556
15.8557
14.2991
11.0019
20.0809
14.5356
25.1227
25.1225
18.5263
15.8561
14.2995
12.9794
14.536
19.0051
14.5362
21.9168
28.6203
28.6196
30.1737
26.2143
32.6365
19.3152
34.4731
19.4505
15.8466
34.4732
26.2143
26.2143
26.2143
26.2143
26.2143
32.6376
34.4721
28.6006
12.9786
14.2989
25.1122
25.112
18.5159
15.8559
15.856
14.2993
11.0017
15.856
26.2143
34.4726
26.2143
26.2143
32.6375
26.2143
34.472
26.2143
25.1052
19.2959
19.4332
15.8485
28.597
21.8932
30.1501
18.9802
16.8465
28.5946
30.1487
12.9783
26.2143
32.6382
34.4717
26.2143
26.2143
34.4714
26.2143
34.4712
25.0912
28.5818
19.2813
21.8789
30.1353
19.417
16.8322
15.8499
18.9654
28.5807
30.1348
12.9777
15.8547
12.9778
10.7375
15.8547
18.5001
25.0963
25.0962
15.855
14.8989
15.855
20.0608
14.3541
14.2986
20.063
25.1026
25.1025
18.5063
15.8556
14.299
15.8557
11.002
15.8557
14.5355
14.5356
15.8559
25.1141
25.1139
20.0745
14.2995
14.536
11.0014
15.8563
14.2997
26.2143
26.2143
26.2143
34.4725
32.6371
26.2143
34.4724
34.4724
25.1078
28.5984
19.2981
21.8943
30.1519
16.8474
19.4333
15.848
28.5971
18.982
30.1514
15.8558
15.8559
14.5356
15.856
15.8561
14.5358
19.4416
19.3049
25.1141
34.4731
34.4732
26.2143
26.2143
26.2143
26.2143
32.6373
26.2143
34.4722
12.1942
12.9785
28.5935
14.5353
15.8556
15.8557
14.5355
15.8558
15.8559
15.856
14.5358
15.8561
15.8562
15.8563
14.536
14.5361
15.8565
15.8565
15.8566
15.8567
14.5365
12.9799
14.5366
14.5367
11.831
15.8568
15.8569
14.5367
14.5367
15.8571
15.8572
15.8572
14.537
12.9805
14.5371
14.3008
6.27
14.5371
15.8574
32.9196
34.4743
15.8577
26.2143
26.2143
26.2298
33.6985
26.5162
34.4737
15.857
12.7359
12.1175
34.4736
34.4736
34.1921
14.5366
34.4737
26.7746
31.5889
7.9995
15.8568
26.2143
14.5364
32.9188
32.7354
33.6006
14.5365
14.5365
26.2143
12.7362
12.0983
15.8564
26.5166
26.2303
26.2143
14.2993
26.2143
32.9179
15.8559
34.4727
15.856
34.4728
33.7025
15.8562
14.5359
15.8563
14.5361
12.3774
12.9798
14.5365
14.5366
26.7747
34.1923
34.4734
31.5889
34.4734
26.2143
32.9185
32.7356
33.6004
34.4733
26.2143
26.2143
21.8766
33.7034
26.2143
26.2143
26.2308
34.4721
26.5173
15.8553
12.9784
15.8554
15.8555
15.8556
12.9787
12.9788
12.3771
12.0669
26.517
15.8557
26.2307
26.2143
26.2143
7.99798
32.9173
34.4721
34.4722
33.7055
14.2988
34.4723
34.4724
34.1934
26.7755
34.4722
31.5897
15.8554
26.2143
21.8448
26.2143
14.5345
33.5986
32.737
26.2143
15.8547
32.9168
15.8548
31.5902
15.8547
15.8548
12.3766
11.7476
20.0104
20.0107
13.323
15.8549
15.855
15.8551
14.2985
15.8552
15.8553
14.2987
14.5351
15.8555
12.9786
14.5353
15.8557
20.0268
11.7637
11.7639
13.3385
12.7372
15.8552
26.5174
26.2311
26.2143
26.2143
32.9166
7.99737
12.9777
14.5344
12.0438
12.7377
34.1946
34.4712
34.4713
26.7762
31.5904
26.2143
34.4708
33.7112
32.7377
32.9161
26.2143
26.2143
33.5974
26.2319
34.4704
26.5185
26.2143
26.2143
21.8097
32.915
12.0001
15.8528
15.8529
14.5327
12.739
14.2962
15.853
12.9761
14.5328
15.8532
15.8533
15.8533
15.8534
15.8535
26.2143
26.7771
34.4699
32.7385
34.196
34.4699
32.9153
34.47
34.4701
34.4701
26.777
31.5912
26.2143
34.4697
32.9151
32.7386
33.7164
33.5966
26.2143
26.2143
26.2143
26.2327
26.2143
34.4688
21.7603
26.5197
32.9138
11.9495
15.8517
14.5315
15.8518
12.7398
15.8518
12.9749
14.2952
14.5317
15.8521
15.8521
15.8522
15.8523
15.8523
33.7191
34.4691
34.4692
26.2143
32.9144
26.2143
34.4689
26.2328
34.4688
26.5196
34.1972
34.4687
26.778
14.2952
31.5921
14.5315
26.2143
11.931
32.9136
32.74
12.7401
33.5947
15.8514
26.2143
26.2143
21.7277
15.8509
15.8509
15.851
15.8511
15.8511
15.8512
7.99406
12.9744
14.5311
15.8515
14.5313
14.5313
14.5314
15.8518
26.2143
34.4684
26.2332
32.9136
34.4683
33.7225
26.5199
34.4683
34.4683
34.1976
34.4683
26.7782
31.5923
19.8841
11.6253
13.2033
11.6258
26.2337
26.2143
26.2143
32.9124
11.9036
34.467
34.467
33.7284
12.741
34.467
34.4671
34.1989
15.8503
34.4671
26.779
26.2143
15.8501
14.2935
14.53
26.2143
26.521
26.2143
32.9118
34.4666
34.4667
33.7302
11.8718
34.4666
34.4667
12.7413
34.1994
14.2931
34.4666
26.7794
31.5934
15.8496
26.2143
15.8495
32.7417
32.9116
33.5928
26.2143
21.6507
26.2143
14.5287
15.8491
7.99191
15.8492
15.8493
14.529
15.8494
12.9725
15.8495
15.8496
15.8497
19.8301
19.8304
15.8499
11.5742
11.5745
13.1538
14.5291
32.9116
32.7417
14.5292
26.2143
34.4661
33.5926
31.5936
26.7798
34.2001
6.27
34.4657
15.849
15.8491
26.2143
26.2143
26.235
26.522
14.2917
14.2918
15.8485
13.9643
14.5282
14.2919
15.8486
14.292
13.9641
19.8189
24.8583
19.8191
14.5286
19.8214
15.849
32.7422
26.2143
31.5941
33.5918
26.7802
34.4653
34.2007
26.2143
26.2143
15.8482
34.465
21.6311
34.4649
15.8482
12.9713
34.4651
33.7378
26.2143
26.2143
14.5277
34.4648
26.2354
26.5225
32.9099
15.8479
15.8479
15.848
11.8148
14.5276
15.848
15.848
18.2327
19.7897
19.79
11.5342
19.7904
11.5347
26.2143
26.2356
26.5227
34.4642
32.9096
34.4644
33.7412
32.9097
33.7408
26.2143
26.2143
34.4641
26.2358
26.523
34.4638
14.2905
34.464
34.2021
34.464
26.7812
11.7814
31.5952
12.7436
14.5264
26.2144
32.9087
32.7443
15.8466
33.5896
26.2143
26.2143
21.5712
15.8461
15.8462
13.9662
14.2895
14.2895
15.8463
15.8464
15.8464
14.5262
11.4927
19.7472
13.0749
19.7476
19.7479
19.7482
19.7486
14.2899
15.8467
15.8467
14.2901
34.4636
34.2025
34.4636
26.7814
34.4635
31.5953
33.7459
26.2145
26.2143
26.2143
34.4629
26.2366
32.9081
32.7448
26.5238
32.9079
33.5888
26.2143
26.2143
21.5447
11.742
14.5249
15.8453
12.7448
14.2886
15.8453
15.8454
12.9685
14.5252
15.8456
15.8457
15.8457
15.8458
15.8459
15.8459
15.846
15.8461
13.9663
14.2893
14.5258
19.7309
24.7703
19.731
19.7314
15.8464
15.8465
14.5263
15.8466
14.29
19.7385
14.2902
24.7786
19.7394
19.7397
15.8471
19.7412
19.7415
24.7809
15.8474
19.7429
14.2908
15.8476
15.8476
13.965
14.5273
24.7898
19.7506
14.2911
19.7516
15.8479
15.848
13.9647
14.2913
14.5277
15.8481
19.7606
24.8
19.7608
19.7611
14.5281
14.2918
24.8033
19.7641
14.292
19.7651
15.8488
15.8489
13.9639
14.2922
15.8489
14.5287
15.8491
19.7752
11.3779
24.816
19.7768
15.8492
19.7779
15.8493
13.6276
15.8494
24.8198
19.7806
19.7809
14.2929
13.6271
15.8497
15.8497
15.8498
13.6268
14.5295
15.8499
11.3774
8.26114
15.8498
13.6268
15.8498
14.5296
15.85
15.85
15.8501
11.3773
13.6265
15.85
14.5298
14.5298
