12.0912
12.0912
11.5643
11.7685
11.8026
14.376
11.4105
18.0818
11.5364
14.3335
14.1206
9.97379
17.6423
10.1287
10.9965
10.2459
15.2019
11.0522
11.0932
14.0353
11.0187
20.5726
15.1356
10.1562
20.4992
17.4833
17.5189
17.552
17.583
17.6121
10.2019
11.0011
13.9916
10.7204
20.53
17.5026
17.5279
20.5255
17.4965
20.4979
17.4685
17.492
10.9133
17.5359
10.1051
15.7173
17.5331
20.5424
10.1121
10.8872
17.5066
20.5197
10.1121
17.4672
15.7442
10.8867
17.504
20.5212
17.4833
20.5022
10.1049
15.728
17.4538
20.4751
20.4434
17.4049
20.4285
13.8016
20.3703
20.3424
20.3154
20.2892
20.2636
20.2389
20.2148
20.1913
20.1686
20.1464
17.1099
9.72159
10.5174
13.5539
20.1306
20.1104
20.0907
17.0534
20.0879
9.64426
17.0441
28.806
28.7276
28.6509
10.3053
19.9445
19.9286
9.48428
13.3117
19.8944
19.8797
19.8653
10.2259
19.8672
19.8534
10.2137
19.8556
19.8423
19.8293
32.2503
25.6562
32.2547
9.98622
24.8316
9.11049
16.522
19.5658
9.13141
19.5563
19.5467
16.5093
16.5253
25.6308
19.5103
19.5016
12.8946
27.9215
27.8719
16.3904
27.8468
8.96229
19.406
19.3986
19.3913
16.3533
20.3965
16.3246
19.3715
8.94014
19.3663
19.3595
19.3529
12.7478
16.3077
9.72029
9.73498
19.3845
19.378
19.3716
19.3653
8.92179
19.3604
19.3543
16.3145
19.3623
12.7577
19.3504
19.3445
19.3388
19.3331
19.3275
12.7233
19.3165
19.3111
19.3058
16.2654
19.3139
8.84935
16.2744
27.6849
27.6493
27.6142
9.61555
19.267
8.80438
19.2637
19.259
16.2179
9.62806
19.2796
19.2749
16.2334
19.2826
19.278
19.2735
8.80476
12.6715
19.2658
19.2614
19.2571
9.61272
19.2646
19.2604
9.6158
27.5997
27.5692
16.1899
20.1286
27.5159
27.4865
19.1716
19.168
19.1644
19.1608
16.1185
19.1689
19.1654
19.1619
12.5595
27.4281
27.4007
16.08
27.39
8.62798
19.1146
19.1115
19.1085
16.0657
19.9371
16.0502
19.1011
16.0581
9.46639
19.1198
16.0766
27.389
27.3636
19.9041
19.0692
27.3001
27.2756
19.0346
27.247
15.9757
15.9863
19.0377
12.4361
15.9918
9.39954
9.40986
19.0638
19.0613
19.0588
19.0563
8.56038
19.0554
16.0115
16.0214
16.0313
19.0826
9.43588
16.0482
16.0578
19.1091
19.1065
19.1039
19.896
27.3154
27.2935
19.0503
9.40324
16.0153
16.0247
19.862
27.2799
27.2587
15.9844
15.9937
16.0029
9.4094
16.0211
19.0727
19.0705
19.0682
8.56727
19.0673
19.065
16.02
16.0288
25.2927
27.2809
27.2609
19.7926
27.214
15.9542
27.2074
15.9503
19.0023
19.0004
18.9985
18.9967
18.9948
9.34685
19.0016
27.1946
22.7316
18.9734
27.1524
32.275
9.26026
25.6803
12.284
15.8382
31.6016
31.5689
18.8477
15.8025
15.8112
18.8639
18.8626
18.8613
15.8159
18.8686
18.8673
9.21897
12.275
15.8289
18.8815
22.5369
32.2886
26.9155
31.4729
25.6944
31.3979
26.7942
26.7785
26.7629
26.7473
26.7319
15.643
18.6963
18.6956
18.695
18.6943
31.2982
24.6732
31.2409
23.7245
8.96386
31.1904
23.6806
24.5318
8.91079
18.5676
26.5381
26.524
18.5491
15.5036
31.0967
19.8986
15.4854
31.0686
25.701
32.2979
21.8755
26.3473
26.3342
15.3793
15.388
18.4422
18.4422
30.9215
23.4066
30.8644
24.2429
18.3694
26.2391
26.2267
18.3536
30.7899
30.7653
30.7408
19.5447
24.1083
24.0842
26.081
15.2125
8.61803
32.3049
26.0348
21.5236
25.7087
30.5506
30.5275
25.9287
32.3072
25.8592
30.4243
30.4017
25.7131
15.0142
8.41998
8.42881
15.0408
15.0495
8.45507
32.3132
25.7175
25.757
21.2321
30.3113
30.2898
30.2684
23.6508
8.33281
17.9914
25.6643
25.6545
17.98
30.2229
14.9208
19.0421
14.9232
17.9787
30.2199
30.1994
30.1789
22.6415
17.9205
8.27178
25.5706
17.9245
25.5632
14.873
17.9285
30.1453
14.8697
18.9648
17.9194
30.1308
25.7269
32.3237
20.9222
25.4426
14.7939
25.4466
14.7968
17.8525
8.20352
17.8623
14.8165
30.0563
8.20919
20.9359
25.4626
25.7309
30.0024
25.4066
29.9756
14.7592
8.16432
14.7758
8.18083
8.18902
14.8004
30.0303
23.4157
22.4633
8.16404
17.8229
25.4069
17.8191
25.4009
14.7678
29.9825
17.8118
18.7927
14.7604
17.8161
11.2167
14.7713
17.8269
17.8283
14.782
17.8376
17.8389
17.8403
17.8417
17.843
17.8444
14.7979
14.8056
14.8133
7.27514
30.0535
14.8121
30.0475
30.0304
23.4171
17.8339
17.8352
17.8366
7.24585
17.8405
14.7938
32.3334
11.225
7.23891
17.8298
14.7831
32.3306
17.8155
14.7687
17.8242
14.7774
14.7848
14.7921
17.8476
7.26094
17.8514
17.8526
17.8539
30.0318
30.0156
29.9994
23.387
17.8126
17.8139
17.8152
8.16501
17.8722
18.7965
14.7615
17.8685
7.22979
17.8105
17.8118
29.9731
17.8027
29.9592
29.9436
23.3318
17.7734
17.7747
14.7275
8.13139
17.8356
7.2081
18.7565
17.8336
14.7222
17.7778
14.7305
17.786
17.7873
14.74
14.7468
14.7537
7.24165
29.9762
32.3143
17.7808
11.1812
14.7346
17.7901
17.7914
14.7439
17.7993
17.8006
17.8018
32.3181
32.3185
32.3188
32.3192
32.3196
32.3199
11.0849
17.6873
7.11665
17.6913
25.2168
11.0878
7.12155
17.6928
14.6453
32.3154
25.2001
29.7736
32.3165
25.1582
32.3172
32.3176
32.318
25.722
32.3187
14.5083
25.023
29.597
14.5026
32.3205
7.13946
29.5716
17.5342
18.3844
14.4831
32.3195
32.3198
32.3202
32.3205
32.3209
17.45
17.4518
24.8557
29.4303
24.8377
18.2361
14.3858
25.7274
14.3792
29.407
32.3246
32.325
32.3253
32.3256
32.326
17.3361
24.6799
29.255
17.3268
17.3287
29.2482
22.6397
29.2239
29.2119
17.2988
17.3007
17.3026
17.3045
32.3306
32.3309
32.3312
32.3316
32.3319
17.2239
24.5091
10.6215
17.2251
14.2103
17.2338
29.1032
17.2282
6.67026
17.2331
29.1035
24.512
25.736
32.3325
32.3328
32.3331
32.3335
14.2106
32.3341
24.3793
28.9551
14.2118
32.3353
6.84152
28.9361
17.7484
14.2104
17.1209
14.2111
17.1297
6.84177
14.2091
14.2094
17.1488
24.3965
24.3925
25.7376
28.9509
24.3601
28.9362
28.9254
17.7379
28.9109
22.3039
28.8896
28.8791
16.7513
17.6842
16.7441
17.0655
17.0676
17.0697
17.0718
6.67109
14.2053
14.2056
17.0898
17.0918
6.84352
14.2041
17.104
14.2047
17.1124
32.3285
32.3288
32.329
32.3293
32.3296
17.0413
24.2372
28.8138
17.0344
14.2079
17.0429
14.2085
14.2087
14.209
17.064
6.67073
17.0689
32.33
32.3303
32.3305
32.3308
32.3311
16.9998
17.0019
24.1775
28.7543
14.2093
24.1736
14.2099
25.7371
24.1635
24.1602
25.7379
16.9804
24.1439
28.7208
14.2121
32.3356
32.3358
32.3361
32.3364
32.3367
14.2137
28.6263
17.4396
14.2145
28.6232
28.6139
6.84041
28.6113
32.3365
14.2136
28.5898
25.7411
23.9852
28.5623
17.3757
28.5503
28.5412
14.2157
14.216
23.9704
16.8663
6.83991
16.8721
28.5604
28.5514
28.5425
14.2155
28.5427
28.5338
28.5249
17.3384
14.2168
14.2171
23.951
32.3408
16.8401
23.9306
23.9277
28.5051
28.4964
23.9075
16.8253
28.488
14.2199
17.3106
14.2204
28.4945
6.83848
28.4923
28.4837
16.8187
28.4782
14.2197
28.4786
14.2202
14.2204
14.2207
25.849
14.2211
32.3445
16.8205
28.4182
14.2211
25.7482
24.7978
23.8503
25.7459
28.4139
17.2278
23.8227
28.4005
14.2202
28.401
14.2206
6.83846
23.8275
16.7718
16.774
28.4114
14.2197
28.4119
28.4037
28.3956
14.2207
16.7663
32.3443
32.3446
32.3448
32.345
32.3453
16.1792
16.1773
32.34
28.421
25.8429
24.7993
25.7407
28.2162
28.2085
21.6044
16.6289
16.0759
17.013
16.0717
16.621
16.6232
32.3335
28.4248
25.7368
24.8011
14.2075
32.331
23.5389
23.5367
16.9367
16.0005
28.1078
28.1003
21.4965
28.0854
14.2071
16.5554
14.2075
16.5634
16.5657
14.2082
16.9353
28.1114
28.1041
23.5164
16.5614
25.7366
14.2099
6.84207
23.5198
14.2084
14.2086
16.5747
14.2091
16.5825
14.2096
25.7367
28.1256
23.5379
23.5359
28.1142
16.57
14.2112
28.1185
14.2116
16.9412
28.1175
28.1103
28.1032
6.84114
14.2108
28.1104
28.1033
14.2115
14.2117
14.212
16.5795
16.5817
25.838
14.2128
32.3362
28.4232
16.9194
15.9779
28.0911
28.0841
21.4808
28.0701
28.0632
28.0562
28.0493
16.527
23.465
25.7393
14.2125
6.84112
14.2109
23.4734
28.0521
28.0452
28.0383
15.9145
16.8485
15.911
16.511
16.5132
28.0269
28.0201
28.0133
21.4102
15.8871
16.8169
15.8837
16.489
14.2044
14.2046
16.5019
28.0114
28.0047
27.9981
16.4909
21.3982
16.4886
15.8811
16.808
15.8778
16.4823
27.9836
27.977
27.9705
27.9639
27.9573
23.3703
27.9491
25.7306
16.7526
23.349
16.448
27.931
16.4459
27.9276
16.4438
14.2054
14.2056
14.2058
14.206
16.467
23.3779
25.8301
16.7669
14.207
23.3711
32.3306
16.4563
32.331
21.3346
32.3314
28.426
25.7348
14.2081
24.8016
23.2905
25.7332
32.3297
24.8021
25.8272
14.2046
14.2048
14.205
14.2052
14.2054
16.3983
16.4004
16.4025
16.4046
14.2064
28.4271
24.8022
32.3271
25.8267
32.3274
14.2044
23.2385
23.2369
14.205
23.2431
14.2054
16.3828
16.3849
28.4274
25.8286
25.7325
24.8023
32.3268
14.2038
14.204
14.2042
14.2044
16.3634
14.2048
16.3705
14.2052
23.2416
32.3288
16.3669
16.3689
23.2312
32.3296
32.3298
14.2068
32.3302
32.3304
32.3306
6.67101
23.1775
14.2057
16.339
14.2061
14.2063
14.2065
14.2067
6.67123
14.2047
23.2285
6.67175
14.203
16.6411
14.2034
15.7193
27.8223
6.67279
16.3751
16.3771
14.2001
14.2003
14.2005
14.2007
14.2009
23.2826
14.2012
16.4073
14.2016
16.4141
14.202
6.67263
16.4234
14.2004
14.2006
16.4349
6.67302
14.1989
16.4441
14.1993
14.1995
14.1997
14.1999
6.67328
23.3802
32.3215
14.1985
14.1987
14.1989
16.4711
14.1992
16.4776
14.1996
16.4841
6.6733
14.198
16.8206
14.1984
15.9047
28.0014
16.4898
23.4171
15.8982
16.8138
32.3187
27.9817
23.3947
27.9745
27.9688
16.7838
14.1966
27.9685
16.4679
27.9655
9.89862
27.9624
27.9568
27.9512
16.7663
32.3215
27.9344
23.3476
27.9274
27.9219
16.737
14.1994
27.9216
16.4377
27.9188
9.86868
27.9159
27.9104
27.9049
27.8994
27.8939
15.7846
23.3037
16.7042
16.7028
27.8808
27.8754
16.407
27.8726
27.8672
27.8618
32.3241
27.847
15.7376
23.257
16.6575
16.6561
27.8342
27.8289
16.3761
16.378
27.8289
16.3763
27.8263
9.80752
27.8236
14.2015
16.3775
32.3251
27.8184
27.8131
27.8079
15.6968
23.2181
16.6185
16.6172
27.7955
27.7902
16.3508
16.3527
27.7904
16.3511
27.7878
16.3495
27.7853
27.7801
27.775
27.7698
16.5852
16.3371
23.1849
9.77117
27.7675
27.7624
32.3275
7.60129
27.7549
16.5702
27.7486
27.7435
21.1421
23.1522
15.6221
16.3142
21.1353
16.3127
21.1329
14.2046
14.2047
16.5576
16.3192
20.2124
9.74872
32.3268
23.1404
32.3271
32.3273
32.3274
14.2044
32.2735
32.2648
23.0906
14.2051
16.28
16.2818
16.2836
14.2058
16.2897
23.1128
16.2909
14.2064
14.2066
23.1271
32.3301
32.3303
32.3305
32.3306
32.2421
32.2335
23.0594
7.60487
16.2601
16.262
16.2638
23.0726
16.2649
14.2091
23.0805
32.3326
16.2622
23.0698
32.3331
32.3333
32.3334
32.1979
32.1895
14.2107
14.2109
23.0281
16.4286
16.2354
9.67087
23.0313
23.0302
32.3352
32.3353
32.3355
32.1589
32.1506
14.2128
22.983
14.2131
16.2108
16.2126
16.2144
14.2137
23.0024
27.5826
16.2168
27.5806
32.1605
15.4459
27.5648
27.5603
9.6354
27.5583
27.5537
14.2137
27.5553
27.5508
27.5462
16.1926
16.1944
32.3378
32.3379
32.3381
32.0965
32.0884
27.4958
27.4913
32.0714
27.4788
27.4744
27.4699
27.4655
27.4611
27.4566
27.4522
16.268
7.61383
16.1346
9.57054
22.8773
16.2777
20.8603
20.8559
20.8515
19.9004
16.1237
27.4399
16.2557
14.217
22.8597
27.4399
27.4356
27.4313
27.4269
14.2179
27.4287
16.2445
22.8425
27.4227
15.2913
32.0003
27.4079
27.4036
7.61412
14.2175
27.4116
16.2274
27.4065
16.2223
22.8203
27.4006
16.0971
27.3989
9.53035
27.3973
27.393
31.9735
27.3812
27.3769
27.3727
15.2398
27.3659
16.1818
14.2184
7.61535
16.1931
22.7911
14.219
16.0847
20.7837
16.0837
16.0855
31.9658
32.3431
32.3432
32.3434
32.3435
22.7489
22.7481
22.7474
16.0521
16.0539
14.2212
14.2213
16.1649
27.3441
27.34
15.2044
31.9181
16.0507
27.3285
27.3245
27.3204
9.47894
32.3442
32.3444
31.8822
31.8748
32.3448
22.6911
22.6904
16.0145
32.3454
32.3455
32.3457
31.8263
22.6533
31.8183
14.223
32.3464
14.2233
15.9862
22.6493
7.62052
15.9916
15.9934
8.43787
32.3457
22.6502
32.346
32.3461
22.6286
32.3464
14.2233
15.9707
31.7918
31.7847
15.9631
14.224
14.2242
32.3475
32.3476
31.7712
31.7641
32.348
22.581
22.5804
22.5798
15.9419
32.3487
32.3489
31.7271
31.7201
32.3493
22.5372
22.5366
22.536
15.9131
15.9149
14.2269
14.227
14.2272
31.724
32.3506
32.3508
32.3509
32.351
22.5108
22.5103
22.5098
15.8962
14.2285
15.9019
14.2288
