14.1064
14.1064
12.1692
12.078
17.4279
20.044
11.5601
12.8699
15.2994
15.0837
10.9091
19.2563
17.7376
11.6729
16.9912
19.4654
17.8973
19.6233
19.6918
13.5429
19.7689
11.0877
19.7366
11.1152
19.7112
13.3875
18.1174
19.8097
19.8488
19.8858
20.0632
18.9128
21.6014
19.7234
11.0043
11.0156
20.0829
19.5617
21.4209
23.0167
19.4884
16.336
20.8264
22.9288
19.3996
33.3316
20.5417
19.2381
15.9819
19.2871
10.5726
10.5888
33.1368
22.6604
22.6293
31.2284
24.1215
30.8984
35.865
35.0002
15.2564
36.5104
36.0757
9.51703
19.5858
21.6895
18.1687
36.4836
36.496
29.435
29.3457
21.2821
22.238
21.1863
21.1834
17.6647
21.2244
17.7041
8.97386
18.9831
21.2383
8.97606
21.2364
17.7127
14.4581
9.04788
17.7768
11.2462
16.1889
17.3367
17.4678
21.4421
31.1622
9.13523
31.1063
31.04
23.0374
21.2517
17.3055
29.4703
36.5286
30.6417
30.5846
36.5527
20.9193
16.7586
20.9351
8.63778
16.9963
15.788
8.71275
21.0045
21.0043
36.548
36.5552
36.5622
36.5692
20.6111
15.4303
16.4412
16.7242
8.37144
10.757
8.42047
20.7267
15.5431
18.3527
15.5962
16.649
16.8797
20.8515
30.2793
15.6397
8.53723
20.8577
20.8587
36.5713
36.5772
36.583
36.5887
36.5944
36.6001
36.6057
36.6112
27.7085
34.9732
36.6274
34.9838
36.6379
34.9942
33.2161
36.6523
27.8031
34.991
16.0274
15.276
27.8031
36.6245
36.6295
36.6344
32.4498
34.9941
34.9989
36.6525
36.6571
27.5328
35.0175
35.022
36.6754
35.031
27.1406
36.6887
18.7403
32.3911
32.3479
36.7059
32.2328
36.7143
36.7184
36.7225
36.7266
18.4442
27.8031
12.9456
35.0664
36.7193
36.7233
36.7272
24.9024
30.7143
18.1813
24.5674
36.7403
36.744
36.7351
36.6745
18.0345
14.6408
18.0716
6.65
15.227
35.093
35.0358
36.6267
34.9204
36.5124
36.4561
36.4004
25.6936
36.3415
17.819
36.309
30.9277
30.8995
30.8714
23.8682
14.6173
36.2047
36.1529
36.1017
23.7464
36.0488
17.6338
14.0084
14.6075
15.3047
6.65
17.7442
35.1424
27.8031
29.8705
36.007
35.9593
27.8031
15.632
27.8031
27.8031
23.3905
17.2501
35.4741
33.7812
36.7623
35.1164
24.5991
35.2576
17.0987
29.9077
29.8874
29.8672
24.5203
24.5217
23.3379
17.0735
35.1967
35.1413
27.8031
35.0198
22.6704
27.8031
27.8031
34.6928
27.8031
34.5021
27.8031
34.274
36.7491
27.8031
15.5957
27.8031
36.7882
27.8031
32.678
21.2493
33.2304
36.46
15.6594
33.1157
15.6598
36.7284
15.6094
31.3872
35.0873
32.9594
32.9309
32.9025
35.0975
36.7489
32.7816
32.7542
20.4154
32.7367
32.7097
26.5141
32.674
35.1192
36.7705
27.8031
30.8539
35.1162
15.6224
32.48
30.8059
32.4298
14.6259
27.4677
21.771
21.7811
21.7912
20.636
21.8037
16.1634
15.6297
21.8815
36.7793
21.8496
27.5003
15.6384
15.6406
36.7879
21.8611
23.5449
20.6613
23.5264
27.8031
32.4158
30.7575
36.7646
21.6662
32.3403
32.3177
30.6463
15.6303
16.1589
21.6892
21.6987
15.6361
27.3771
16.1486
21.7627
21.7719
32.4466
21.7588
32.4337
20.0949
32.4209
32.3991
26.0259
30.722
36.8023
23.3115
23.2884
27.8031
32.2033
21.5163
21.5257
36.7849
30.5311
32.1458
32.1256
15.6477
30.4959
27.0542
15.6513
15.6532
21.4984
15.657
20.3374
21.5488
15.6563
27.1551
16.1119
21.6088
21.6176
21.6263
32.3032
19.9642
32.2922
32.2727
25.9024
15.6716
21.6018
21.6105
23.2687
23.2477
27.8031
32.1875
15.6552
36.802
30.5237
15.6605
32.1763
32.1577
30.4903
15.6676
21.4737
21.4824
21.491
21.4996
27.0227
15.6759
15.6777
19.9069
15.6811
21.5877
15.6845
19.9793
25.9592
15.6891
32.3377
32.3195
32.3015
30.6346
21.595
20.3282
36.9448
21.4966
32.5858
27.8031
27.8031
27.8031
36.3541
27.8031
16.1019
36.8078
27.8031
27.8031
36.7947
27.8031
20.4937
24.8193
15.647
15.6486
15.6502
19.3957
20.5978
20.6077
31.2884
31.2738
29.6103
31.2448
36.8893
32.614
36.3708
27.8031
20.1978
27.8031
27.8031
27.8031
36.7744
36.776
27.8031
27.8031
18.4708
27.8031
19.518
13.9596
30.2358
30.2241
30.2124
28.5518
19.5181
36.8348
32.6427
36.4109
18.1525
27.8031
27.8031
27.8031
27.8031
36.7346
36.7361
18.8415
27.8031
27.8031
27.8031
15.5756
16.2734
27.8031
36.7164
35.8095
27.8031
27.8031
27.8031
33.293
27.8031
36.6916
31.196
36.69
33.7667
36.6931
15.5494
36.6961
35.3751
22.8565
36.6988
27.8031
22.7537
27.8031
27.8031
35.1864
36.6807
17.1744
15.5385
15.54
19.0495
22.5851
22.5895
18.2033
22.5925
26.2838
15.6043
17.2701
26.3073
37.5474
27.8031
27.8031
33.3068
35.7596
31.2088
36.6718
36.6733
27.8031
27.8031
27.8031
36.6591
15.5153
36.662
32.3641
35.4441
21.6267
36.6661
27.8031
27.8031
27.8031
15.5074
36.654
35.2034
21.3515
21.3579
17.8482
16.9048
15.5059
21.4071
17.071
16.9052
21.4303
15.257
25.1389
25.1353
25.1317
21.4416
32.1252
21.4345
36.6627
36.6641
36.6654
31.9635
36.6682
35.0353
27.8031
27.8031
27.8031
36.146
15.5118
27.8031
27.8031
35.732
27.8031
15.5
37.6615
15.5012
36.6478
27.8031
27.8037
20.6031
36.6421
36.6434
36.6448
27.8031
36.6415
27.8031
27.8031
35.2158
36.6303
15.2357
31.2388
36.6305
33.3337
15.483
27.8124
27.8031
36.6216
16.3063
19.7821
37.7529
15.4375
35.6965
16.873
27.8031
16.8699
27.8031
27.8031
15.4623
16.864
19.6116
19.6202
30.3059
15.4689
13.8192
27.8198
37.7827
36.613
33.3444
36.6109
35.6913
31.2534
27.8031
36.6068
27.8031
27.8031
36.5998
36.6011
29.6266
15.4583
35.5981
27.8031
36.6007
27.8031
27.8031
35.2398
36.5908
15.2568
16.8436
18.7043
15.4458
18.7487
15.4483
14.5456
18.7977
15.197
18.8248
18.8341
16.8518
22.547
22.5479
27.8031
33.3551
36.5937
31.2673
36.5928
37.8754
36.594
35.6726
27.8031
27.8031
27.8031
36.5847
36.5859
35.6549
27.8031
36.5832
27.8031
28.7322
27.8031
15.433
35.2487
36.5765
14.5422
16.8294
15.4303
18.0023
13.7928
15.4298
18.0522
15.1815
18.08
18.0899
18.0998
16.8373
18.1273
21.8238
27.8031
27.8031
35.6542
37.9783
27.8031
27.8438
36.5729
33.3693
28.3968
36.5724
31.2837
36.5717
36.5728
15.4287
17.5698
36.5763
15.4322
16.8336
27.8031
27.8031
27.8031
36.5694
35.7152
35.2542
13.9786
17.3713
17.3818
36.5668
13.1542
21.0513
15.4211
21.0871
17.4026
17.4129
15.1749
28.1187
16.8282
17.4539
17.4641
17.4742
36.5777
16.8338
15.4346
17.4924
17.5024
16.8383
36.5844
15.4402
37.9214
35.6631
27.8031
28.0547
27.838
33.3638
36.5797
27.8031
27.8031
31.2832
36.5722
27.8031
36.57
16.9774
36.5722
35.7046
16.9073
36.5743
15.43
22.2634
27.8031
36.5742
27.8031
22.1757
20.5281
20.5315
36.5752
27.8031
27.8031
35.7184
27.8031
35.2565
36.564
15.169
36.5661
36.5672
31.2877
36.5665
13.0902
12.6217
33.3766
16.8147
27.853
27.8031
15.4097
16.8111
16.8121
36.5582
37.9678
16.8143
27.8031
35.6307
27.8031
27.8031
15.4065
15.4075
16.8089
26.9431
16.811
19.9613
19.9653
16.8141
26.9698
36.5612
27.8031
36.5591
36.5602
27.8031
35.2616
36.5558
35.7734
36.5568
15.1618
16.8138
26.6982
19.7061
19.7103
26.7043
27.8031
35.6348
27.8031
27.8031
37.9386
36.5557
36.5567
15.4123
27.8031
36.5559
27.8552
15.409
15.41
36.5563
16.8123
33.379
36.5559
31.2965
36.5554
34.9219
36.5574
27.8031
27.8031
27.8031
35.9497
16.805
16.806
36.552
36.553
27.8031
35.801
12.6304
16.8038
16.8047
16.8057
15.4064
15.4073
20.7896
20.7943
12.0407
12.0444
16.578
36.5477
37.8908
13.7524
27.8031
27.8613
36.5446
33.3872
35.6155
31.3068
36.5426
25.8191
36.5445
27.8031
31.3079
36.5412
33.3894
36.54
27.8651
27.8031
36.536
36.5369
37.8301
35.8768
36.5379
27.8031
35.6076
27.8031
27.8031
27.8031
27.8031
27.8031
36.5236
35.2832
11.1247
15.3746
15.3755
16.7768
25.1987
12.6485
15.1256
16.7775
16.7785
15.3791
16.7803
16.7813
16.7822
16.7831
16.7841
15.3847
27.8031
27.8031
35.5962
37.7763
27.8031
27.8756
36.5219
33.4022
25.0858
36.5216
31.3243
36.5212
15.3767
36.523
16.7789
36.5249
15.3804
16.7816
11.0002
27.8031
27.8031
27.8037
35.2875
36.5158
36.0304
16.7716
16.7725
36.5185
17.8899
12.6508
17.904
15.3738
16.775
15.1249
16.7768
24.9682
36.5237
36.5246
33.4003
27.8759
36.5213
27.8031
36.5198
36.5207
37.7555
35.5918
27.8031
36.08
36.5199
27.8031
27.8031
27.8031
27.8031
27.8094
36.5087
35.2929
10.4204
15.36
15.3609
16.7621
24.469
12.6584
15.111
16.7628
15.3634
16.7646
16.7655
16.7663
16.7672
16.7681
16.769
15.3695
27.8031
27.8031
35.5801
37.7158
27.8088
36.5096
27.8842
24.4254
33.4111
36.5073
31.3361
36.507
36.5078
16.7636
15.3641
15.365
36.5112
16.767
27.8031
27.8031
27.811
16.761
36.5069
35.9285
35.294
10.2342
16.7587
36.5047
17.2118
12.6601
15.3591
17.2534
16.7611
16.762
15.1118
24.289
16.7645
31.3342
17.2919
16.765
24.2998
36.5117
36.5126
36.5134
27.8031
27.8086
35.2927
36.5079
36.5088
36.5096
35.9527
36.5104
15.1151
10.0804
12.6575
16.7632
16.764
16.7648
15.3653
15.3661
36.5124
37.7217
27.8078
27.8836
36.5092
33.4105
35.5771
31.3354
18.5855
36.5086
36.5094
23.877
27.8031
18.5147
27.8031
9.78656
36.5051
35.9137
9.74083
14.3084
27.8031
13.7035
36.5007
16.7564
27.8031
36.5001
16.7558
16.7566
36.5025
37.6848
16.7583
35.5726
27.813
23.6843
27.8885
16.7566
33.4155
27.8031
27.8031
36.4965
31.3452
36.4962
27.8031
15.3494
36.4956
16.7513
36.4972
35.8578
36.498
16.7537
27.8031
27.8031
36.4953
27.8185
16.3874
16.3936
35.3019
15.3486
27.8942
36.493
31.3482
36.4927
27.8202
36.4915
37.6466
36.4924
35.5606
27.8031
36.4917
27.8031
27.8031
35.8022
27.8031
36.4863
27.8031
27.8255
35.3104
36.4815
15.3368
22.975
9.03596
16.7368
15.3373
12.6757
16.7368
15.0865
15.338
16.7391
16.7399
16.7406
16.7414
16.7422
16.7429
27.8231
27.8031
27.8031
36.4829
36.4837
9.13032
36.4827
12.6757
35.7697
36.4819
15.0865
36.4834
36.4842
16.7398
31.355
33.4276
27.9018
27.8278
16.7344
36.4803
37.6101
15.3356
27.8031
16.7347
27.8031
27.8031
35.5427
15.3319
16.7329
15.3334
15.3341
22.8916
16.7359
35.5482
27.8031
27.8031
27.8031
37.5963
36.4767
27.8303
16.7305
27.9062
15.3292
15.7534
33.4335
15.7225
36.4754
31.3632
36.4751
16.7307
15.3311
36.4773
22.6751
36.4788
16.7343
36.4802
16.7358
15.3362
16.7372
35.7759
27.8031
36.4812
27.8031
36.4801
27.8281
15.3336
35.3126
8.67751
16.7314
36.4773
36.478
27.8031
27.8031
37.5913
27.8031
27.833
36.4714
27.9089
33.4373
22.3952
36.4698
31.3681
36.4695
15.3248
36.471
16.7265
36.4724
15.3276
16.7287
27.8031
35.728
36.4727
27.8031
27.834
16.7247
35.3188
16.7239
8.37662
36.4682
15.3234
15.3148
16.7251
12.6843
15.3404
16.7251
16.7258
15.0755
22.3798
8.45784
16.7263
35.3177
27.8345
27.8031
15.3218
27.8031
36.4661
36.4668
36.4675
15.0721
35.7121
36.469
36.4697
31.3681
36.4694
33.4376
27.9112
16.722
27.8364
27.8031
16.7193
27.8031
37.5569
36.4634
27.8031
15.3169
35.5278
16.7185
15.3188
27.8031
35.3238
27.8031
36.4601
36.4607
36.4614
35.6846
8.15281
36.4606
12.6911
15.0638
36.4606
36.4613
31.3754
33.4438
16.7146
27.9167
27.8422
16.7122
36.458
37.5436
27.8031
16.7119
27.8031
35.5202
27.8031
15.3094
15.3101
16.7111
15.3114
15.3121
21.9077
8.15494
12.6939
35.3287
27.8449
27.8031
27.8031
36.4498
15.305
31.385
36.4503
33.451
15.3041
36.4503
36.451
27.9226
36.4502
36.4508
27.8031
27.8481
27.8031
27.8031
35.6216
37.5058
35.5084
36.4457
15.0501
21.6001
16.7025
27.8491
36.4468
35.5109
27.925
27.8031
27.8031
33.4564
27.8031
36.4404
31.394
36.4402
21.4033
36.4416
15.2967
36.4429
35.6166
15.0474
36.4442
27.8031
16.6981
27.8031
27.853
35.3393
36.4395
16.6949
15.2953
15.2959
8.16624
16.6955
16.6961
12.7049
16.6956
15.0452
15.0458
16.6975
15.0471
16.6988
36.4446
36.4453
27.8031
27.8031
27.8527
35.6088
16.6961
35.3385
36.4406
16.6961
36.4419
12.7045
8.16673
36.44
31.3943
36.4398
15.2949
33.458
16.6946
27.9301
15.2936
27.8547
36.4383
37.4896
15.2935
27.8031
35.5007
27.8031
27.8031
15.29
27.933
37.4788
36.4349
33.4619
36.4343
35.4973
31.3989
27.8031
36.4332
27.8031
27.8031
36.4307
36.4314
21.003
15.2871
35.5824
27.8031
36.4318
27.8031
27.8606
35.3473
36.4282
8.17523
16.6823
15.0319
15.2833
16.6842
15.2845
12.7131
16.6843
15.0339
16.6855
16.6861
16.6868
15.0364
15.037
27.8031
36.4323
36.4329
27.8588
35.3454
36.4309
35.5769
36.4316
15.036
36.4328
36.4335
31.4002
8.17214
33.4644
12.7129
27.9374
27.8622
16.6818
16.6824
36.4283
37.4635
15.2834
27.8031
16.6829
35.4906
27.8031
27.8031
16.6811
15.2814
15.282
20.9145
15.0325
15.2838
16.6847
16.6853
16.6859
15.0355
15.2868
15.2874
16.6883
16.6889
8.05
8.05
11.3117
36.4307
37.4698
15.2859
27.8598
27.9367
36.4294
33.4658
35.4907
31.4044
36.4286
20.8978
36.4298
27.8031
16.6838
16.6844
15.0339
8.17386
16.6843
35.3468
15.2834
16.6843
16.6849
15.0345
15.035
16.6867
36.4325
37.4743
16.6879
35.496
27.8583
20.9226
27.9348
16.687
33.4638
27.8031
27.8031
36.4289
31.4043
36.4287
27.8031
15.2824
36.4285
16.6838
36.4296
35.5728
36.4303
16.6857
27.8031
27.8031
36.4286
27.8616
15.0317
15.0323
35.3475
15.2824
8.05
16.6819
11.3147
8.05
16.68
35.4874
27.8031
27.8031
27.8031
37.4465
16.677
16.6776
20.7394
15.0277
16.6793
16.6799
16.6805
8.05
16.6796
11.3164
16.6792
15.0287
16.6803
36.4261
36.4267
27.8031
27.8031
27.8647
35.5509
35.3516
36.4222
12.7188
36.4217
8.17965
15.2755
15.2761
15.2767
36.4228
15.2778
31.4093
36.4232
13.6273
16.6791
33.4694
27.9413
15.0264
16.678
20.7607
16.6792
36.4249
36.4255
36.4261
8.05
16.68
16.6806
11.3157
27.8031
27.865
35.3519
36.4217
36.4223
36.4228
35.5513
36.4234
15.0277
8.17806
36.4234
36.4239
31.4088
12.718
16.6776
36.4233
34.7892
36.4244
27.8031
27.8031
36.4223
27.8437
30.6036
20.5864
16.6772
16.6778
16.6783
15.0279
36.4246
36.4252
27.8031
27.8031
27.8656
35.5468
35.3525
15.2753
15.2759
13.6255
36.4225
12.7185
8.17975
36.4209
15.2759
15.2765
36.4225
31.41
36.4224
15.0267
15.0273
16.6788
20.6098
36.4252
27.8639
27.8031
27.8031
36.4219
36.4224
8.17911
36.4218
12.719
35.5453
15.0252
12.7193
8.18048
16.6746
16.6752
16.6757
8.05
8.05
16.6737
16.6742
27.8031
34.784
30.6123
27.8031
36.4182
27.8465
36.4175
36.418
16.6734
15.2736
16.6744
16.675
16.6755
27.8031
27.8031
27.8031
16.6722
35.4789
20.5664
37.4387
27.8683
27.9454
16.6715
33.4749
16.6711
8.18332
36.4157
36.4163
31.4158
36.4162
12.7231
15.0195
16.671
15.0205
36.4173
35.3554
36.4168
27.8694
15.02
27.8031
27.8031
16.669
36.4148
36.4153
36.4158
34.7816
36.4168
27.8031
27.8031
27.849
20.3682
30.3799
15.0182
15.0188
16.6703
16.6708
16.6713
15.2715
11.9102
20.4235
31.1159
17.1491
25.7618
20.4192
12.7226
16.6712
35.356
27.8704
27.8031
27.8031
36.4123
36.4128
36.4134
36.4139
36.4144
15.2694
31.417
36.4148
35.4842
33.4763
15.0182
27.9474
27.8718
27.8031
27.8031
37.4176
27.8031
36.4092
35.47
16.6649
15.2651
16.666
15.2662
20.2553
16.6675
15.017
16.6685
20.2838
36.4148
36.4153
36.4158
36.297
36.4168
36.4173
27.6471
36.4166
27.6207
27.8704
35.3575
15.0176
16.6691
16.6696
15.0191
25.5473
37.162
33.0952
16.9156
27.613
27.606
16.9006
22.2481
36.4099
27.584
35.2833
27.5701
36.4081
27.8753
36.4075
35.3624
36.4071
36.4076
15.2625
36.4086
20.0561
36.4096
34.4541
36.0825
15.0148
27.4732
27.4663
27.5092
30.0241
15.0121
16.6636
16.6641
15.2643
16.6651
11.562
20.0642
30.7567
16.7969
25.4036
36.4101
36.4106
31.4209
36.4105
35.1571
36.0469
33.479
27.4105
27.4038
36.4083
27.8751
16.6625
16.663
30.6555
25.3047
19.9621
11.4644
8.05
15.4037
16.6623
16.6628
16.6633
36.0452
27.4324
27.4257
35.1196
27.8762
35.3636
36.4053
15.0096
36.4063
36.4068
31.4245
36.4067
8.18994
12.7308
33.4836
16.6592
15.2594
16.6602
11.4361
19.9302
30.6227
25.2719
16.6671
29.932
27.3612
27.3546
27.4018
34.3058
15.4093
8.05
16.6558
8.05
11.335
8.05
36.3984
35.9427
35.0186
27.3337
27.3272
36.3972
36.3977
31.433
36.3977
27.8824
35.3702
33.4903
27.9611
27.885
14.9971
8.19931
12.7408
19.7839
30.4763
25.1258
16.6482
16.5416
15.4194
8.05
16.6461
13.5953
15.2467
27.9629
36.3918
31.4385
36.3918
27.8865
36.3913
37.3737
36.3918
35.4512
27.8031
36.3916
27.8031
27.8031
31.4408
36.3894
33.4951
36.389
27.9653
27.889
36.3876
36.3881
37.3663
34.6365
35.5671
26.9753
26.9691
27.8901
36.386
35.378
27.891
33.499
36.3838
31.4461
36.3838
37.3565
36.3843
35.4431
27.8031
27.8031
27.8031
36.382
36.3825
34.4103
26.7704
35.3433
26.7584
19.2915
27.8937
15.2353
35.3818
36.3805
8.20846
16.6348
15.2349
14.9847
12.7495
15.2351
16.6358
14.9853
16.6368
16.6372
16.6377
16.6382
16.6386
14.9881
26.8703
26.8643
33.8032
26.9197
35.4256
36.3827
10.9177
30.0633
24.7135
16.1317
8.20763
12.7496
35.3825
26.8338
29.3553
33.7656
26.8188
35.388
36.3786
36.3791
36.3795
19.3187
16.6352
14.9846
10.8832
19.3363
14.9846
16.6361
30.0421
15.2367
24.7085
16.1266
16.6369
15.4301
8.05
26.8423
35.3826
26.8279
36.3783
35.3893
36.3792
34.4165
8.20929
36.3789
12.751
14.9823
27.8031
27.8031
35.4346
37.3411
27.8967
27.9745
36.3757
33.5054
19.222
36.3758
31.4538
36.3757
36.3762
15.231
16.6318
36.3775
15.2324
16.6332
26.6799
26.6742
27.8971
35.2331
34.2714
35.3854
8.21222
14.9785
16.6299
36.3757
12.7535
14.9791
15.2302
14.98
16.6314
16.6319
14.9813
19.2456
24.591
16.0133
19.2469
10.803
8.05
15.4366
16.6308
15.231
16.6317
16.6322
37.3423
27.8963
27.9741
33.5053
35.433
31.4541
36.3753
36.3758
27.8031
27.8031
27.8031
36.3733
15.2281
36.3742
19.1568
34.2406
35.1937
26.616
26.6105
27.8994
15.2271
36.3731
35.3875
8.21427
27.8031
27.8031
37.3248
27.8031
27.9025
36.3682
27.9802
33.5117
19.027
36.3675
31.4618
36.3675
15.2223
36.3683
36.3688
26.4619
34.0526
26.4511
27.9037
35.3928
29.6424
15.7281
18.9493
10.5271
8.05
15.4502
16.6181
15.2183
16.619
17.342
36.3652
14.9693
36.366
14.9702
36.3669
16.6221
35.0312
33.3914
26.4557
26.4503
26.5237
28.9484
16.6208
15.2209
18.9835
16.6221
10.5652
27.8031
18.9865
27.8031
35.4223
27.8031
28.9492
26.519
33.3602
26.4285
34.9839
36.3641
36.3646
36.365
18.9174
16.6206
14.97
10.5061
18.9344
14.97
16.6214
29.6396
24.2906
15.7236
15.2215
16.6222
15.4457
8.05
14.9703
16.6218
15.2219
16.6226
15.2227
16.6235
10.4657
10.6297
17.9612
15.7223
16.6207
16.6211
14.9705
15.2216
16.6224
13.6068
11.3704
16.6231
16.6235
14.9729
16.6244
27.9018
36.3692
35.4268
27.9792
27.8031
27.8031
33.512
27.8031
36.3657
31.4635
36.3657
19.0426
36.3665
15.2213
36.3674
34.0986
14.9715
35.0707
26.5003
16.6225
26.5022
27.9037
35.3928
36.3657
16.6208
15.2209
15.2213
8.21814
16.6213
16.6217
12.7601
16.6214
14.9708
14.9712
16.6226
14.972
27.8031
27.8031
35.4238
37.3189
27.9037
27.9817
36.3658
33.5128
19.0035
36.3659
31.4633
36.3658
15.2207
36.3667
16.6218
36.3675
15.2223
16.623
8.21712
26.4781
26.473
27.9045
35.3936
35.0145
34.036
16.6198
14.9692
36.3659
14.97
12.7606
14.9697
15.2208
16.6215
14.9709
16.6223
19.0277
35.0703
26.4998
26.4947
34.083
27.9038
35.3929
36.3656
14.9697
36.3664
36.3668
31.4624
36.3668
8.21823
12.7609
33.5132
16.6197
27.9824
27.9055
15.2182
16.619
16.6194
36.3651
37.315
16.6203
27.8031
35.4218
27.8031
27.8031
15.218
15.2185
14.9682
18.945
16.62
36.3657
14.9698
36.3665
14.9706
36.3673
16.6224
34.9912
33.3518
26.4162
26.4113
26.4848
28.9107
26.3989
34.9565
36.366
27.9043
35.3934
36.3649
33.9419
36.3654
14.9695
36.3662
8.21867
12.7613
16.6198
36.3655
34.9027
33.9264
26.3301
26.3252
36.3646
36.365
31.4641
36.365
27.905
35.3941
33.5145
27.984
27.9071
14.9654
8.22191
15.2157
12.7645
28.7709
33.1903
34.8207
26.2573
26.335
36.3604
36.3608
36.3612
16.6163
16.6167
16.6171
14.9664
27.9066
26.2465
26.2417
36.3606
34.7879
8.22238
36.3607
12.765
33.7993
36.3605
14.9646
36.3613
36.3617
16.6168
31.467
33.516
27.9854
27.9084
16.6145
36.3602
37.3045
15.2151
27.8031
16.615
27.8031
27.8031
35.4152
15.2137
16.6144
15.2145
15.2148
18.7029
10.2878
18.7068
29.3992
24.0506
15.4898
14.9645
16.6159
16.6163
34.7702
36.3624
36.3627
26.1859
36.3623
26.1676
27.9075
35.3968
14.9641
14.9644
16.6158
18.6876
36.3619
36.3623
36.3627
36.3631
26.1438
33.7215
26.1346
36.3618
27.9072
36.3615
35.3962
14.9649
16.6162
23.9669
15.4054
18.623
10.2067
8.05
15.4539
16.6147
15.2147
16.6154
16.6158
17.0181
17.0033
26.1595
27.9079
35.3972
36.3598
34.6918
36.3606
33.6948
36.361
14.9651
8.22207
14.9648
16.6162
18.6414
16.6169
36.3626
36.363
8.22094
12.7637
36.362
18.6412
36.3628
33.0427
34.6734
14.9676
26.1127
26.1082
26.1852
28.6019
14.9657
16.6171
16.6175
15.2176
16.6182
18.6546
10.2341
18.6585
29.3509
15.4386
24.0014
31.4656
36.3635
33.5145
27.984
36.3625
27.9067
36.3621
36.3625
37.3094
35.4195
27.8031
26.023
34.5772
33.595
27.8031
26.0031
27.9085
35.3977
36.3591
8.22379
25.9833
25.9789
28.4703
34.5266
26.0529
36.3569
36.3573
36.3577
16.6127
12.767
16.6125
35.3989
27.9106
25.9525
25.9482
36.3552
34.4898
36.3559
36.3563
36.3566
15.2114
31.4719
36.357
33.4699
33.5195
14.9605
27.9884
27.9113
27.8031
27.8031
37.2906
27.8031
36.3534
35.4097
16.6088
15.2089
16.6096
15.2096
18.3723
16.6107
8.22603
27.9895
37.2924
36.355
33.521
35.4108
27.8031
27.8031
27.9911
36.3529
31.476
36.3528
27.9136
36.3525
37.2879
36.3529
35.4091
27.8031
36.3528
27.8031
27.8031
33.2477
25.688
34.2317
25.6797
27.9155
35.4052
36.3491
25.6567
25.6526
32.5586
25.7359
34.1848
36.348
36.3483
36.3487
16.6037
9.73274
36.3487
36.3491
16.6041
14.9535
16.6049
16.6052
18.1536
14.9549
14.9553
18.1655
16.607
36.3527
16.6077
16.6081
18.1866
28.8789
23.531
16.6096
14.9831
15.4602
8.05
27.8031
27.8031
35.4076
37.2864
27.9143
27.9925
36.3509
33.5242
18.1222
36.351
31.4778
36.351
36.3513
36.3517
16.6067
25.5819
27.9147
25.5718
28.0535
32.4783
25.5618
34.1046
36.3503
36.3506
36.351
18.044
16.6064
9.65097
18.0547
28.7469
23.3993
14.8473
16.6064
16.6067
14.9561
15.2071
15.2075
13.5569
16.6085
16.6089
14.9582
16.6096
16.6099
14.9593
25.6451
32.5584
28.1306
25.6351
36.3549
25.7116
36.3546
36.3549
15.2097
16.6103
16.6107
14.96
14.9604
16.6117
18.1608
36.3577
25.6426
35.3995
25.6325
36.356
34.1758
36.3567
33.175
8.22546
12.7685
14.9595
28.1155
25.705
32.533
25.6112
34.1595
36.3556
36.3559
16.611
27.8031
27.8031
37.2927
27.8031
27.9127
36.3538
27.9906
33.5225
18.0334
36.3532
31.4756
36.3532
36.3536
36.3539
36.3543
31.4746
36.3543
33.029
34.014
33.5213
25.4446
25.4407
27.9915
36.3523
27.914
27.9144
35.4041
36.3507
14.9547
36.3514
36.3517
32.2984
33.9297
25.3765
25.3727
25.4583
17.8728
27.8541
36.3511
32.2733
33.9047
25.3521
25.3483
36.3506
25.4283
27.8208
17.8408
31.4783
36.3505
33.5245
36.3502
27.9932
27.9159
36.3493
36.3496
37.2818
32.7974
33.7891
25.2382
25.2345
27.9166
36.3483
35.4061
28.4085
23.0614
17.7182
9.32349
8.05018
15.4676
16.6021
15.2021
16.6028
27.9169
33.5269
36.3472
31.4815
36.3472
37.2767
36.3476
35.4034
27.8034
27.8039
27.8043
36.3461
36.3464
32.6884
25.142
33.6802
25.135
27.9189
15.1994
35.4085
36.3448
8.23417
16.5992
9.24751
28.3286
22.9816
14.4395
16.5989
15.4711
8.05303
16.5982
27.8064
27.8068
35.3975
37.2666
27.921
36.3422
27.9991
17.5998
33.5312
36.3417
31.487
36.3417
36.342
36.3423
16.5973
25.062
27.9213
28.2374
14.3527
17.5463
9.16445
8.05528
15.4758
16.5947
15.1947
16.5953
16.5957
35.3963
27.8079
27.8084
27.8089
37.2599
36.3396
27.923
28.0015
15.193
33.5337
36.3385
31.4902
36.3385
15.1932
16.5938
15.1938
16.5945
16.5948
16.5951
14.9445
16.5958
15.1958
15.1962
16.5968
16.5971
15.1972
16.5978
16.5981
15.1981
14.9478
13.5479
15.1991
14.9488
16.6001
15.2001
15.2005
16.6011
13.5502
15.2015
15.2018
12.3199
16.6022
16.6025
16.6029
14.9522
15.2032
13.5526
15.2039
16.6045
15.2045
15.2049
16.6055
15.2055
16.6062
15.2062
16.6068
13.5559
16.6075
15.2075
15.2078
14.9574
6.65
13.5568
15.2081
16.6087
16.609
16.6094
15.2094
16.61
16.6103
15.2104
14.96
16.6113
16.6116
16.612
15.212
16.6126
16.6129
12.3063
15.2127
16.6134
16.6137
16.614
16.6143
16.6147
14.964
15.215
16.6156
16.616
15.216
16.6166
15.2166
16.6172
13.5663
14.9669
15.2179
15.2182
16.6188
12.299
16.6189
16.6193
14.9686
16.6199
16.6202
16.6205
16.6209
16.6212
16.6215
16.6218
15.2218
16.6225
15.2225
15.2228
16.6234
15.2234
16.624
14.9733
13.5734
15.2247
15.225
15.2253
16.6259
16.6263
16.6266
16.6269
16.6272
16.6275
16.6278
16.6281
15.2281
14.9778
16.6291
12.8738
16.6292
16.6295
12.2859
15.2293
16.6299
16.6302
16.6305
16.6308
16.6312
15.2312
14.9808
16.6321
13.5811
11.4497
8.05
15.2312
15.2315
11.7435
6.65
12.3022
6.65
15.2301
18.7321
16.631
16.6313
16.6316
15.2316
16.6323
16.6326
36.3782
34.7296
8.05
27.7969
8.3705
16.6326
16.6329
8.05
15.2322
16.6328
15.2328
16.6334
16.6338
6.65
13.5821
16.6337
13.5827
11.4485
8.05
15.2328
15.2331
14.4413
6.65
12.3003
12.6073
16.6322
14.9815
8.05
13.5808
16.6324
15.2324
16.633
16.6333
6.65
13.5817
16.6332
13.5823
16.6339
16.6342
16.6345
8.05
14.9831
8.05
13.5824
11.4487
15.2332
16.6338
12.6062
8.05
8.05
13.581
15.2322
16.6328
16.6331
16.6334
16.6338
16.6341
16.6344
16.6347
16.635
16.6353
15.2353
12.6048
16.6354
14.9847
8.05
13.584
16.6356
15.2356
16.6362
16.6365
15.2365
15.2368
15.2371
8.05
16.637
16.6373
16.6376
16.6379
16.6382
8.05
8.05
12.6038
15.2363
16.637
14.9862
13.5863
15.2375
29.7922
32.536
29.865
14.9878
12.6024
8.05
8.05
13.5859
15.2372
16.6378
16.6381
16.6384
16.6387
16.639
16.6393
16.6396
16.6399
15.2399
29.8531
32.5383
29.8717
36.3864
28.995
23.0043
28.5426
33.3102
28.3182
16.6405
27.8031
27.8031
34.5184
27.8031
34.7352
19.2397
16.6394
36.385
36.3853
34.7366
16.6406
15.2406
27.8031
13.5892
27.8031
27.8031
14.9885
16.6398
8.05
15.2391
21.4635
27.8742
16.6391
19.2596
18.8094
17.1893
16.111
16.6383
8.13885
9.64008
16.6375
16.6378
16.6381
16.6384
16.6387
15.2387
29.8191
32.5371
29.8682
36.3852
28.9965
22.9709
28.5438
33.3116
16.6397
28.319
27.8031
27.8031
34.5156
19.2274
34.7349
27.8031
8.05
8.05
12.604
16.6364
13.5854
36.3823
36.3825
15.2373
16.6379
34.7345
16.6384
14.9877
16.639
16.6393
16.6396
15.2396
16.6402
32.5381
29.8709
28.9957
28.5435
29.7307
28.3185
33.3114
36.3852
19.1998
34.5209
34.7369
22.8721
27.8031
27.8031
36.3851
27.8031
36.3847
16.6397
34.7363
13.589
27.8031
16.6399
27.8031
27.8031
28.1757
27.8031
8.05
16.6379
22.8246
36.3837
27.8031
27.8031
27.8031
16.6368
29.0002
29.8598
33.3149
32.5343
28.5468
28.3217
16.6362
34.5116
16.6366
16.6369
34.7335
16.6374
36.383
34.7344
15.238
16.6386
36.3841
15.2388
27.8031
16.6388
27.8031
19.0432
27.8031
24.3828
27.8031
13.089
8.05
22.7316
15.2368
28.0915
19.0475
8.05
16.6373
35.1008
16.6379
14.9872
15.2382
13.5875
8.05
21.2991
27.7094
19.0874
16.6381
18.6449
17.0244
15.946
8.13988
32.5341
29.0006
28.5472
33.3157
28.3223
34.5095
27.8031
27.8031
36.3797
27.8031
34.7304
29.5074
36.3799
22.685
34.7315
36.3807
27.8031
27.8031
18.9642
27.8031
27.8031
15.2332
16.6338
8.05
13.0936
28.0174
8.05
29.8483
28.5506
29.0057
33.3201
28.3255
34.5004
27.8031
27.8031
34.7269
36.3761
27.8031
36.3757
29.3778
22.5639
34.7276
36.3768
27.8031
27.8031
18.8436
27.8031
15.2299
27.8031
16.6299
16.6302
16.6304
8.05
13.0972
27.9071
8.05
16.6295
16.6298
16.6301
16.6304
15.2303
16.6309
16.6312
12.0378
16.6314
27.8031
27.8031
27.8031
16.6298
36.3754
27.8031
34.7261
36.3753
18.8774
34.7269
16.6308
34.499
8.05
16.6305
8.05
13.0971
28.3273
28.5537
32.5268
33.3232
29.8386
29.0096
12.0416
15.2288
27.8031
27.8031
27.8031
36.3728
15.2275
29.3334
16.6283
22.5246
13.5776
27.8031
27.8031
27.8031
34.7237
27.8578
8.05
36.3725
36.3728
8.05
13.1003
34.7233
34.49
16.6273
28.3293
18.7864
28.5557
33.326
32.5245
29.8328
12.0449
29.0123
16.6269
16.6272
27.8031
27.8031
27.8031
36.371
15.2256
29.2518
22.4382
16.6267
15.2267
13.576
11.4537
8.05
15.2262
12.6117
16.6263
14.9756
8.05
13.575
16.6265
15.2265
16.6271
16.6274
6.65
13.5758
16.6273
12.6111
16.6271
14.9764
8.05
13.5758
16.6273
15.2273
16.6279
16.6281
15.2281
16.6287
12.61
8.05
8.05
13.576
15.2272
16.6278
16.6281
16.6284
16.6286
16.6289
16.6292
8.05
14.9778
8.05
13.5773
16.6288
15.2288
16.6293
16.6296
16.6299
13.5789
16.6304
16.6307
14.9799
14.9802
16.6315
12.6079
8.05
8.05
8.05
21.2815
27.6887
19.0501
16.6292
18.625
17.0026
15.9234
16.6283
6.65
15.2276
19.0794
16.6285
16.6288
16.629
15.229
16.6296
16.6298
36.3754
34.7267
8.05
28.1409
15.23
14.9796
16.6308
12.6084
8.05
16.6301
8.05
16.6297
14.979
14.9793
12.6088
8.05
8.05
13.5776
36.3744
36.3747
34.7261
27.8031
27.8031
19.1164
27.8031
35.1387
28.1457
27.8031
28.3288
32.3019
36.3728
35.5833
14.9768
15.1929
8.05
16.6272
14.9765
15.2275
13.5768
8.05
21.3386
27.7452
19.1032
16.6275
18.6816
17.0588
15.9794
8.14721
16.626
9.64929
14.9748
16.6261
16.6264
12.6118
15.2259
16.6264
14.9757
16.627
8.05
15.2263
21.4099
27.8163
16.6264
19.1773
18.7525
17.1296
16.0501
13.5745
16.626
8.14739
9.64971
16.6253
16.6256
16.6258
14.9751
14.2728
28.3302
34.7225
36.3717
32.3029
36.3716
34.3383
36.3717
35.5803
33.4098
36.3718
27.8031
27.8031
27.8031
19.1287
27.8031
27.8031
27.8031
27.8031
28.1439
36.3686
8.05
15.1985
28.4943
24.4424
8.05
18.6831
17.0592
35.5677
32.3073
33.4159
34.344
28.3345
35.1217
27.8031
27.8031
34.7163
36.3655
27.8031
36.3652
28.4
24.3482
36.3659
36.3662
27.8031
27.8031
18.9789
27.8031
15.2194
27.8031
16.6194
16.6197
16.6199
8.05
15.2021
28.0407
8.05
16.6191
15.219
9.65458
15.9023
16.9829
19.0184
18.6106
27.6785
21.2739
15.2175
8.05
16.6175
14.9667
16.618
14.2614
14.9674
19.0637
15.9484
18.6554
27.7233
21.3188
8.15342
9.65653
8.05
16.6162
14.2589
16.6166
16.6168
24.4428
22.7922
24.443
28.4934
19.0977
36.3637
35.1362
27.8031
27.8031
27.8031
35.1115
15.2171
34.7186
33.4206
35.5564
34.3483
32.3114
34.4024
31.9903
15.2166
36.3625
34.7138
36.363
36.3633
27.8031
28.0435
35.1147
27.8031
15.2171
27.8031
28.3381
27.8031
36.3615
14.9655
32.3123
35.5528
34.3499
33.4227
16.6161
8.05
16.6158
16.6161
15.2057
8.05
27.8031
27.8031
36.3598
27.8031
16.6142
13.5631
16.6147
28.3492
24.2977
16.6154
14.1702
15.2153
34.6213
31.9304
24.3106
24.3107
34.7171
35.0039
24.3022
35.0011
16.6172
16.6175
16.6177
16.618
15.2179
14.465
16.6184
16.6186
35.04
34.7201
18.9886
22.6832
34.6477
31.9384
34.3452
18.9806
16.944
15.8639
27.6372
21.2324
8.15289
8.05
16.6173
9.65616
33.4215
35.5545
34.3492
35.554
32.3121
36.362
28.3382
27.8031
27.8031
35.1092
36.3608
27.8031
28.3012
34.7118
24.2397
36.3613
36.3615
36.3618
27.8031
27.8031
27.8031
18.8591
27.8031
16.6148
15.2147
15.2069
8.05
16.6145
16.6148
27.9256
8.05
16.6147
15.2147
16.6152
16.6155
16.6157
16.616
8.05
21.18
15.2152
15.2155
14.2583
27.8031
27.8031
27.8031
14.9635
36.3601
27.8031
36.3598
36.36
18.9062
34.7116
16.6155
35.1098
8.05
16.6152
8.05
15.2072
28.3401
32.3145
36.3594
34.3523
35.5469
33.4252
14.1729
15.2137
27.8031
27.8031
15.2128
8.53581
16.613
14.4228
16.6135
16.6137
8.05
8.05
27.8031
27.8031
27.8031
14.1777
27.5734
8.05
16.6104
18.5155
18.9099
16.8898
15.8088
14.9588
16.61
8.15862
14.2496
9.66231
16.6095
16.6098
16.61
15.21
16.6105
21.2339
27.6345
18.568
18.9617
16.9422
14.959
15.8665
16.6097
14.2498
27.8031
27.8031
27.8031
35.006
35.0032
18.9575
34.593
34.339
31.9288
22.6429
24.2938
24.2939
14.4188
16.6098
16.6101
16.6103
27.8031
36.3554
27.8031
36.3551
27.8031
36.3548
27.9788
34.7064
35.0975
18.9162
8.05
28.3441
14.9586
8.05
15.2134
32.3194
36.3542
34.3583
35.5334
33.4317
16.6088
15.2088
16.6093
27.8031
14.1816
27.8031
27.8031
36.3532
24.2316
16.6084
16.6087
16.6089
22.5938
18.9008
34.9453
34.9426
16.6101
34.7113
16.6106
34.5389
31.8704
34.2755
24.2364
24.2365
34.3562
35.5381
36.3561
28.3432
33.4295
35.0984
27.8031
34.7065
27.8031
27.8031
36.3546
36.3549
36.3551
28.1943
24.1433
36.3558
27.8031
27.8031
27.8031
18.7781
27.8031
15.2086
8.05
15.2142
27.8308
16.6087
8.05
14.9574
15.2083
14.1819
16.7944
18.8123
18.4245
8.15991
27.4954
9.6641
21.1006
8.05
16.6067
14.9559
16.6071
16.6074
14.2466
34.8977
34.895
22.5425
34.7094
24.1882
34.4776
34.2249
31.8149
24.1793
24.1795
36.3544
27.8031
36.3541
27.8031
34.7049
27.8031
27.8031
35.0921
27.8264
18.7824
28.3456
8.05
21.0601
27.4594
18.3936
18.7806
14.956
16.7722
15.6909
16.6064
16.6067
14.2456
16.607
32.3213
36.3523
34.3605
35.5285
35.0907
33.4341
34.7034
36.3525
36.3528
27.8031
27.8031
36.352
27.8031
36.3517
27.8031
27.8031
27.8031
28.0893
18.6944
27.8031
24.034
15.205
8.05
27.7433
15.2179
8.05
16.6046
16.6048
16.6051
14.9543
15.2052
14.1873
16.6057
16.6059
16.6062
16.6064
8.05
14.9551
21.0444
27.4434
18.3777
15.2054
14.2442
15.2058
15.2168
8.05
27.8031
27.8031
27.8031
27.8031
14.1911
34.399
34.1689
24.1153
24.1155
34.7048
34.8091
24.1077
34.8067
18.7612
16.605
16.6052
16.6055
8.05
21.0638
16.6051
27.4661
18.7824
18.4015
16.7734
27.8031
27.8031
27.8031
36.3485
27.8054
8.05
8.05
15.2209
16.6025
16.6027
16.6029
14.9522
8.54413
14.4116
15.2029
16.6035
16.6037
16.604
16.6042
15.2041
28.226
36.3502
35.5235
36.3505
33.4363
24.1495
32.323
34.3629
28.3483
16.6047
27.8031
27.8031
35.0838
27.8031
34.6999
18.752
16.604
36.3495
36.3498
36.35
11.4715
15.2042
16.6048
27.8047
16.6052
18.7662
34.8106
34.7069
22.453
24.1042
34.3886
34.1458
31.7364
24.0957
24.0959
16.6067
18.7547
18.7562
27.8031
27.8031
36.3518
24.0848
28.1346
33.4341
34.3608
35.5279
32.3216
36.3519
28.3468
16.6065
35.0899
34.7032
36.3523
36.3526
16.6075
36.353
27.8031
15.2155
27.8031
27.8031
27.8031
16.6058
8.05
15.2052
16.6058
16.606
18.6785
15.2061
8.05
27.733
16.6064
16.6066
24.0388
22.3879
14.9563
16.6075
8.16037
15.6107
16.6925
18.707
18.323
27.3891
28.1016
27.8031
24.0463
36.3515
27.8031
27.8031
27.8031
16.605
33.4365
35.5234
34.363
36.3503
32.3232
28.3484
16.6046
35.0857
16.6049
16.6051
34.7017
16.6056
36.3511
36.3513
15.2059
16.6065
36.352
15.2066
27.8031
16.6067
27.8031
18.6364
27.8031
23.9776
27.8031
15.2173
8.05
22.3267
15.2051
27.6846
18.6406
8.05
16.6056
34.6924
27.8031
27.8031
36.3505
34.7018
36.3509
36.3511
27.8031
27.8031
27.8031
36.3499
23.9296
27.9792
33.4364
34.363
35.5231
36.3503
32.3232
28.3484
16.6047
35.0858
34.7013
36.3505
16.6054
36.3509
36.3511
16.606
27.8031
15.2174
27.8031
27.8031
27.8031
16.6042
8.05
15.2036
16.6041
15.2041
18.5336
8.05
16.6043
27.5826
16.6048
23.8858
22.2349
36.3508
33.4359
32.3229
34.3628
28.3482
35.0857
27.8031
27.8031
36.3492
27.8031
34.7001
27.8627
36.3494
23.8062
36.3499
36.3501
27.8031
27.8031
18.441
27.8031
27.8031
15.203
16.6035
8.05
15.2202
16.6031
16.6033
27.501
8.05
16.6033
16.6035
16.6037
14.953
15.2039
16.6044
14.1893
16.6046
16.6048
16.605
23.8527
27.9022
16.6056
16.6059
14.9551
