3.16278
6.45569
8.12584
0.45
10
3.10136
10
10
10
10
10
10
10
4.86738
10
10
9.44402
10
10
10
0
4.86738
0
9.44402
0
3.16278
3.40184
10
10
3.40184
10
10
10
10
10
10
10
10
1.71012
10
1.71012
10
10
10
10
7.13503
0
10
7.13503
0
5.69601
6.98171
6.98171
10
10
10
7.14109
2.71663
10
6.4269
6.4269
10
10
10
9.85879
4.69227
10
10
10
10
7.73378
10
10
10
10
6.81235
10
10
10
10
10
6.81235
10
10
10
7.83503
10
3.16278
10
10
5.50187
5.50187
10
10
5.50187
10
8.29709
8.29709
5.0501
10
10
10
10
10
6.98811
6.98811
10
6.98811
6.98811
6.98811
6.98811
10
10
10
10
10
10
10
10
10
10
10
10
10
3.16278
3.16278
3.16278
3.16278
10
4.31121
4.31121
10
6.81235
10
6.83905
7.29227
0
6.70894
6.70894
7.83503
7.83503
10
10
10
10
10
10
10
7.83503
7.83503
10
10
10
5.50187
10
9.10856
10
10
9.10856
0
0
0
10
10
10
2.62704
2.71663
10
10
3.16278
10
10
10
10
10
3.16278
3.16278
10
3.16278
10
10
4.31121
10
10
4.25678
10
0
10
10
10
10
10
10
10
10
10
10
10
10
10
10
10
10
10
10
10
8.67478
7.27952
7.27952
3.88336
7.27952
3.88336
3.88336
4.77483e-14
4.77483e-14
4.77483e-14
0
0
0
10
6.48336
4.77483e-14
0
3.74318
10
10
8.53523
5.5118
9.18339
0
9.18339
9.18339
10
10
10
10
10
10
3.16278
3.16278
3.16278
9.18339
3.66722
2.62704
2.71663
2.71663
10
8.59316
8.59316
10
10
3.16278
3.16278
3.16278
10
10
10
4.29857
9.95977
7.75057
10
10
10
0
3.27482
3.27482
10
3.3084
10
10
10
6.87489
0
3.27482
10
10
5.70176
10
10
5.28487
6.51704
10
3.16278
2.47211
2.71663
4.97094
10
10
10
10
10
10
10
10
10
10
10
10
10
10
10
10
10
10
10
10
7.88487
10
10
6.13056
10
0.45
10
10
7.88487
10
10
10
7.57094
10
10
10
7.88487
10
10
10
10
10
10
6.13056
10
7.88487
10
10
10
10
6.13056
10
10
7.88487
0
0
10
0
10
10
10
10
10
10
10
10
10
10
10
10
10
0.45
4.68301
4.68301
3.59099
8.6129e-15
10
10
3.63886
3.63886
10
8.6129e-15
10
6.77638
1.36923
10
10
4.77483e-14
10
10
6.20565
10
10
10
10
10
4.77483e-14
10
10
8.80565
8.7787
3.16278
3.27482
3.98981
3.98981
10
10
10
10
10
10
2.05372
2.05372
3.16278
10
10
0
10
0
7.69507
10
7.1419
0
3.27482
10
10
2.6
10
10
0.45
10
0.45
2.28178
2.28178
10
10
10
10
10
10
10
0
10
0
10
0
0
2.34
0
0
3.16278
3.16278
3.16278
3.16278
2.71663
0.64292
10
6.16678
10
10
10
10
10
10
0.64292
0.45
0.45
10
10
9.18353
0
0
0
0
0
0
0
0
0
7.84444
7.84444
7.84444
7.84444
7.84444
7.84444
7.84444
10
7.84444
10
7.84444
10
10
10
10
10
10
10
10
10
10
10
3.16278
10
10
1.52407
10
10
6.90414
10
10
10
10
10
10
10
10
10
10
10
10
10
8.79134
0.45
0.45
0.45
10
10
0.45
8.79134
10
3.71964
7.4281
7.07973
10
7.88772
0
6.19426
10
10
10
10
10
10
7.14629
10
10
10
3.16278
10
10
10
10
10
6.51836
10
10
10
6.60375
10
6.51836
6.51836
3.27482
6.51836
6.51836
6.51836
10
10
10
10
10
10
0.625146
0.625146
10
7.68414
0.625146
10
10
10
7.68414
7.68414
10
10
3.48266
10
10
10
10
0
0
0
0
10
0
0
0
0
0
10
10
10
10
0
0
0
0
0
0
10
10
10
10
0.45
10
10
10
10
10
10
10
10
10
10
0
0
10
10
10
0
0
10
10
10
10
10
10
10
10
10
10
10
10
0
10
4.77483e-14
10
8.29411
10
3.99931
9.07538
10
10
10
10
7.02
3.80969
2.62704
9.07538
9.07538
3.80969
1.98359
9.07538
10
10
10
0.45
10
4.06873
0.45
0.45
10
9.16124
0
4.06873
3.73818
0.45
10
9.87404
4.77483e-14
10
0
10
0
10
10
10
10
10
4.06873
10
10
4.06873
10
10
10
10
10
9.07538
10
10
10
10
10
3.99931
10
3.99931
10
10
0
10
10
10
10
10
10
10
1.22211e-14
10
10
10
10
10
10
9.07538
10
10
10
9.07538
10
9.4199
10
10
10
10
10
10
10
10
10
9.44165
10
10
0
10
10
10
10
10
10
10
10
10
10
10
10
10
10
10
10
3.27482
3.27482
10
2.71663
2.71663
0
9.91271
9.91271
9.91271
0
0
0
10
10
0
5.69755
5.69755
5.69755
5.69755
5.69755
10
10
10
10
4.77483e-14
4.77483e-14
4.77483e-14
4.77483e-14
4.77483e-14
4.77483e-14
4.77483e-14
0
10
0
0
0
0
0
0
0
10
10
10
1.22211e-14
10
5.86642
10
10
10
10
10
10
10
9.4199
1.22211e-14
10
10
10
10
2.1492
0
8.57834
8.57834
10
10
1.22211e-14
10
0
10
0
0
0
0
0
1.22211e-14
0
0
1.22211e-14
0
0
10
0
0
0
0
0
10
0
10
0
0
10
10
0
10
1.22211e-14
7.38676
1.22211e-14
10
0
10
10
10
10
10
10
10
1.22211e-14
0
1.22211e-14
10
9.62
9.62
9.62
9.62
9.62
10
10
0
10
9.62
0
10
10
0
0
0
10
10
0
10
8.57834
0
6.44944
7.38676
10
10
10
10
10
0
10
10
10
10
10
10
10
0
9.9909
10
0
10
10
10
0
0
0.45
10
5.13578
10
6.42708
0.45
0.45
0.45
0.45
10
0.45
0.45
10
10
0.45
0.45
0.45
10
0.45
0.45
0.45
0.45
10
10
0.45
10
0.45
10
10
10
10
10
10
10
10
3.27482
10
3.27482
3.27482
10
3.27482
3.27482
3.27482
3.27482
3.27482
3.27482
3.27482
3.27482
3.27482
3.27482
3.27482
0.45
3.27482
10
3.27482
4.56304
3.02066
0
0
4.77483e-14
10
4.77483e-14
0
10
0
0
5.71855
5.71855
10
7.86245
10
10
1.22211e-14
5.71855
5.71855
0
10
10
10
0
10
10
10
10
10
10
10
0
10
10
5.71855
10
0
10
10
0
0
10
10
10
10
10
10
10
10
10
10
10
10
3.58604
10
10
10
10
10
10
10
10
10
10
10
10
10
10
10
10
10
10
10
0.52
10
10
10
10
10
10
10
10
10
10
10
10
10
10
10
10
10
10
10
10
10
10
10
10
10
10
10
10
10
10
10
10
0
0
10
0
0
0
0
3.58604
10
1.22211e-14
10
3.17869
7.99294
9.52596
0
3.17869
10
1.22211e-14
10
7.99294
10
3.17869
10
10
10
10
10
10
10
7.99294
4.77483e-14
7.90107
0
0
10
10
10
10
10
10
10
0
0
10
10
10
10
10
10
10
10
10
3.17869
3.17869
3.17869
3.17869
3.17869
3.17869
10
3.17869
10
10
10
10
10
10
10
10
10
10
10
10
10
3.27482
3.27482
3.27482
3.27482
3.27482
2.71663
3.27482
3.27482
2.71663
2.71663
2.71663
2.71663
2.71663
2.71663
10
10
10
8.82622
8.82622
8.82622
10
10
8.82622
8.82622
10
10
8.51294
2.73306
2.73306
2.73306
2.73306
2.73306
2.73306
2.73306
10
10
2.73306
2.73306
2.73306
10
10
10
10
10
10
10
10
10
10
10
10
10
10
10
2.73306
10
10
10
10
10
10
10
10
10
10
10
10
10
10
10
10
10
0
10
8.51294
10
0
7.29026
10
1.71767
0
10
0
10
7.29026
7.29026
10
10
1.71767
10
1.71767
1.71767
0
10
10
10
4.28983
4.28983
4.28983
10
4.28983
4.28983
7.29026
10
10
10
10
1.71767
10
10
10
10
10
10
10
10
10
10
10
10
10
10
8.51294
8.51294
8.51294
8.51294
8.51294
8.51294
8.51294
4.28983
8.51294
4.28983
4.28983
10
4.28983
4.28983
8.51294
8.51294
4.28983
4.28983
4.28983
4.28983
4.28983
10
8.51294
8.51294
8.51294
8.51294
8.51294
4.28983
8.51294
8.51294
8.51294
10
8.51294
8.51294
4.28983
4.28983
4.28983
4.28983
4.28983
4.28983
4.28983
4.28983
4.28983
8.51294
4.28983
10
10
10
10
10
10
10
10
8.51294
10
8.51294
4.28983
4.28983
8.51294
4.28983
0
0
0
3.16278
10
10
3.16278
10
10
0
7.89816
10
0
10
0
0
10
10
10
10
10
6.38449
10
10
10
10
10
10
10
10
10
10
10
10
10
10
10
10
10
10
10
10
10
10
10
10
6.88983
6.88983
10
10
10
10
10
10
10
10
7.21768
4.30316
10
0
9.08432
10
4.77483e-14
4.77483e-14
10
0
1.22211e-14
0
10
10
10
10
10
10
10
10
10
10
10
10
10
10
10
10
10
10
10
10
10
10
10
10
10
10
10
10
0.585939
10
2.95016
0.585939
0.585939
2.95016
0.585939
2.95016
2.95016
0.492626
3.16278
3.16278
3.16278
2.71663
3.16278
2.71663
2.71663
2.71663
10
10
0
0
0
6.49958
0.45
4.25016
10
10
10
10
10
10
10
0.45
0.45
4.25016
10
4.25016
0.45
3.16278
4.25016
3.16278
3.16278
3.16278
0.45
4.25016
2.71663
2.71663
2.71663
2.71663
3.16278
2.71663
10
8.87765
10
10
10
10
10
0.45
10
4.25016
1.22211e-14
3.16278
0
10
2.71663
10
7.9878
0
7.9878
10
7.9878
10
7.9878
7.9878
7.9878
10
10
10
10
10
10
10
0.45
10
10
10
10
10
10
10
10
10
4.25016
10
10
10
3.16278
10
10
10
0.45
10
2.71663
10
10
10
10
10
10
10
10
10
10
10
10
10
10
0.45
0.45
0.45
0.45
10
0.45
10
0.45
4.25016
0.45
4.25016
4.25016
4.25016
4.25016
4.25016
4.25016
3.16278
3.16278
3.16278
3.16278
3.16278
3.16278
3.16278
2.71663
2.71663
2.71663
2.71663
2.71663
2.71663
2.71663
10
1.22211e-14
6.85016
3.16278
2.71663
10
0
3.17758
3.02066
10
10
10
10
10
0
1.22211e-14
2.96433
2.47211
3.02066
3.02066
10
10
10
10
10
10
8.9186
4.91315
10
10
10
0
3.27482
2.71663
10
4.77483e-14
10
10
3.27482
2.71663
10
10
7.52751
10
9.17852
10
10
10
10
10
7.36101
10
3.59824
3.59824
10
6.15222
6.15222
6.15222
6.15222
10
6.76115
8.07877
10
9.17874
9.10591
10
10
10
10
10
10
10
10
10
3.16278
10
10
3.27482
7.76496
10
10
3.91218
8.49594
9.21585
10
10
0.45
0.45
5.30658
10
3.16278
3.27482
10
10
10
10
10
8.49594
10
10
3.16278
3.27482
0
2.6
0
10
10
10
10
10
1.04862
10
10
1.04862
10
10
10
10
10
10
2.6
2.6
10
2.6
10
2.6
10
2.6
10
10
10
10
10
10
10
10
10
10
3.27482
2.71663
10
6.24192
10
1.23175
6.17709
10
10
6.24192
10
10
6.17709
6.24192
10
6.17709
10
8.25023
10
8.5432
4.23001
6.45367
4.23001
4.23001
5.64748
5.64748
5.64748
5.64748
5.64748
5.64748
5.64748
5.64748
5.64748
10
1.22211e-14
1.22211e-14
5.64748
5.64748
5.64748
5.64748
5.64748
10
10
6.73158
10
6.73158
10
6.73158
10
6.73158
10
6.73158
6.73158
6.73158
6.73158
10
10
10
1.22211e-14
1.22211e-14
1.22211e-14
1.22211e-14
1.22211e-14
10
10
1.22211e-14
1.22211e-14
1.22211e-14
7.00935
10
7.00935
10
7.00935
4.03272
7.00935
10
7.00935
7.00935
10
10
10
7.00935
7.00935
8.17885
7.00935
10
7.00935
7.00935
7.00935
10
10
10
10
10
10
10
10
10
10
10
10
10
10
10
10
10
10
10
10
10
10
10
10
10
10
10
10
10
10
5.37829
7.64735
7.64735
7.64735
7.64735
7.64735
10
10
10
10
10
10
10
10
10
10
10
10
7.64735
7.64735
9.96919
7.64735
9.89291
4.0273
7.07601
4.0273
7.07601
7.07601
10
10
10
10
10
10
10
10
10
2.71663
2.71663
2.71663
2.71663
2.71663
2.71663
2.71663
2.71663
2.71663
2.71663
3.80376
10
10
10
4.32757
2.21372
5.06031
10
10
10
10
0
3.46806
4.23471
3.46806
9.74758
10
3.46806
10
9.74758
3.46806
9.74758
9.74758
3.46806
10
10
0
10
10
9.74758
5.00777
5.00777
0
0
0
10
0
4.23471
10
10
0
10
2.35039
3.46806
2.21372
9.74758
7.77113
10
0
10
5.00777
0
0
10
0
10
10
10
10
0
10
10
10
0
10
10
10
10
6.36405
10
6.36405
6.36405
6.36405
6.36405
6.36405
6.36405
6.36405
6.36405
6.36405
6.36405
6.36405
6.36405
6.36405
6.36405
6.36405
6.36405
6.36405
6.36405
6.36405
6.36405
6.36405
6.36405
6.36405
6.36405
6.36405
6.36405
10
10
10
10
10
6.36405
10
10
10
10
10
10
10
10
10
10
10
10
10
10
10
10
10
10
10
10
10
10
10
10
3.16278
10
4.5499
1.22211e-14
4.76621
4.76621
10
0
10
10
6.28063
10
6.28063
10
0
0
1.22211e-14
1.22211e-14
1.22211e-14
1.22211e-14
1.22211e-14
1.22211e-14
1.22211e-14
1.22211e-14
1.22211e-14
10
10
1.22211e-14
10
1.22211e-14
0
0
1.22211e-14
1.22211e-14
1.22211e-14
3.29764
0
10
3.29764
3.29764
10
10
3.29764
1.22211e-14
10
6.69052
1.22211e-14
1.22211e-14
1.22211e-14
1.22211e-14
6.69052
10
10
10
10
10
10
3.80526
3.80526
1.22211e-14
1.22211e-14
1.22211e-14
1.22211e-14
1.22211e-14
1.22211e-14
1.22211e-14
1.22211e-14
1.22211e-14
1.22211e-14
1.22211e-14
1.22211e-14
1.22211e-14
1.22211e-14
1.22211e-14
1.22211e-14
1.22211e-14
1.22211e-14
1.22211e-14
1.22211e-14
1.22211e-14
1.22211e-14
1.22211e-14
6.83471
10
10
10
3.29764
10
3.29764
3.29764
3.29764
10
10
10
10
10
10
10
10
10
10
6.83471
10
10
10
10
5.03186
8.12025
5.03186
8.12025
5.03186
5.03186
5.03186
5.03186
5.03186
8.12025
5.03186
10
10
10
5.46212
10
5.46212
10
10
10
10
10
10
10
10
10
8.38025
8.38025
4.21053
4.21053
0
0
0
1.22211e-14
10
1.22211e-14
1.22211e-14
1.22211e-14
1.22211e-14
1.22211e-14
1.22211e-14
0
8.23242
1.22211e-14
1.22211e-14
0
10
10
1.22211e-14
0
0
0
0
0
0
0
0
0
0
0
0
0
0
0
0
0
0
0
0
0
0
0
0
0
0
0
0
0
0
0
0
0
0
0
0
0
