6.79258
1.22211e-14
8.86057
0
26.2515
16.1193
18.0309
7.51993
0
6.79258
29.052
29.052
29.052
29.052
29.052
27.6688
27.6688
27.6688
27.6688
27.6688
27.6688
27.6688
27.6688
0
0
0
0
0
26.2515
26.2515
26.2515
26.2515
0
0
0
26.2515
26.2515
26.2515
26.2515
18.7193
18.7193
18.7193
18.7193
26.2515
26.2515
0
0
13.0206
8.08479
21.2238
10.235
13.7664
16.229
10.0121
5.13
14.0785
12.67
6.56065
11.2938
16.9084
15.2817
8.25712
8.32551
0
17.2857
0
13.0317
8.37524
13.0317
11.2938
8.12633
8.37524
16.9084
15.2817
8.25712
0
17.2857
0
2.6
0
0.769071
8.25712
8.37524
8.37524
16.9084
16.9084
15.2817
16.9084
3.63598
3.63598
29.052
3.63598
3.63598
0
12.417
12.74
5.52001
0
12.417
11.8206
12.74
0
17.2857
12.74
16.6105
16.6105
0
3.99788
11.8206
3.99788
3.99788
16.6105
16.9084
16.9084
6.23598
5.54501
5.54501
9.94633
9.71811
29.052
6.23598
17.2857
0
5.44522
3.99788
11.8206
1.22211e-14
7.34792
17.6908
17.6908
13.3955
13.3955
26.7042
26.7042
11.8208
11.8208
0
0
29.052
29.052
16.9568
16.9568
3.2321
16.9568
3.2321
3.2321
6.71642
12.5463
29.052
29.052
6.71642
29.052
29.052
29.052
7.56518
10.1274
16.9568
6.71642
10.1274
10.1274
16.9568
16.9568
6.71642
6.71642
7.56518
7.56518
6.71642
29.052
7.56518
10.1274
29.052
16.9568
29.052
10.1274
6.71642
10.1274
16.9568
7.56518
6.71642
16.9568
7.56518
29.052
10.1274
6.71642
29.052
16.9568
7.56518
25.1201
25.1201
25.1201
25.1201
6.71642
7.56518
29.052
10.1274
29.052
16.9568
10.1274
6.71642
7.56518
10.1274
16.9568
29.052
16.9568
6.71642
10.1274
6.71642
7.56518
29.052
7.56518
1.22211e-14
7.56518
10.1274
16.4938
6.71642
16.9568
16.9568
16.9568
7.56518
16.9568
8.83598
8.83598
29.052
16.4938
16.4938
16.4938
16.9568
8.83598
1.22211e-14
8.60659
1.22211e-14
10.1274
17.568
17.568
17.568
17.2857
17.2857
17.2857
5.62395
5.74352
5.62395
5.74352
5.74352
1.22211e-14
1.22211e-14
1.22211e-14
22.8377
22.8377
22.8377
22.8377
22.8377
16.9084
16.9084
16.9084
16.9084
16.9084
22.4181
22.4181
4.15716
29.052
17.2857
0
25.1201
5.62395
13.1154
22.4181
29.052
11.436
0
5.74352
0
0
0
1.22211e-14
0
0
0
0
0
6.82886
11.436
4.77483e-14
22.4181
2.71675
2.71675
9.79656
9.79656
0
0
1.22211e-14
14.036
14.6374
12.9039
16.9084
12.9039
16.9084
12.9039
15.1653
16.9084
22.992
22.992
22.992
22.992
4.25659
4.25659
31.4225
4.25659
31.4225
4.25659
9.35009
9.35009
31.4225
0
9.35009
0
0
13.068
12.7692
5.65
0
15.5039
15.5039
15.5039
15.5039
0
0
0
0
1.32556
1.32556
0
0
6.94561
0
23.3578
23.3578
23.3578
21.2566
8.38706
21.2566
0
0
21.8649
0
10.4
10.4
12.4483
10.4
0
21.8649
11.294
11.294
14.0785
14.0785
0
13
18.1248
18.1248
18.1248
1.22211e-14
27.6676
27.6676
4.53744
1.22211e-14
1.22211e-14
18.602
18.602
18.602
17.2857
17.2857
17.2857
5.95756
27.6676
1.22211e-14
18.602
17.2857
14.4795
14.4795
14.4795
14.4795
0
0
0
0
3.71597
7.38781
24.5296
5.95756
3.71597
11.1076
19.8916
19.8916
2.6
4.77483e-14
2.6
2.6
1.22211e-14
23.3072
1.22211e-14
2.6
5.2
1.22211e-14
1.22211e-14
1.22211e-14
27.6676
27.6676
21.8115
4.77483e-14
27.6676
9.98781
27.6676
27.6676
27.6676
3.55288
3.55288
20.7151
22.4916
3.55288
3.55288
22.0234
22.0234
27.6676
27.6676
9.98781
22.0234
9.98781
27.6676
1.91008
9.98781
1.91008
1.91008
0.899891
21.202
8.69174
16.4365
16.4365
12.7692
12.7692
7.37472
7.37472
0
0
7.95784
4.77483e-14
1.22211e-14
1.22211e-14
4.77483e-14
5.2
1.22211e-14
17.0121
5.68388
23.409
0
19.593
19.593
5.31572
5.31572
9.61904
9.61904
6.06875
0
6.06875
0
4.77483e-14
4.77483e-14
17.7653
23.4474
17.7653
23.4474
5.18869
23.4474
5.18869
5.18869
24.6987
4.77483e-14
27.6676
17.2857
14.4113
9.18875
0
1.22211e-14
24.4706
24.4706
23.1162
23.1162
7.21682
23.1162
23.409
23.409
0
0
28.3519
1.22211e-14
1.22211e-14
6.28639
20.6573
20.3878
4.77483e-14
4.77483e-14
4.77483e-14
4.77483e-14
4.77483e-14
4.77483e-14
4.77483e-14
4.77483e-14
4.77483e-14
4.77483e-14
4.77483e-14
4.77483e-14
4.77483e-14
4.77483e-14
4.77483e-14
20.3878
20.3878
20.3878
20.3878
20.3878
4.77483e-14
0
0
0
2.80569
3.20258
3.20258
2.80569
0
0
4.77483e-14
17.9335
9.21532
9.21532
22.6287
22.6287
22.6287
22.6287
16.1764
1.25448
16.1764
16.1764
17.9335
16.1764
1.25448
1.25448
17.9335
1.25448
17.9335
17.9335
17.0804
13.7734
13.7734
14.9815
1.22211e-14
13.6114
13.6114
13.6114
13.6114
13.6114
16.9562
22.9878
16.9562
16.9562
4.75088
4.75088
16.9562
4.75088
16.9562
0
4.75088
0
0
4.75088
0
14.9815
14.9815
0
14.9815
0
14.9815
0
14.9815
0
6.30639
0
6.30639
6.30639
0
4.4885
6.30639
6.30639
4.4885
4.4885
4.4885
14.3887
14.3887
4.4885
14.3887
14.3887
14.3887
9.21532
9.0038
0
0
0
19.3354
19.3354
10.7064
10.7064
12.2039
10.7064
19.3354
10.7064
6.93036
0
0
0
17.2454
0
17.2454
13.8934
11.5386
4.77483e-14
17.2454
10.2573
13.4075
7.35088
0
11.5386
0
8.38639
4.68048
15.4688
4.77483e-14
10.6339
10.6339
10.6339
13.8934
13.8934
6.93036
13.8934
6.93036
6.93036
14.0935
28.3519
14.0935
14.0935
14.0935
8.61129
8.61129
8.61129
8.61129
8.61129
8.61129
8.61129
8.61129
15.6829
15.6829
15.6829
15.6829
15.6829
15.6829
15.6829
15.6829
8.45113
9.59352
11.2113
12.2002
16.3674
16.3674
16.3674
16.3674
16.3674
11.6789
11.6789
16.3674
11.6789
11.6789
11.6789
11.6789
16.3674
11.6789
15.3834
4.77483e-14
17.4978
3.33934e-15
4.77483e-14
7.61459
13.7401
0
12.9578
6.86885
12.9578
29.2841
0
4.77483e-14
16.3464
0
0
0
0
3.33934e-15
3.33934e-15
7.87459
0
3.33934e-15
12.5369
7.98456
7.98456
25.8433
25.8433
29.2841
1.22211e-14
4.77483e-14
3.33934e-15
24.1464
0
4.10945
22.7092
4.10945
7.93852
24.1464
7.93852
0
4.37881
4.37881
0
0
0
0
0
2.15368
2.15368
5.26661
5.26661
16.4666
16.4666
1.22211e-14
4.77483e-14
1.22211e-14
4.77483e-14
3.33934e-15
3.33934e-15
5.92768
0
2.36778
1.22211e-14
13.2437
0
13.2437
0
13.2437
0
0
10.6668
19.1308
4.77483e-14
20.25
0
0
20.6801
9.56357
4.98202
9.82877
14.0471
0
4.77483e-14
4.77483e-14
4.77483e-14
4.77483e-14
4.77483e-14
4.77483e-14
26.8962
4.77483e-14
4.77483e-14
4.77483e-14
14.0471
14.0471
4.77483e-14
4.77483e-14
4.77483e-14
4.77483e-14
26.8962
14.0471
14.0471
14.0471
14.0471
14.0471
4.77483e-14
26.8962
4.77483e-14
3.33934e-15
14.0471
4.77483e-14
3.33934e-15
3.33934e-15
15.6255
15.6255
15.6255
15.6255
4.98202
9.56357
4.98202
4.98202
4.98202
9.56357
9.56357
9.56357
4.98202
4.98202
0
0
0
26.8962
4.98202
26.8962
0
0
26.8962
4.98202
26.8962
0
0
4.98202
0
26.8962
26.8962
26.8962
4.98202
4.98202
4.98202
18.2416
14.0471
13.4284
4.77483e-14
4.77483e-14
12.1469
12.1469
6.58038
12.1636
6.58038
12.1636
12.1636
0
12.1636
26.8962
6.58038
1.22211e-14
7.36038
26.8962
10.7372
10.7372
4.77483e-14
4.77483e-14
0
0
0
20.0266
4.77483e-14
0
0
9.76246
20.0266
4.77483e-14
0
0
0
22.673
7.68904
4.77483e-14
4.77483e-14
0
1.22211e-14
4.77483e-14
0
0
0
23.3578
20.8
23.3578
14.1092
23.3578
23.3578
